game = '6-max Cash', preflop situation = 'EP openraise BB 3bet EP call', stack = '90', pot = '20', bets = '33 50 75 100 125'

OOP preflop range
6c5c_0.25 6d5d_0.25 6h5h_0.25 6s5s_0.25 7c6c_0.25 7d6d_0.25 7h6h_0.25 7s6s_0.25 8c7c_0.25 8d7d_0.25 8h7h_0.25 8s7s_0.25 9c8c_0.25 9d8d_0.25 9d9c_0.25 9h8h_0.25 9h9c_0.25 9h9d_0.25 9s8s_0.25 9s9c_0.25 9s9d_0.25 9s9h_0.25 Ac3c_0.25 Ac4c_0.25 Ac5c_0.25 Ac6c_0.50 Ac7c_0.50 Ac8c_0.25 AcJc_0.50 AcKc_1 AcKd_0.50 AcKh_0.50 AcKs_0.50 AcQc_1 AcTc_0.25 Ad4d_0.25 Ad5d_0.25 Ad6d_0.50 Ad7d_0.50 Ad8d_0.25 AdAc_1 AdJd_0.50 AdKc_0.50 AdKd_1 AdKh_0.50 AdKs_0.50 AdQd_1 AdTd_0.25 Ah2h_0.50 Ah3h_0.25 Ah4h_0.25 Ah5h_0.25 Ah6h_0.50 Ah7h_0.50 Ah8h_0.25 AhAc_1 AhAd_1 AhJh_0.50 AhKc_0.50 AhKd_0.50 AhKh_1 AhKs_0.50 AhQh_1 AhTh_0.25 As2s_0.50 As3s_0.25 As4s_0.25 As5s_0.25 As6s_0.50 As7s_0.50 As8s_0.25 AsAc_1 AsAd_1 AsAh_1 AsJs_0.50 AsKc_0.50 AsKd_0.50 AsKh_0.50 AsKs_1 AsQs_1 AsTs_0.25 JcTc_0.25 JdJc_0.75 JdTd_0.25 JhJc_0.75 JhJd_0.75 JhTh_0.25 JsJc_0.75 JsJd_0.75 JsJh_0.75 JsTs_0.25 Kc9c_0.25 KcJc_0.50 KcQc_1 KcTc_0.25 Kd9d_0.25 KdJd_0.50 KdKc_1 KdQd_1 KdTd_0.25 Kh9h_0.25 KhJh_0.50 KhKc_1 KhKd_1 KhQh_1 KhTh_0.25 Ks9s_0.25 KsJs_0.50 KsKc_1 KsKd_1 KsKh_1 KsQs_1 KsTs_0.25 QcJc_0.50 QdJd_0.50 QdQc_1 QhJh_0.50 QhQc_1 QhQd_1 QsJs_0.50 QsQc_1 QsQd_1 QsQh_1 Tc9c_0.25 Td9d_0.25 TdTc_0.50 Th9h_0.25 ThTc_0.50 ThTd_0.50 Ts9s_0.25 TsTc_0.50 TsTd_0.50 TsTh_0.50

IP preflop range
6d6c_0.25 6h6c_0.25 6h6d_0.25 6s6c_0.25 6s6d_0.25 6s6h_0.25 7d7c_0.50 7h7c_0.50 7h7d_0.50 7s7c_0.50 7s7d_0.50 7s7h_0.50 8d8c_1 8h8c_1 8h8d_1 8s8c_1 8s8d_1 8s8h_1 9d9c_1 9h9c_1 9h9d_1 9s9c_1 9s9d_1 9s9h_1 Ac3c_1 Ac4c_1 Ac5c_1 Ac6c_1 Ac7c_1 Ac8c_1 Ac9c_1 AcJc_1 AcQc_0.75 AcQd_1 AcQh_1 AcQs_1 AcTc_1 Ad4d_1 Ad5d_1 Ad6d_1 Ad7d_1 Ad8d_1 Ad9d_1 AdJd_1 AdQc_1 AdQd_0.75 AdQh_1 AdQs_1 AdTd_1 Ah2h_1 Ah3h_1 Ah4h_1 Ah5h_1 Ah6h_1 Ah7h_1 Ah8h_1 Ah9h_1 AhJh_1 AhQc_1 AhQd_1 AhQh_0.75 AhQs_1 AhTh_1 As2s_1 As3s_1 As4s_1 As5s_1 As6s_1 As7s_1 As8s_1 As9s_1 AsJs_1 AsQc_1 AsQd_1 AsQh_1 AsQs_0.75 AsTs_1 JcTc_0.50 JdJc_1 JdTd_0.50 JhJc_1 JhJd_1 JhTh_0.50 JsJc_1 JsJd_1 JsJh_1 JsTs_0.50 KcJc_1 KcQc_1 KcQd_0.50 KcQh_0.50 KcQs_0.50 KdJd_1 KdQc_0.50 KdQd_1 KdQh_0.50 KdQs_0.50 KhJh_1 KhQc_0.50 KhQd_0.50 KhQh_1 KhQs_0.50 KsJs_1 KsQc_0.50 KsQd_0.50 KsQh_0.50 KsQs_1 QcJc_0.50 QdJd_0.50 QdQc_1 QhJh_0.50 QhQc_1 QhQd_1 QsJs_0.50 QsQc_1 QsQd_1 QsQh_1 Tc9c_0.25 Td9d_0.25 TdTc_1 Th9h_0.25 ThTc_1 ThTd_1 Ts9s_0.25 TsTc_1 TsTd_1 TsTh_1

root, 1 check
0 0.002 0 0 0.001 0.001 0.001 0.001 0.002 0 0.002 0.002 0.005 0 0.005 0.007 0.002 0.005 0.007 0.002 0.005 0.004 0 0 0 0 0.001 0.004 0 0 0 0.002 0.002 0 0.001 0.001 0.001 0.001 0.001 0.001 0.001 0.001 0 0.002 0 0 0.001 0.001 0.001 0 0 0 0 0.001 0.004 0 0 0 0.001 0 0 0.001 0 0.001 0.001 0 0 0 0 0.001 0.004 0 0 0 0 0.001 0 0.001 0 0 0.001 0 0 0 0 0 0 0 0 0 0 0 0 0 0 0 0 0 0 0 0 0 0 0 0 0 0 0 0 0 0 0 0 0 0 0 0 0 0 0 0 0 0 0.001 0 0.003 0.001 0.001 0.003 0.001 0.001 0.003 0.001

1 check, 2 check
0.945 0.925 0.944 0.925 0.944 0.915 0.936 0.923 0.933 0.923 0.933 0.925 0.951 0.959 0.942 0.959 0.942 0.963 0.983 0.975 0.983 0.975 0.983 0.973 0.625 0.849 0.849 0.727 0.733 0.796 0.861 0.83 0.901 0.675 0.73 0.73 0.874 0.113 0.125 0.383 0.405 0.464 0.6 0.255 0.593 0.152 0.579 0.579 0.419 0.006 0.791 0.896 0.897 0.647 0.707 0.799 0.833 0.734 0.81 0.719 0.792 0.824 0.7 0.006 0.791 0.896 0.897 0.647 0.707 0.799 0.833 0.734 0.81 0.719 0.824 0.792 0.7 0.623 0.381 0.771 0.504 0.376 0.621 0.504 0.376 0.497 0.621 0.674 0.707 0.525 0.611 0.611 0.751 0.526 0.775 0.539 0.539 0.593 0.63 0.555 0.626 0.657 0.593 0.63 0.555 0.657 0.626 0.635 0.701 0.162 0.583 0.207 0.154 0.583 0.207 0.154 0.197 0.626 0.835 0.858 0.695 0.828 0.85 0.695 0.828 0.85 0.816

1 check, 2 bet 7
0.016 0.021 0.017 0.021 0.017 0.032 0.024 0.022 0.027 0.022 0.027 0.02 0.02 0.015 0.024 0.015 0.024 0.008 0.008 0.011 0.008 0.011 0.008 0.011 0.097 0.082 0.081 0.075 0.09 0.087 0.079 0.068 0.031 0.128 0.112 0.112 0.035 0.342 0.339 0.223 0.202 0.187 0.154 0.25 0.082 0.263 0.083 0.083 0.214 0.311 0.089 0.025 0.024 0.116 0.088 0.065 0.093 0.075 0.076 0.117 0.079 0.069 0.122 0.311 0.089 0.025 0.024 0.116 0.088 0.065 0.093 0.075 0.076 0.117 0.069 0.079 0.122 0.158 0.2 0.112 0.206 0.202 0.153 0.206 0.202 0.21 0.153 0.099 0.075 0.131 0.123 0.123 0.142 0.085 0.108 0.082 0.082 0.181 0.132 0.138 0.137 0.126 0.181 0.132 0.138 0.126 0.137 0.117 0.168 0.227 0.159 0.218 0.231 0.159 0.218 0.231 0.219 0.183 0.069 0.034 0.138 0.045 0.038 0.138 0.045 0.038 0.051

2 bet 7, 1 call 7
1 1 0.998 0.998 0 1 0 0 0 1 0 0 0 1 0.998 0 1 0.987 0 1 0.987 1 1 1 1 0.875 0.837 0.975 0.999 0.999 0.997 1 1 1 0.997 0.672 0.623 0.618 0.59 0.653 0.993 0.951 1 0.942 1 1 0.959 0.948 0 0.999 1 1 0.001 0.001 0.001 0.001 0.868 0.99 0.998 0.981 0.998 0.998 1 0.669 0 0.999 1 1 0.001 0.001 0.001 0.001 0.868 0 0.99 0.998 0.981 0.998 0.998 1 0.669 0.178 0.997 0.998 1 0.992 0 1 0.992 0.999 0 0.565 0.923 0.983 0.57 1 0.999 0.001 0.999 1 0 0.033 0.001 0 0.448 0 0 0.033 0.001 0 0.001 0.448 0 0.518 0.995 0.002 0.149 0.001 0.001 0.149 0.001 0.001 0.001 0.003 1 0.999 0 1 1 0 1 1 1

2 bet 7, 1 raise 24
0 0 0.002 0.002 0.345 0 0.039 0.039 0.148 0 0.015 0.015 0.088 0 0.002 0.011 0 0.013 0.011 0 0.013 0 0 0 0 0.009 0.009 0.007 0.001 0.001 0.003 0 0 0 0.003 0.328 0.377 0.382 0.41 0.347 0.007 0.049 0 0.058 0 0 0.041 0.052 1 0.001 0 0 0.01 0.008 0.007 0.999 0.132 0.009 0.002 0.019 0.002 0.002 0 0.008 1 0.001 0 0 0.01 0.008 0.007 0.999 0.132 1 0.009 0.002 0.019 0.002 0.002 0 0.008 0.456 0.003 0.002 0 0.008 0.236 0 0.008 0.001 0.236 0.021 0.07 0.016 0.023 0 0.001 0.999 0.001 0 0.004 0.34 0.999 1 0.036 0.003 0.004 0.34 0.999 1 0.999 0.036 0.003 0.479 0.005 0.998 0.46 0.999 0.999 0.46 0.999 0.999 0.999 0.129 0 0.001 0.013 0 0 0.013 0 0 0

2 bet 7, 1 raise 24, 2 call 24
0.055 0.044 0.058 0.044 0.058 0.046 0.038 0.049 0.044 0.049 0.044 0.053 0.04 0.043 0.051 0.043 0.051 0.052 0.061 0.05 0.072 0.05 0.072 0.058 0.366 0.561 0.554 0.068 0.042 0.022 0.039 0.152 0.234 0.163 0.091 0.091 0.087 0.005 0.005 0.004 0.01 0.062 0.142 0.004 0.277 0.014 0.274 0.274 0.032 0.206 0.206 0.382 0.374 0.03 0.029 0.033 0.039 0.05 0.125 0.184 0.116 0.112 0.04 0.206 0.206 0.382 0.374 0.03 0.029 0.033 0.039 0.05 0.125 0.184 0.112 0.116 0.04 0.022 0.167 0.983 0.143 0.164 0.015 0.143 0.164 0.139 0.015 0.036 0.047 0.038 0.02 0.02 0.942 0.103 0.81 0.097 0.097 0.021 0.02 0.033 0.019 0.019 0.021 0.02 0.033 0.019 0.019 0.021 0.974 0.259 0.011 0.266 0.253 0.011 0.266 0.253 0.258 0.01 0.99 0.176 0.015 0.162 0.177 0.015 0.162 0.177 0.164

1 raise 24, 2 raise 83
0.363 0.291 0.369 0.291 0.369 0.299 0.244 0.141 0.267 0.141 0.267 0.172 0.241 0.128 0.271 0.128 0.271 0.17 0.357 0.303 0.373 0.303 0.373 0.325 0.632 0.035 0.035 0.032 0.028 0.004 0.005 0.043 0.047 0.059 0.044 0.044 0.037 0.994 0.994 0.992 0.986 0.935 0.855 0.991 0.155 0.981 0.148 0.148 0.964 0.794 0.649 0.038 0.038 0.026 0.026 0.023 0.025 0.042 0.046 0.07 0.046 0.046 0.037 0.794 0.649 0.038 0.038 0.026 0.026 0.023 0.025 0.042 0.046 0.07 0.046 0.046 0.037 0.025 0.733 0.014 0.718 0.725 0.022 0.718 0.725 0.71 0.022 0.029 0.029 0.03 0.019 0.019 0.055 0.05 0.188 0.048 0.048 0.022 0.019 0.03 0.019 0.019 0.022 0.019 0.03 0.019 0.019 0.029 0.023 0.725 0.022 0.706 0.727 0.022 0.706 0.727 0.707 0.001 0.008 0.648 0.016 0.606 0.653 0.016 0.606 0.653 0.612

1 check, 2 bet 10
0.016 0.021 0.017 0.021 0.017 0.021 0.016 0.02 0.016 0.02 0.016 0.02 0.01 0.009 0.012 0.009 0.012 0.01 0.007 0.01 0.007 0.01 0.007 0.011 0.077 0.037 0.037 0.067 0.063 0.035 0.015 0.027 0.014 0.091 0.069 0.069 0.024 0.214 0.211 0.102 0.089 0.082 0.068 0.164 0.058 0.201 0.099 0.099 0.116 0.256 0.066 0.033 0.032 0.078 0.053 0.028 0.024 0.082 0.02 0.069 0.048 0.031 0.079 0.256 0.066 0.033 0.032 0.078 0.053 0.028 0.024 0.082 0.02 0.069 0.031 0.048 0.079 0.118 0.116 0.096 0.081 0.117 0.101 0.081 0.117 0.083 0.101 0.094 0.043 0.122 0.086 0.086 0.069 0.085 0.072 0.099 0.099 0.11 0.078 0.128 0.09 0.085 0.11 0.078 0.128 0.085 0.09 0.109 0.119 0.165 0.127 0.148 0.163 0.127 0.148 0.163 0.15 0.11 0.074 0.043 0.063 0.059 0.047 0.063 0.059 0.047 0.063

2 bet 10, 1 call 10
1 1 0.999 0.999 0 1 0 0 0 1 0 0 0 1 0.757 0 0.999 0.734 0 0.999 0.734 0.999 1 1 1 0.013 0.008 0.298 1 1 0.999 1 1 1 0.997 0.839 0.807 0.901 0.902 0.897 0.984 0.925 1 0.947 1 1 0.978 0.926 0.001 0.999 1 1 0 0 0 0.002 0.759 0.967 0.999 0.591 0.999 0.999 1 0.001 0.001 0.999 1 1 0 0 0 0.002 0.759 0 0.967 0.999 0.591 0.999 0.999 1 0.001 0.024 0.566 1 0.672 0.474 0 0.672 0.475 0.711 0 0.001 0.69 0.982 0.027 1 0.997 0 0.997 1 0 0 0 0 0.214 0 0 0 0 0 0 0.214 0 0.633 0.995 0.001 0.182 0.001 0 0.182 0.001 0 0.001 0 1 0.668 0 0.992 0.647 0 0.992 0.647 0.992

2 bet 10, 1 raise 30
0 0 0.001 0.001 0.025 0 0.005 0.005 0.014 0 0.004 0.004 0.015 0 0.243 0.004 0.001 0.266 0.004 0.001 0.266 0.001 0 0 0 0.001 0.001 0.001 0 0 0.001 0 0 0 0.001 0.161 0.193 0.099 0.098 0.103 0.016 0.075 0 0.053 0 0 0.022 0.074 0.999 0.001 0 0 0.003 0.003 0.003 0.998 0.241 0.004 0.001 0.409 0.001 0.001 0 0.004 0.999 0.001 0 0 0.003 0.003 0.003 0.998 0.241 1 0.004 0.001 0.409 0.001 0.001 0 0.004 0.17 0.434 0 0.328 0.526 0.019 0.328 0.525 0.289 0.019 0.006 0.06 0.016 0.007 0 0.003 1 0.003 0 0.002 0.013 1 1 0.02 0.001 0.002 0.013 1 1 1 0.02 0.001 0.357 0.005 0.999 0.077 0.999 1 0.077 0.999 1 0.999 0.021 0 0.332 0.005 0.007 0.353 0.005 0.007 0.353 0.008

2 bet 10, 1 raise 30, 2 call 30
0.062 0.028 0.063 0.028 0.063 0.03 0.024 0.029 0.025 0.029 0.025 0.031 0.027 0.03 0.03 0.03 0.03 0.032 0.033 0.029 0.039 0.029 0.039 0.032 0.337 0.386 0.385 0.02 0.014 0.016 0.032 0.098 0.182 0.107 0.04 0.04 0.057 0.02 0.02 0.022 0.029 0.096 0.051 0.013 0.159 0.018 0.155 0.155 0.011 0.003 0.198 0.228 0.226 0.001 0.001 0 0.001 0.004 0.05 0.109 0.04 0.039 0.001 0.003 0.198 0.228 0.226 0.001 0.001 0 0.001 0.004 0.05 0.109 0.039 0.04 0.001 0 0.07 0.954 0.054 0.068 0 0.054 0.068 0.052 0 0.012 0.021 0.025 0.001 0.001 0.806 0.036 0.636 0.041 0.041 0 0.001 0.024 0 0 0 0.001 0.024 0 0 0 0.871 0.248 0 0.212 0.244 0 0.212 0.244 0.238 0 0.958 0.136 0 0.106 0.136 0 0.106 0.136 0.107

1 raise 30, 2 raise 80
0.397 0.348 0.401 0.348 0.401 0.352 0.32 0.242 0.331 0.242 0.331 0.255 0.326 0.239 0.338 0.239 0.338 0.254 0.423 0.361 0.43 0.361 0.43 0.373 0.658 0.036 0.037 0 0 0 0 0.002 0.076 0.089 0.002 0.002 0 0.98 0.98 0.975 0.968 0.901 0.946 0.987 0.082 0.981 0.066 0.066 0.986 0.997 0.654 0.002 0.002 0 0 0 0 0 0.022 0.104 0.003 0.004 0 0.997 0.654 0.002 0.002 0 0 0 0 0 0.022 0.104 0.004 0.003 0 0 0.872 0.001 0.857 0.871 0 0.857 0.871 0.853 0 0 0 0 0 0 0.185 0.001 0.361 0.001 0.001 0 0 0 0 0 0 0 0 0 0 0 0.085 0.75 0 0.787 0.755 0 0.787 0.755 0.761 0 0 0.637 0 0.607 0.641 0 0.607 0.641 0.612

1 check, 2 bet 15
0.013 0.018 0.012 0.018 0.012 0.018 0.014 0.019 0.014 0.019 0.014 0.019 0.009 0.008 0.011 0.008 0.011 0.01 0.001 0.003 0.001 0.003 0.001 0.004 0.036 0.028 0.028 0.034 0.032 0.025 0.022 0.036 0.025 0.033 0.033 0.033 0.035 0.126 0.125 0.062 0.059 0.035 0.017 0.089 0.056 0.121 0.065 0.065 0.045 0.198 0.026 0.039 0.039 0.068 0.057 0.036 0.025 0.049 0.037 0.043 0.035 0.036 0.047 0.198 0.026 0.039 0.039 0.068 0.057 0.036 0.025 0.049 0.037 0.043 0.036 0.035 0.047 0.068 0.092 0.022 0.09 0.095 0.067 0.09 0.095 0.093 0.067 0.067 0.064 0.079 0.069 0.069 0.028 0.093 0.027 0.089 0.089 0.056 0.059 0.066 0.058 0.046 0.056 0.059 0.066 0.046 0.058 0.073 0.01 0.128 0.061 0.106 0.127 0.061 0.106 0.127 0.105 0.062 0.021 0.042 0.057 0.046 0.044 0.057 0.046 0.044 0.049

2 bet 15, 1 call 15
0.999 1 0.992 0.992 0 1 0 0 0 0.999 0 0 0 0.999 0.633 0 0.465 0.608 0 0.465 0.608 0.401 0.999 0.999 0.999 0.002 0.001 0.002 0.801 0.997 0.886 0.403 0.403 0.999 0.012 0.037 0.013 0.013 0.017 0.057 0.997 0.247 1 0.565 1 1 0.609 0.371 0.353 0.992 0.999 0.999 0 0 0 0.028 0.609 0.005 0.913 0.279 0.899 0.904 0.982 0 0.353 0.992 0.999 0.999 0 0 0 0.028 0.609 0 0.005 0.913 0.279 0.904 0.899 0.982 0 0 0.074 0.998 0.173 0.05 0 0.173 0.05 0.139 0 0 0 0.531 0 0.985 0.856 0 0.834 0.986 0 0 0 0 0 0 0 0 0 0 0 0 0 0.061 0.67 0 0.002 0 0 0.002 0 0 0 0 0.999 0.661 0 0.958 0.608 0 0.958 0.608 0.891

2 bet 15, 1 raise 40
0 0 0.001 0.001 0.005 0 0.002 0.002 0.005 0 0.002 0.002 0.006 0 0.117 0.003 0.008 0.13 0.003 0.008 0.13 0.007 0.001 0 0 0.001 0.001 0.001 0.001 0.002 0.11 0.001 0.001 0.001 0 0.963 0.987 0.987 0.983 0.943 0.003 0.753 0 0.435 0 0 0.391 0.629 0.647 0.006 0.001 0.001 0.001 0.001 0.001 0.972 0.391 0.002 0.007 0.717 0.015 0.014 0.003 0.001 0.647 0.006 0.001 0.001 0.001 0.001 0.001 0.972 0.391 1 0.002 0.007 0.717 0.014 0.015 0.003 0.001 0.081 0.926 0.002 0.827 0.95 0.016 0.827 0.95 0.861 0.016 0.001 0.017 0.003 0.001 0.014 0.144 1 0.166 0.014 0.001 0.008 1 1 0.005 0.001 0.001 0.008 1 1 1 0.005 0.001 0.215 0.33 1 0.149 1 1 0.149 1 1 1 0.006 0 0.327 0.003 0.018 0.379 0.003 0.018 0.379 0.077

2 bet 15, 1 raise 40, 2 call 40
0.151 0.106 0.151 0.106 0.151 0.106 0.071 0.033 0.073 0.033 0.073 0.035 0.081 0.041 0.085 0.041 0.085 0.046 0.137 0.107 0.139 0.107 0.139 0.11 0.303 0.343 0.345 0 0 0 0 0 0.064 0 0 0 0 0.002 0.003 0.088 0.086 0.116 0.17 0.005 0.041 0.004 0.033 0.033 0.037 0.001 0.217 0.001 0.001 0 0 0 0 0 0 0.001 0 0 0 0.001 0.217 0.001 0.001 0 0 0 0 0 0 0.001 0 0 0 0 0.088 0.693 0.095 0.089 0 0.095 0.089 0.095 0 0 0 0 0 0 0.615 0 0.619 0 0 0 0 0 0 0 0 0 0 0 0 0 0.628 0.025 0 0.033 0.023 0 0.033 0.023 0.031 0 0.598 0.194 0 0.175 0.191 0 0.175 0.191 0.173

1 raise 40, 2 raise 75
0.41 0.385 0.412 0.385 0.412 0.387 0.373 0.338 0.377 0.338 0.377 0.342 0.377 0.336 0.382 0.336 0.382 0.341 0.437 0.399 0.438 0.399 0.438 0.405 0.696 0 0 0 0 0 0 0 0.001 0 0 0 0 0.998 0.997 0.912 0.914 0.884 0.83 0.995 0 0.996 0 0 0.963 0.999 0.743 0 0 0 0 0 0 0 0 0 0 0 0 0.999 0.743 0 0 0 0 0 0 0 0 0 0 0 0 0 0.91 0.03 0.903 0.91 0 0.903 0.91 0.903 0 0 0 0 0 0 0.321 0 0.361 0 0 0 0 0 0 0 0 0 0 0 0 0 0.242 0.975 0 0.966 0.977 0 0.966 0.977 0.968 0 0 0.737 0 0.668 0.737 0 0.668 0.737 0.675

1 check, 2 bet 20
0.007 0.011 0.006 0.011 0.006 0.01 0.007 0.011 0.007 0.011 0.007 0.011 0.007 0.006 0.007 0.006 0.007 0.006 0.001 0.001 0.001 0.001 0.001 0.001 0.05 0.003 0.003 0.026 0.025 0.019 0.011 0.016 0.014 0.018 0.024 0.024 0.013 0.037 0.036 0.055 0.058 0.045 0.018 0.053 0.023 0.073 0.021 0.021 0.033 0.07 0.016 0.004 0.005 0.037 0.04 0.03 0.014 0.02 0.026 0.018 0.023 0.025 0.021 0.07 0.016 0.004 0.005 0.037 0.04 0.03 0.014 0.02 0.026 0.018 0.025 0.023 0.021 0.004 0.055 0 0.058 0.056 0.011 0.058 0.056 0.058 0.011 0.011 0.036 0.025 0.04 0.04 0.009 0.028 0.012 0.027 0.027 0.014 0.038 0.023 0.037 0.036 0.014 0.038 0.023 0.036 0.037 0.019 0.001 0.073 0.024 0.082 0.074 0.024 0.082 0.074 0.081 0.002 0 0.007 0.009 0.001 0.006 0.009 0.001 0.006 0.001

2 bet 20, 1 call 20
0.646 0.976 0.072 0.072 0.001 0.943 0 0 0 0.95 0 0 0.001 0.961 0.358 0 0.251 0.347 0 0.251 0.347 0.227 0.977 0.971 0.966 0.001 0.001 0.001 0.004 0.682 0.331 0.247 0.247 0.595 0.001 0.009 0.006 0.01 0.011 0.017 0.963 0.015 0.971 0.315 0.976 0.976 0.369 0.052 0.162 0.841 0.74 0.695 0.001 0.001 0.001 0.068 0.68 0.001 0.381 0.141 0.353 0.354 0.272 0.001 0.162 0.841 0.74 0.695 0.001 0.001 0.001 0.068 0.68 0.023 0.001 0.381 0.141 0.354 0.353 0.272 0.001 0.001 0.093 0.702 0.296 0.064 0.001 0.297 0.064 0.263 0.001 0.001 0.003 0.009 0.002 0.506 0.437 0.001 0.469 0.494 0.001 0.001 0.003 0.002 0.003 0.001 0.001 0.001 0.003 0.002 0.003 0.003 0.001 0.01 0.547 0.003 0.003 0.002 0.003 0.003 0.002 0.003 0.001 0.001 0.967 0.478 0 0.41 0.441 0 0.41 0.441 0.367

2 bet 20, 1 raise 50
0.003 0.023 0.002 0.002 0.003 0.05 0.003 0.003 0.003 0.039 0.003 0.003 0.003 0.028 0.262 0.003 0.064 0.251 0.003 0.064 0.251 0.062 0.022 0.016 0.019 0.002 0.002 0.002 0.004 0.306 0.661 0.012 0.012 0.32 0.003 0.991 0.994 0.99 0.989 0.983 0.037 0.985 0.009 0.685 0.009 0.009 0.631 0.948 0.838 0.151 0.016 0.017 0.002 0.002 0.002 0.932 0.32 0.002 0.186 0.85 0.248 0.248 0.074 0.002 0.838 0.151 0.016 0.017 0.002 0.002 0.002 0.932 0.32 0.977 0.002 0.186 0.85 0.248 0.248 0.074 0.002 0.007 0.906 0.292 0.702 0.935 0.004 0.702 0.935 0.735 0.004 0.003 0.003 0.004 0.003 0.491 0.562 0.999 0.531 0.504 0.003 0.003 0.997 0.998 0.004 0.003 0.003 0.003 0.997 0.998 0.997 0.004 0.003 0.021 0.452 0.997 0.015 0.998 0.997 0.015 0.998 0.997 0.999 0.004 0.023 0.368 0.003 0.091 0.333 0.003 0.091 0.333 0.086

2 bet 20, 1 raise 50, 2 call 50
0.189 0.202 0.189 0.202 0.189 0.202 0.16 0.171 0.16 0.171 0.16 0.171 0.174 0.174 0.173 0.174 0.173 0.173 0.21 0.208 0.209 0.208 0.209 0.208 0.443 0.19 0.188 0 0 0 0 0 0.089 0 0 0 0 0.228 0.234 0.342 0.341 0.352 0.359 0.231 0.101 0.221 0.084 0.084 0.294 0.001 0.368 0 0 0 0 0 0 0 0 0 0 0 0 0.001 0.368 0 0 0 0 0 0 0 0 0 0 0 0 0 0.106 0.664 0.109 0.106 0 0.109 0.106 0.109 0 0 0 0 0 0 0.609 0 0.584 0 0 0 0 0 0 0 0 0 0 0 0 0 0.674 0.001 0 0.007 0.001 0 0.007 0.001 0.009 0 0.516 0.253 0 0.215 0.249 0 0.215 0.249 0.216

1 raise 50, 2 raise 70
0.203 0.198 0.203 0.198 0.203 0.198 0.185 0.177 0.185 0.177 0.185 0.177 0.196 0.174 0.195 0.174 0.195 0.173 0.22 0.199 0.219 0.199 0.219 0.2 0.554 0.002 0.002 0 0 0 0 0.001 0.003 0.002 0.001 0.001 0 0.772 0.766 0.658 0.659 0.648 0.641 0.769 0.002 0.779 0.002 0.002 0.706 0.999 0.598 0 0 0 0 0 0 0 0.001 0.002 0.001 0.001 0 0.999 0.598 0 0 0 0 0 0 0 0.001 0.002 0.001 0.001 0 0 0.892 0.133 0.889 0.893 0 0.889 0.893 0.89 0 0 0 0 0 0 0.391 0 0.416 0 0 0 0 0 0 0 0 0 0 0 0 0 0.325 0.999 0 0.993 0.999 0 0.993 0.999 0.991 0 0.001 0.603 0 0.552 0.598 0 0.552 0.598 0.557

1 check, 2 bet 25
0.003 0.004 0.003 0.004 0.003 0.004 0.004 0.005 0.003 0.005 0.003 0.005 0.004 0.003 0.004 0.003 0.004 0.003 0 0 0 0 0 0 0.115 0.002 0.002 0.07 0.057 0.037 0.012 0.023 0.014 0.055 0.032 0.032 0.019 0.169 0.164 0.175 0.187 0.188 0.143 0.19 0.188 0.191 0.152 0.152 0.174 0.16 0.011 0.003 0.004 0.055 0.055 0.043 0.01 0.04 0.031 0.034 0.023 0.015 0.032 0.16 0.011 0.003 0.004 0.055 0.055 0.043 0.01 0.04 0.031 0.034 0.015 0.023 0.032 0.028 0.155 0 0.06 0.155 0.046 0.06 0.155 0.059 0.046 0.056 0.075 0.119 0.071 0.071 0.001 0.182 0.007 0.164 0.164 0.045 0.062 0.091 0.052 0.049 0.045 0.062 0.091 0.049 0.052 0.047 0 0.244 0.046 0.24 0.25 0.046 0.24 0.25 0.248 0.016 0 0.015 0.038 0.021 0.015 0.038 0.021 0.015 0.021

2 bet 25, 1 call 25
0 0.886 0 0 0 0.443 0 0 0 0.327 0 0 0 0.364 0.034 0 0.042 0.031 0 0.042 0.031 0.038 0.958 0.394 0.362 0 0 0 0 0.61 0.091 0.015 0.015 0.434 0 0 0 0.001 0.007 0.053 0.867 0.004 0.998 0.234 0.998 0.998 0.229 0.118 0.037 0.539 0 0 0 0 0 0.003 0.79 0 0.202 0.014 0.17 0.171 0.001 0 0.037 0.539 0 0 0 0 0 0.003 0.79 0 0 0.202 0.014 0.171 0.17 0.001 0 0 0.001 0.922 0.181 0.001 0 0.181 0.001 0.143 0 0 0 0 0 0.932 0.524 0 0.474 0.952 0 0 0 0 0 0 0 0 0 0 0 0 0 0 0.457 0 0 0 0 0 0 0 0 0 0.483 0.211 0 0.25 0.188 0 0.25 0.188 0.199

2 bet 25, 1 raise 90
0 0.114 0 0 0 0.002 0 0 0 0.001 0 0 0 0.001 0.217 0 0.005 0.209 0 0.005 0.209 0.005 0.042 0.001 0.001 0 0 0 0 0.389 0.908 0.028 0.028 0.381 0 1 1 0.999 0.993 0.947 0.133 0.996 0 0.766 0.001 0.001 0.771 0.882 0.963 0.461 0 0 0 0 0 0.997 0.21 0 0.096 0.985 0.189 0.188 0.004 0 0.963 0.461 0 0 0 0 0 0.997 0.21 1 0 0.096 0.985 0.188 0.189 0.004 0 0 0.999 0.064 0.818 0.999 0 0.818 0.999 0.857 0 0 0 0 0 0.066 0.475 1 0.525 0.047 0 0 1 1 0 0 0 0 1 1 1 0 0 0 0.542 1 0 1 1 0 1 1 1 0 0.001 0.341 0 0.005 0.319 0 0.005 0.319 0.004

2 bet 25, 1 raise 90, 2 call 90
0.582 0.57 0.584 0.57 0.584 0.572 0.523 0.518 0.526 0.518 0.526 0.521 0.534 0.52 0.536 0.52 0.536 0.521 0.634 0.621 0.633 0.621 0.633 0.623 0.996 0.002 0.002 0 0 0 0 0 0.004 0.001 0.001 0.001 0 1 1 1 1 1 1 1 0.004 1 0.006 0.006 1 1 0.996 0 0 0 0 0 0 0 0.001 0.001 0.001 0.001 0 1 0.996 0 0 0 0 0 0 0 0.001 0.001 0.001 0.001 0 0 0.998 0.167 0.998 0.998 0 0.998 0.998 0.998 0 0 0 0 0 0 0.994 0 0.997 0 0 0 0 0 0 0 0 0 0 0 0 0 0.702 1 0 1 1 0 1 1 1 0 0.043 0.997 0 0.996 0.997 0 0.996 0.997 0.997

root, 1 bet 7
0 0.026 0.001 0.001 0.001 0.006 0.001 0.001 0.002 0.024 0.006 0.006 0.03 0.003 0.086 0.083 0.031 0.103 0.083 0.031 0.103 0.077 0.008 0.021 0.012 0.001 0.003 0.074 0.001 0.007 0.024 0.005 0.005 0.006 0.002 0 0 0 0.001 0.003 0.023 0.013 0.001 0.016 0.014 0.014 0.007 0.057 0.006 0.001 0.015 0.014 0 0.001 0.001 0.013 0.027 0.002 0.024 0.006 0.004 0.006 0.003 0.024 0.006 0.001 0.015 0.014 0 0.001 0.001 0.013 0.027 0.005 0.002 0.024 0.006 0.006 0.004 0.003 0.024 0.034 0.01 0.044 0.006 0.006 0.018 0.006 0.006 0.001 0.018 0.062 0.003 0.001 0.007 0.045 0.013 0 0.007 0.022 0 0.002 0 0.004 0.003 0 0 0.002 0 0.004 0.003 0.003 0 0.008 0.009 0.001 0.007 0.001 0.001 0.007 0.001 0.001 0 0.069 0.023 0.028 0.011 0.025 0.071 0.011 0.025 0.071 0.103

1 bet 7, 2 call 7
0.996 0.988 0.997 0.988 0.997 0.99 0.945 0.888 0.945 0.888 0.945 0.854 0.958 0.572 0.937 0.572 0.937 0.591 0.999 0.994 0.999 0.994 0.999 0.997 0.928 1 1 0.003 0.002 0.001 0 0.997 0.999 0.881 0.068 0.068 0.463 0.356 0.572 0.857 0.678 0.82 0.963 0.926 0.71 0.997 0.718 0.719 0.857 0.654 0.885 0.998 0.998 0 0 0 0 0.27 0.12 0.894 0.287 0.285 0.08 0.654 0.885 0.998 0.998 0 0 0 0 0.27 0.12 0.894 0.285 0.287 0.08 0.213 0.699 1 0.885 0.763 0.017 0.885 0.763 0.96 0.017 0.982 0.995 0.608 0 0 1 0.786 1 0.891 0.891 0.251 0.007 0.958 0.009 0.008 0.251 0.007 0.958 0.008 0.009 0.882 1 0.744 0.003 0.774 0.495 0.003 0.774 0.495 0.695 0 1 0.99 0 0.98 0.999 0 0.98 0.999 0.996

1 bet 7, 2 raise 24
0.003 0.012 0.003 0.012 0.003 0.01 0.054 0.076 0.055 0.076 0.055 0.144 0.039 0.005 0.062 0.005 0.062 0.079 0.001 0.002 0.001 0.002 0.001 0.002 0.072 0 0 0.005 0.004 0.002 0 0.002 0.001 0.118 0.018 0.018 0.002 0.644 0.428 0.143 0.322 0.18 0.037 0.074 0.29 0.003 0.281 0.281 0.143 0.346 0.115 0.002 0.002 0.001 0.001 0 0 0.266 0.032 0.105 0.027 0.025 0.022 0.346 0.115 0.002 0.002 0.001 0.001 0 0 0.266 0.032 0.105 0.025 0.027 0.022 0.003 0.301 0 0.115 0.237 0 0.115 0.237 0.04 0 0.01 0.005 0.169 0.002 0.002 0 0.214 0 0.109 0.109 0.015 0.011 0.042 0.009 0.007 0.015 0.011 0.042 0.007 0.009 0.003 0 0.256 0.003 0.226 0.505 0.003 0.226 0.505 0.305 0 0 0.01 0 0.02 0.001 0 0.02 0.001 0.004

1 bet 7, 2 raise 24, 1 call  24
0.268 0.879 0 0 0 0.998 0 0 0 0.999 0 0 0 0.998 0.633 0 0.487 0.627 0 0.487 0.627 0.485 0.688 0.998 0.998 0 0 0 0 0.952 0.198 0.558 0.558 0.804 0 0 0 0 0 0 0.485 0 0.999 0 1 1 0 0 0.201 0.014 0.786 0.772 0 0 0 0.201 0.212 0 0.486 0.005 0.484 0.485 0.052 0 0.201 0.014 0.786 0.772 0 0 0 0.201 0.212 0.003 0 0.486 0.005 0.485 0.484 0.052 0 0 0.311 1 0.804 0.14 0 0.804 0.14 0.936 0 0 0 0 0 0.999 0.998 0 0.985 0.999 0 0 0 0 0 0 0 0 0 0 0 0 0 0 0.91 0.002 0 0.011 0.001 0 0.011 0.001 0.002 0 0.999 0.532 0 0.516 0.494 0 0.516 0.494 0.482

2 raise 24, 1 raise  83
0 0.121 0 0 0 0 0 0 0 0 0 0 0 0 0.123 0 0.002 0.128 0 0.002 0.128 0.002 0.312 0.002 0.002 0 0 0 0 0.048 0.801 0.024 0.024 0.166 0 1 1 1 1 1 0.515 1 0 1 0 0 1 1 0.799 0.986 0 0.001 0 0 0 0.799 0.788 0 0.511 0.995 0.514 0.513 0.395 0 0.799 0.986 0 0.001 0 0 0 0.799 0.788 0.997 0 0.511 0.995 0.513 0.514 0.395 0 0 0.689 0 0.196 0.86 0 0.196 0.86 0.063 0 0 0 0 0 0.001 0.002 1 0.015 0.001 0 0 1 1 0 0 0 0 1 1 1 0 0 0 0.09 0.998 0 0.989 0.999 0 0.989 0.999 0.998 0 0 0.44 0 0.006 0.467 0 0.006 0.467 0.007

root, 1 bet 10
0.063 0.376 0.16 0.16 0.001 0.271 0.009 0.009 0.123 0.447 0.069 0.069 0.308 0.335 0.492 0.308 0.43 0.479 0.308 0.43 0.479 0.405 0.125 0.428 0.409 0.126 0.228 0.329 0.004 0.21 0.234 0.167 0.167 0.136 0.371 0.001 0.001 0.067 0.032 0.173 0.369 0.204 0.215 0.212 0.201 0.201 0.15 0.371 0.106 0.081 0.38 0.327 0.027 0.05 0.084 0.222 0.427 0.092 0.213 0.162 0.112 0.113 0.113 0.252 0.106 0.081 0.38 0.327 0.027 0.05 0.084 0.222 0.427 0.184 0.092 0.213 0.162 0.113 0.112 0.113 0.252 0.399 0.184 0.529 0.225 0.263 0.203 0.225 0.263 0.247 0.203 0.364 0.349 0.039 0.359 0.478 0.374 0.003 0.164 0.637 0.193 0.06 0.034 0.05 0.032 0.168 0.193 0.06 0.034 0.05 0.096 0.032 0.168 0.257 0.23 0.003 0.194 0.069 0.007 0.194 0.069 0.007 0.031 0.438 0.189 0.509 0.481 0.575 0.515 0.481 0.575 0.515 0.574

1 bet 10, 2 call 10
1 1 1 1 1 1 1 0.332 1 0.332 1 0.627 0.993 0.004 0.998 0.004 0.998 0.164 1 0.565 1 0.565 1 0.702 1 1 1 0 0 0 0 0.998 1 0.653 0 0 0.096 0.688 0.775 0.807 0.631 0.775 0.99 0.998 0.827 1 0.8 0.8 0.959 1 0.851 1 1 0 0 0 0 0.055 0 0.965 0 0 0 1 0.851 1 1 0 0 0 0 0.055 0 0.965 0 0 0 0 0.947 1 0.994 0.823 0 0.994 0.823 0.998 0 0.202 0.691 0.001 0 0 1 0.852 1 0.961 0.961 0 0 0.925 0 0 0 0 0.925 0 0 0.363 1 0.826 0 0.681 0.597 0 0.681 0.597 0.704 0 1 1 0 1 1 0 1 1 1

1 bet 10, 2 raise 30
0 0 0 0 0 0 0 0.002 0 0.002 0 0.138 0.001 0.001 0.002 0.001 0.002 0.004 0 0 0 0 0 0 0 0 0 0 0 0 0 0 0 0.032 0 0 0 0.312 0.225 0.193 0.369 0.225 0.01 0.002 0.173 0 0.2 0.2 0.041 0 0.149 0 0 0 0 0 0 0.083 0 0.035 0 0 0 0 0.149 0 0 0 0 0 0 0.083 0 0.035 0 0 0 0 0.053 0 0.006 0.177 0 0.006 0.177 0.002 0 0 0 0 0 0 0 0.145 0 0.039 0.039 0 0 0 0 0 0 0 0 0 0 0 0 0.174 0 0.319 0.403 0 0.319 0.403 0.296 0 0 0 0 0 0 0 0 0 0

1 bet 10, 2 raise 30, 1 call  30
0 0.578 0 0 0 0.589 0 0 0 0.65 0 0 0 0.409 0.317 0 0.477 0.313 0 0.477 0.313 0.47 0.488 0.912 0.919 0 0 0 0 0.59 0.001 0.33 0.33 0.243 0 0 0 0 0 0.001 0.06 0 0.696 0.056 0.726 0.726 0.078 0.006 0 0.343 0.009 0.014 0 0 0 0 0.118 0 0.401 0 0.411 0.412 0.002 0 0 0.343 0.009 0.014 0 0 0 0 0.118 0 0 0.401 0 0.412 0.411 0.002 0 0 0.243 0.502 0.5 0.096 0 0.5 0.096 0.508 0 0 0 0 0 1 0.999 0 0.27 1 0 0 0 0 0 0 0 0 0 0 0 0 0 0 0.954 0 0 0 0 0 0 0 0 0 0.415 0.283 0 0.495 0.276 0 0.495 0.276 0.489

2 raise 30, 1 raise  80
0 0.422 0 0 0 0.003 0 0 0 0 0 0 0 0 0.317 0 0.001 0.321 0 0.001 0.321 0.001 0.512 0 0 0 0 0 0 0.41 0.999 0.155 0.155 0.235 0 1 1 1 1 0.999 0.94 1 0 0.944 0 0 0.922 0.994 1 0.657 0 0 0 0 0 1 0.882 0 0.4 1 0.418 0.417 0.372 0 1 0.657 0 0 0 0 0 1 0.882 1 0 0.4 1 0.417 0.418 0.372 0 0 0.757 0 0.5 0.904 0 0.5 0.904 0.478 0 0 0 0 0 0 0 1 0.729 0 0 0 1 1 0 0 0 0 1 1 1 0 0 0 0 1 0 1 1 0 1 1 1 0 0 0.521 0 0.012 0.525 0 0.012 0.525 0.013

root, 1 bet 15
0.85 0.228 0.8 0.8 0.226 0.663 0.033 0.033 0.155 0.529 0.044 0.044 0.185 0.662 0.246 0.149 0.319 0.213 0.149 0.319 0.213 0.297 0.351 0.551 0.578 0.331 0.231 0.225 0.494 0.394 0.422 0.364 0.364 0.433 0.517 0.381 0.337 0.264 0.179 0.212 0.49 0.405 0.396 0.346 0.372 0.372 0.364 0.201 0.386 0.288 0.505 0.52 0.299 0.2 0.281 0.435 0.394 0.357 0.315 0.304 0.319 0.319 0.355 0.494 0.386 0.288 0.505 0.52 0.299 0.2 0.281 0.435 0.394 0.349 0.357 0.315 0.304 0.319 0.319 0.355 0.494 0.32 0.426 0.356 0.449 0.434 0.372 0.449 0.434 0.473 0.372 0.269 0.332 0.389 0.453 0.366 0.484 0.322 0.295 0.245 0.289 0.271 0.331 0.3 0.319 0.472 0.289 0.271 0.331 0.3 0.314 0.319 0.472 0.355 0.513 0.264 0.348 0.234 0.198 0.348 0.234 0.198 0.169 0.286 0.477 0.3 0.339 0.316 0.263 0.339 0.316 0.263 0.277

1 bet 15, 2 call 15
1 0.977 1 0.977 1 0.993 0.33 0 0.57 0 0.57 0.001 0.37 0.002 0.533 0.002 0.533 0.003 0.987 0.022 0.994 0.022 0.994 0.111 1 1 1 0 0 0 0 0.282 1 0.183 0 0 0 0.994 0.997 0.612 0.47 0.677 0.971 1 0.987 1 0.923 0.923 0.999 1 0.831 1 1 0 0 0 0 0 0 0.693 0 0 0 1 0.831 1 1 0 0 0 0 0 0 0.693 0 0 0 0 0.998 1 0.998 0.85 0 0.998 0.85 0.999 0 0.002 0.329 0.002 0 0 1 0.158 1 0.13 0.13 0 0 0.399 0 0 0 0 0.399 0 0 0 1 0.974 0 0.668 0.646 0 0.668 0.645 0.509 0 1 1 0 0.982 1 0 0.982 1 0.974

1 bet 15, 2 raise 40
0 0 0 0 0 0 0 0 0 0 0 0 0 0 0 0 0 0 0 0 0 0 0 0 0 0 0 0 0 0 0 0 0 0.001 0 0 0 0.006 0.003 0.388 0.53 0.323 0.029 0 0.013 0 0.077 0.077 0.001 0 0.169 0 0 0 0 0 0 0 0 0 0 0 0 0 0.169 0 0 0 0 0 0 0 0 0 0 0 0 0 0.002 0 0.002 0.15 0 0.002 0.15 0.001 0 0 0 0 0 0 0 0.022 0 0.127 0.127 0 0 0 0 0 0 0 0 0 0 0 0 0.026 0 0.332 0.354 0 0.332 0.355 0.491 0 0 0 0 0.012 0 0 0.012 0 0.011

1 bet 15, 2 raise 40, 1 call  40
0 0.923 0 0 0 0.455 0 0 0 0.406 0 0 0 0.05 0.273 0 0.783 0.262 0 0.783 0.262 0.772 0.001 0.728 0.76 0 0 0 0 0.913 0 0.002 0.002 0.241 0 0.139 0.137 0.272 0.274 0.274 0 0.293 0.024 0.177 0.031 0.031 0.008 0.339 0 0.019 0 0 0 0 0 0 0.064 0 0.334 0 0.337 0.341 0.322 0 0 0.019 0 0 0 0 0 0 0.064 0 0 0.334 0 0.341 0.337 0.322 0 0 0.004 0.001 0.451 0.004 0 0.451 0.004 0.493 0 0 0 0 0 0.999 0.999 0 0.881 1 0 0 0 0 0 0 0 0 0 0 0 0 0 0 0.466 0 0 0 0 0 0 0 0 0 0.001 0.297 0 0.724 0.284 0 0.724 0.284 0.714

2 raise 40, 1 raise  75
0 0.077 0 0 0 0.001 0 0 0 0 0 0 0 0 0.399 0 0.001 0.407 0 0.001 0.407 0.001 0.999 0.001 0.001 0 0 0 0 0.087 0.998 0.001 0.001 0.006 0 0.861 0.863 0.728 0.726 0.726 1 0.707 0 0.823 0 0 0.992 0.661 1 0.981 0 0 0 0 0 1 0.936 0 0.135 1 0.147 0.145 0.034 0 1 0.981 0 0 0 0 0 1 0.936 1 0 0.135 1 0.145 0.147 0.034 0 0 0.995 0 0.548 0.996 0 0.548 0.996 0.506 0 0 0 0 0 0.001 0 1 0.116 0 0 0 1 1 0 0 0 0 1 1 1 0 0 0 0 1 0 1 1 0 1 1 1 0 0 0.574 0 0.004 0.585 0 0.004 0.585 0.005

root, 1 bet 20
0.086 0.369 0.039 0.039 0.734 0.059 0.687 0.687 0.585 0 0.521 0.521 0.426 0 0.156 0.312 0.215 0.176 0.312 0.215 0.176 0.215 0.329 0 0 0.521 0.494 0.351 0.501 0.386 0.25 0.461 0.461 0.422 0.109 0.604 0.646 0.516 0.651 0.512 0.116 0.378 0.388 0.422 0.413 0.413 0.474 0.364 0.489 0.404 0.1 0.138 0.65 0.646 0.589 0.325 0.151 0.548 0.437 0.49 0.493 0.49 0.525 0.229 0.489 0.404 0.1 0.138 0.65 0.646 0.589 0.325 0.151 0.428 0.548 0.437 0.49 0.49 0.493 0.525 0.229 0.246 0.373 0.071 0.313 0.293 0.402 0.313 0.293 0.276 0.402 0.304 0.315 0.57 0.18 0.111 0.128 0.661 0.534 0.097 0.499 0.656 0.585 0.613 0.61 0.355 0.499 0.656 0.585 0.613 0.541 0.61 0.355 0.379 0.247 0.616 0.413 0.533 0.703 0.413 0.532 0.703 0.662 0.202 0.311 0.156 0.156 0.081 0.144 0.156 0.081 0.144 0.045

1 bet 20, 2 call 20
0.995 0 0.986 0 0.986 0 0.001 0 0 0 0 0 0.258 0 0.142 0 0.142 0 0.856 0.002 0.726 0.002 0.726 0 0.999 0.999 0.999 0 0 0 0 0 0.999 0.003 0 0 0 0.168 0.729 0.283 0.457 0.756 0.918 1 0.837 1 0.631 0.631 0.999 1 0.547 0.853 0.784 0 0 0 0 0 0 0.242 0 0 0 1 0.547 0.853 0.784 0 0 0 0 0 0 0.242 0 0 0 0 0.754 1 1 0.604 0 1 0.604 1 0 0 0.153 0.283 0 0 0.946 0.205 0.801 0.059 0.059 0 0 0.236 0 0 0 0 0.236 0 0 0 1 0.911 0 0.704 0.373 0 0.704 0.373 0.338 0 1 0.894 0 0.586 0.906 0 0.586 0.906 0.379

1 bet 20, 2 raise 50
0 0 0 0 0 0 0 0 0 0 0 0 0 0 0 0 0 0 0 0 0 0 0 0 0.001 0.001 0.001 0 0 0 0 0 0 0 0 0 0 0.832 0.271 0.717 0.543 0.244 0.082 0 0 0 0 0 0.001 0 0.453 0 0 0 0 0 0 0 0 0 0 0 0 0 0.453 0 0 0 0 0 0 0 0 0 0 0 0 0 0.246 0 0 0.396 0 0 0.396 0 0 0 0 0 0 0 0.054 0 0.199 0 0 0 0 0 0 0 0 0 0 0 0 0 0 0.089 0 0.296 0.627 0 0.296 0.627 0.662 0 0 0.105 0 0 0.093 0 0 0.093 0

1 bet 20, 2 raise 50, 1 call  50
0 1 0 0 0 0.116 0 0 0 0.005 0 0 0 0.004 0.994 0 1 0.994 0 1 0.994 1 0.024 1 1 0 0 0 0 1 0 0 0 0.914 0 0.001 0.001 0.256 0.26 0.242 0 0.385 0 0.042 0 0 0.188 0.26 0 0.535 0 0 0 0 0 0 0 0 0.48 0 0.467 0.473 0.848 0 0 0.535 0 0 0 0 0 0 0 0 0 0.479 0 0.473 0.467 0.848 0 0 0.01 0.007 0.168 0.01 0 0.168 0.01 0.168 0 0 0 0 0 1 1 0 1 1 0 0 0 0 0 0 0 0 0 0 0 0 0 0 0.007 0 0 0 0 0 0 0 0 0 0.005 0.711 0 0.998 0.709 0 0.998 0.709 0.998

2 raise 50, 1 raise  70
0 0 0 0 0 0 0 0 0 0 0 0 0 0 0.006 0 0 0.006 0 0 0.006 0 0.976 0 0 0 0 0 0 0 1 0 0 0 0 0.999 0.999 0.744 0.74 0.758 1 0.615 0 0.958 0 0 0.812 0.74 1 0.465 0 0 0 0 0 1 1 0 0.001 1 0.001 0.001 0 0 1 0.465 0 0 0 0 0 1 1 1 0 0.001 1 0.001 0.001 0 0 0 0.99 0 0.832 0.99 0 0.832 0.99 0.832 0 0 0 0 0 0 0 1 0 0 0 0 1 1 0 0 0 0 1 1 1 0 0 0 0 1 0 1 1 0 1 1 1 0 0 0.289 0 0.002 0.291 0 0.002 0.291 0.002

root, 1 bet 25
0 0 0 0 0.038 0 0.27 0.27 0.134 0 0.358 0.358 0.047 0 0.016 0.142 0.002 0.025 0.142 0.002 0.025 0.002 0.187 0 0 0.02 0.044 0.016 0 0.004 0.07 0.003 0.003 0.003 0 0.013 0.016 0.152 0.136 0.099 0.001 0 0 0.002 0 0 0.004 0.007 0.013 0.226 0 0 0.023 0.102 0.041 0.005 0.001 0.001 0.01 0.037 0.072 0.071 0.004 0.001 0.013 0.226 0 0 0.023 0.102 0.041 0.005 0.001 0.034 0.001 0.01 0.037 0.071 0.072 0.004 0.001 0.001 0.006 0 0.007 0.004 0.004 0.007 0.004 0.003 0.004 0.002 0.001 0.001 0.001 0 0 0.013 0 0 0.019 0.01 0.049 0.033 0.037 0.003 0.019 0.01 0.049 0.033 0.046 0.037 0.003 0.001 0 0.115 0.038 0.164 0.092 0.038 0.164 0.092 0.137 0.004 0 0.004 0.013 0.002 0.004 0.013 0.002 0.004 0.001

1 bet 25, 2 call 25
0.153 0.001 0.063 0.001 0.063 0.001 0.018 0 0.001 0 0.001 0 0.157 0.001 0.01 0.001 0.01 0.001 0.341 0.102 0.269 0.102 0.269 0.036 0.358 0.969 0.969 0 0 0 0 0.001 0.465 0.009 0.003 0.003 0 0.006 0.006 0.226 0.382 0.456 0.396 0.595 0.503 0.484 0.338 0.338 0.421 0.694 0.335 0.449 0.449 0 0 0 0 0 0.035 0.08 0.005 0.006 0 0.694 0.335 0.449 0.449 0 0 0 0 0 0.035 0.08 0.006 0.005 0 0 0.585 0.994 0.894 0.567 0 0.894 0.567 0.845 0 0.001 0.203 0.015 0.002 0.002 0.982 0.016 0.501 0.004 0.004 0 0.037 0.107 0.012 0.01 0 0.037 0.107 0.01 0.012 0 0.985 0.513 0 0.494 0.332 0 0.494 0.332 0.382 0 0.994 0.436 0 0.397 0.415 0 0.397 0.415 0.362

1 bet 25, 2 raise 90
0.115 0.004 0.015 0.004 0.015 0.003 0.006 0.002 0.004 0.002 0.004 0.002 0.008 0.003 0.006 0.003 0.006 0.002 0.074 0.003 0.032 0.003 0.032 0.003 0.639 0.002 0.002 0 0 0 0 0 0.001 0.001 0 0 0 0.994 0.994 0.774 0.618 0.544 0.604 0.405 0 0.516 0 0 0.579 0.306 0.654 0 0 0 0 0 0 0 0 0.001 0 0 0 0.306 0.654 0 0 0 0 0 0 0 0 0.001 0 0 0 0 0.412 0.004 0.098 0.43 0 0.098 0.43 0.13 0 0 0 0 0 0 0.018 0 0.499 0 0 0 0 0 0 0 0 0 0 0 0 0 0.015 0.487 0 0.506 0.668 0 0.506 0.668 0.618 0 0.003 0.305 0 0.014 0.278 0 0.014 0.278 0.01

1 bet 25, 2 raise 90, 1 call  90
0 1 0 0 0 0 0 0 0 0 0 0 0 0 1 0 1 1 0 1 1 1 1 0.427 0.478 0 0 0 0.07 1 1 1 1 1 0 1 1 1 1 1 1 1 0 1 0 0 1 1 1 1 0 0 0 0 0 1 1 0 1 1 1 1 1 0 1 1 0 0 0 0 0 1 1 1 0 1 1 1 1 1 0 0 1 0 1 1 0 1 1 1 0 0 0 0 0 1 1 1 1 1 0 0 1 1 0 0 0 0 1 1 1 0 0 0 0.994 1 0 1 1 0 1 1 1 0 0 1 0 1 1 0 1 1 1
