game = '6-max Cash', preflop situation = 'EP openraise BB 3bet EP call', stack = '90', pot = '20', bets = '33 50 75 100 125'

OOP preflop range
6c5c_0.25 6d5d_0.25 6h5h_0.25 6s5s_0.25 7c6c_0.25 7d6d_0.25 7h6h_0.25 7s6s_0.25 8c7c_0.25 8d7d_0.25 8h7h_0.25 8s7s_0.25 9c8c_0.25 9d8d_0.25 9d9c_0.25 9h8h_0.25 9h9c_0.25 9h9d_0.25 9s8s_0.25 9s9c_0.25 9s9d_0.25 9s9h_0.25 Ac2c_0.50 Ac3c_0.25 Ac4c_0.25 Ac5c_0.25 Ac6c_0.50 Ac7c_0.50 Ac8c_0.25 AcJc_0.50 AcKc_1 AcKd_0.50 AcKh_0.50 AcKs_0.50 AcQc_1 AcTc_0.25 Ad2d_0.50 Ad3d_0.25 Ad5d_0.25 Ad6d_0.50 Ad7d_0.50 Ad8d_0.25 AdAc_1 AdJd_0.50 AdKc_0.50 AdKd_1 AdKh_0.50 AdKs_0.50 AdQd_1 AdTd_0.25 Ah4h_0.25 Ah5h_0.25 Ah6h_0.50 Ah7h_0.50 Ah8h_0.25 AhAc_1 AhAd_1 AhJh_0.50 AhKc_0.50 AhKd_0.50 AhKh_1 AhKs_0.50 AhQh_1 AhTh_0.25 As2s_0.50 As3s_0.25 As4s_0.25 As5s_0.25 As6s_0.50 As7s_0.50 As8s_0.25 AsAc_1 AsAd_1 AsAh_1 AsJs_0.50 AsKc_0.50 AsKd_0.50 AsKh_0.50 AsKs_1 AsQs_1 AsTs_0.25 JcTc_0.25 JdJc_0.75 JdTd_0.25 JhJc_0.75 JhJd_0.75 JhTh_0.25 JsJc_0.75 JsJd_0.75 JsJh_0.75 JsTs_0.25 Kc9c_0.25 KcJc_0.50 KcQc_1 KcTc_0.25 Kd9d_0.25 KdJd_0.50 KdKc_1 KdQd_1 KdTd_0.25 Kh9h_0.25 KhJh_0.50 KhKc_1 KhKd_1 KhQh_1 KhTh_0.25 Ks9s_0.25 KsJs_0.50 KsKc_1 KsKd_1 KsKh_1 KsQs_1 KsTs_0.25 QcJc_0.50 QdJd_0.50 QdQc_1 QhJh_0.50 QhQc_1 QhQd_1 QsJs_0.50 QsQc_1 QsQd_1 QsQh_1 Tc9c_0.25 Td9d_0.25 TdTc_0.50 Th9h_0.25 ThTc_0.50 ThTd_0.50 Ts9s_0.25 TsTc_0.50 TsTd_0.50 TsTh_0.50

IP preflop range
6d6c_0.25 6h6c_0.25 6h6d_0.25 6s6c_0.25 6s6d_0.25 6s6h_0.25 7d7c_0.50 7h7c_0.50 7h7d_0.50 7s7c_0.50 7s7d_0.50 7s7h_0.50 8d8c_1 8h8c_1 8h8d_1 8s8c_1 8s8d_1 8s8h_1 9d9c_1 9h9c_1 9h9d_1 9s9c_1 9s9d_1 9s9h_1 Ac2c_1 Ac3c_1 Ac4c_1 Ac5c_1 Ac6c_1 Ac7c_1 Ac8c_1 Ac9c_1 AcJc_1 AcQc_0.75 AcQd_1 AcQh_1 AcQs_1 AcTc_1 Ad2d_1 Ad3d_1 Ad5d_1 Ad6d_1 Ad7d_1 Ad8d_1 Ad9d_1 AdJd_1 AdQc_1 AdQd_0.75 AdQh_1 AdQs_1 AdTd_1 Ah4h_1 Ah5h_1 Ah6h_1 Ah7h_1 Ah8h_1 Ah9h_1 AhJh_1 AhQc_1 AhQd_1 AhQh_0.75 AhQs_1 AhTh_1 As2s_1 As3s_1 As4s_1 As5s_1 As6s_1 As7s_1 As8s_1 As9s_1 AsJs_1 AsQc_1 AsQd_1 AsQh_1 AsQs_0.75 AsTs_1 JcTc_0.50 JdJc_1 JdTd_0.50 JhJc_1 JhJd_1 JhTh_0.50 JsJc_1 JsJd_1 JsJh_1 JsTs_0.50 KcJc_1 KcQc_1 KcQd_0.50 KcQh_0.50 KcQs_0.50 KdJd_1 KdQc_0.50 KdQd_1 KdQh_0.50 KdQs_0.50 KhJh_1 KhQc_0.50 KhQd_0.50 KhQh_1 KhQs_0.50 KsJs_1 KsQc_0.50 KsQd_0.50 KsQh_0.50 KsQs_1 QcJc_0.50 QdJd_0.50 QdQc_1 QhJh_0.50 QhQc_1 QhQd_1 QsJs_0.50 QsQc_1 QsQd_1 QsQh_1 Tc9c_0.25 Td9d_0.25 TdTc_1 Th9h_0.25 ThTc_1 ThTd_1 Ts9s_0.25 TsTc_1 TsTd_1 TsTh_1

root, 1 check
0.001 0.002 0 0.001 0 0 0.002 0 0.002 0 0 0.002 0.016 0.003 0.002 0 0 0 0.016 0.002 0.002 0 0.001 0 0 0.003 0 0.001 0.001 0.002 0.002 0.002 0 0.002 0.002 0.013 0 0 0.006 0 0 0 0 0.001 0.001 0.001 0 0.001 0 0.001 0 0 0.002 0.002 0.002 0 0.001 0.003 0 0 0.003 0 0.002 0.003 0.001 0 0 0.003 0 0.001 0.001 0 0 0 0.002 0.002 0.002 0 0.002 0.002 0.013 0.005 0.001 0.001 0.001 0.001 0 0.001 0.001 0.001 0.005 0.002 0.001 0.001 0.002 0.001 0 0 0.001 0.001 0 0 0 0 0.001 0 0.002 0.001 0 0 0 0.001 0.002 0.001 0 0 0 0 0 0.001 0 0 0 0.008 0.001 0.004 0 0.003 0.004 0.008 0.005 0.004 0.003

1 check, 2 check
0.76 0.497 0.502 0.754 0.76 0.497 0.774 0.836 0.844 0.761 0.774 0.836 0.773 0.845 0.824 0.815 0.773 0.845 0.843 0.914 0.898 0.9 0.843 0.914 0.795 0.658 0.557 0.073 0.766 0.643 0.702 0.773 0.782 0.768 0.745 0.812 0.786 0.823 0.548 0.435 0.089 0.781 0.675 0.666 0.721 0.884 0.724 0.897 0.687 0.724 0.827 0.031 0.089 0.24 0.338 0.387 0.442 0.346 0.746 0.711 0.19 0.746 0.496 0.795 0.659 0.557 0.073 0.766 0.643 0.702 0.773 0.782 0.786 0.745 0.812 0.768 0.823 0.683 0.886 0.668 0.748 0.808 0.923 0.864 0.886 0.748 0.683 0.688 0.581 0.587 0.505 0.646 0.658 0.549 0.624 0.441 0.549 0.92 0.49 0.453 0.97 0.49 0.688 0.646 0.587 0.505 0.581 0.687 0.722 0.348 0.912 0.196 0.213 0.687 0.331 0.348 0.196 0.71 0.659 0.952 0.953 0.997 0.998 0.711 0.924 0.952 0.997

1 check, 2 bet 7
0.098 0.17 0.174 0.096 0.098 0.17 0.121 0.105 0.101 0.123 0.121 0.105 0.117 0.103 0.112 0.103 0.117 0.103 0.089 0.077 0.091 0.062 0.089 0.077 0.061 0.115 0.126 0.332 0.101 0.119 0.089 0.118 0.127 0.128 0.126 0.117 0.118 0.092 0.15 0.178 0.346 0.116 0.07 0.059 0.067 0.082 0.1 0.077 0.157 0.1 0.065 0.366 0.401 0.344 0.275 0.242 0.231 0.264 0.116 0.116 0.274 0.116 0.228 0.061 0.115 0.126 0.332 0.101 0.119 0.089 0.118 0.127 0.118 0.126 0.117 0.128 0.092 0.106 0.064 0.103 0.092 0.072 0.04 0.066 0.064 0.092 0.106 0.159 0.186 0.191 0.176 0.174 0.159 0.189 0.188 0.185 0.189 0.057 0.152 0.162 0.019 0.152 0.159 0.174 0.191 0.176 0.186 0.042 0.053 0.191 0.069 0.218 0.217 0.042 0.191 0.191 0.218 0.088 0.108 0.046 0.023 0.001 0.001 0.088 0.07 0.046 0.001

2 bet 7, 1 call 7
0 0 0 0 1 1 1 1 0 0 1 0 0 0 1 1 0.986 0.99 0 1 1 0.986 0.977 0.003 0 0 0.999 0.011 0.009 0.719 0.988 0.991 0.004 0.99 0.996 0.349 1 0.037 0 1 0.913 0.983 0 1 1 0.997 0.328 1 1 0.996 0 0.419 0.037 0 0 0.726 0.995 0.65 1 1 0.078 1 0.745 0.071 0.977 0.003 0 0 0.999 0.011 0.009 0 0 0.726 0.719 0.99 0.991 0.004 0.988 0.996 0.349 0 1 0 0.998 1 1 1 1 0.998 0 0 0 0 0 0.069 0.351 0.391 0.896 0.2 1 1 0.004 0.004 1 1 0 0 0.339 0.391 0.004 0 0 0 0.024 0.999 1 0.703 0.698 0 0.999 0.999 0.703 0 0 1 1 0.669 0.724 0 1 1 0.669

2 bet 7, 1 raise 24
1 1 1 1 0 0 0 0 0.178 0.592 0 0.178 0.029 0.135 0 0 0.014 0.01 0.029 0 0 0.014 0.023 0.997 1 1 0.001 0.98 0.753 0.28 0.012 0.009 0.996 0.01 0.004 0.644 0 0.963 1 0 0.087 0.017 1 0 0 0.002 0.672 0 0 0.004 1 0.581 0.963 1 1 0.274 0.005 0.35 0 0 0.922 0 0.255 0.929 0.023 0.997 1 1 0.001 0.98 0.752 1 1 0.274 0.28 0.01 0.009 0.996 0.011 0.004 0.644 0.287 0 0.871 0.002 0 0 0 0 0.002 0.287 0.016 0.187 0.202 0.035 0.063 0.267 0.609 0.032 0.112 0 0 0.996 0.996 0 0 0.016 0.187 0.661 0.609 0.996 0.202 0.035 0.262 0.769 0.001 0 0.297 0.302 0.262 0.001 0.001 0.297 0.127 0.403 0 0 0.331 0.276 0.127 0 0 0.331

2 bet 7, 1 raise 24, 2 call 24
0.293 0.113 0.114 0.292 0.293 0.113 0.039 0.059 0.067 0.026 0.039 0.059 0.033 0.053 0.064 0.018 0.033 0.053 0.043 0.068 0.072 0.036 0.043 0.068 0.15 0.047 0.049 0.044 0.122 0.001 0 0 0.004 0.012 0.019 0.046 0.012 0.001 0.29 0.213 0.088 0.393 0.186 0.1 0.05 0.379 0.25 0.332 0.235 0.25 0.175 0.031 0.285 0.036 0.016 0.014 0.015 0.156 0.408 0.407 0.093 0.408 0.051 0.15 0.047 0.049 0.044 0.122 0.001 0 0 0.004 0.012 0.019 0.046 0.012 0.001 0 0.294 0.004 0.246 0.25 0.991 0.285 0.294 0.246 0 0.006 0.004 0.004 0.009 0.004 0.011 0.004 0.009 0.009 0.004 0.993 0.016 0.018 0.994 0.016 0.006 0.004 0.004 0.009 0.004 0.003 0.013 0.245 0.998 0.21 0.214 0.003 0.243 0.245 0.21 0 0.005 0.077 0.994 0.091 0.116 0 0.036 0.077 0.091

1 raise 24, 2 raise 83
0.705 0.886 0.885 0.706 0.705 0.886 0.017 0.076 0.088 0.015 0.017 0.076 0.016 0.065 0.08 0.011 0.016 0.065 0.013 0.063 0.055 0.012 0.013 0.063 0.806 0.931 0.93 0.956 0.002 0.001 0.001 0.001 0.003 0.004 0.004 0.061 0.003 0.002 0.709 0.787 0.912 0.091 0.045 0.05 0.05 0.229 0.217 0.329 0.457 0.217 0.069 0.969 0.715 0.964 0.984 0.986 0.985 0.844 0.208 0.217 0.907 0.208 0.949 0.806 0.931 0.93 0.956 0.002 0.001 0.001 0.001 0.003 0.003 0.004 0.061 0.004 0.002 0.001 0.572 0.014 0.739 0.742 0.006 0.557 0.572 0.739 0.001 0.004 0.003 0.003 0.008 0.003 0.007 0.003 0.007 0.008 0.003 0.007 0.033 0.033 0.006 0.033 0.004 0.003 0.003 0.008 0.003 0.005 0.013 0.73 0.001 0.786 0.782 0.005 0.742 0.73 0.786 0.001 0.008 0.027 0.003 0.222 0.257 0.001 0.004 0.027 0.222

1 check, 2 bet 10
0.072 0.141 0.14 0.076 0.072 0.141 0.054 0.038 0.035 0.062 0.054 0.038 0.068 0.033 0.039 0.059 0.068 0.033 0.058 0.003 0.005 0.033 0.058 0.003 0.019 0.069 0.081 0.244 0.079 0.112 0.091 0.055 0.052 0.067 0.088 0.055 0.064 0.047 0.092 0.123 0.241 0.048 0.076 0.079 0.054 0.008 0.083 0.012 0.109 0.083 0.03 0.264 0.259 0.19 0.138 0.128 0.111 0.155 0.066 0.083 0.198 0.066 0.097 0.019 0.069 0.081 0.244 0.079 0.112 0.091 0.055 0.052 0.064 0.088 0.055 0.067 0.047 0.142 0.023 0.133 0.085 0.075 0.035 0.032 0.023 0.085 0.142 0.07 0.103 0.093 0.158 0.078 0.093 0.1 0.094 0.164 0.1 0.021 0.167 0.174 0.01 0.167 0.07 0.078 0.093 0.158 0.103 0.125 0.114 0.146 0.016 0.175 0.169 0.125 0.153 0.146 0.175 0.141 0.132 0.001 0.021 0.002 0.001 0.141 0.004 0.001 0.002

2 bet 10, 1 call 10
0.044 0.088 0.17 0.044 0.998 1 0.996 0.998 0 0 1 0 0 0 0.998 1 0.577 0.745 0 0.997 0.998 0.577 0.958 0.006 0 0.007 0.981 0 0 0.275 0.978 0.988 0.088 0.979 0.939 0.019 0.994 0.461 0.084 1 0.506 0.957 0.001 1 0.991 0.986 0.358 0.991 1 0.99 0 0.995 0.001 0 0 0.994 0.999 0.342 0.997 0.998 0.047 0.997 0.622 0.005 0.958 0.006 0 0.007 0.981 0 0 0 0.001 0.994 0.275 0.979 0.988 0.088 0.978 0.94 0.019 0 0.996 0 0.977 0.997 1 0.992 0.996 0.977 0 0 0 0 0 0 0 0.662 0.011 0 1 1 0.001 0.001 1 1 0 0 0.586 0.662 0.001 0 0 0 0 1 0.989 0.786 0.824 0 1 1 0.786 0 0 0.992 1 0.21 0.42 0 0.987 0.992 0.211

2 bet 10, 1 raise 30
0.956 0.912 0.83 0.956 0.002 0 0.004 0.002 0.046 0.141 0 0.046 0.039 0.056 0.001 0 0.423 0.255 0.039 0.003 0.001 0.423 0.042 0.994 1 0.993 0.019 0.773 0.303 0.103 0.022 0.012 0.912 0.021 0.06 0.374 0.006 0.539 0.916 0 0.493 0.042 0.999 0 0.008 0.014 0.642 0.008 0 0.009 1 0.005 0.999 1 1 0.006 0.001 0.658 0.003 0.002 0.953 0.003 0.378 0.995 0.042 0.994 1 0.993 0.019 0.773 0.303 1 0.999 0.006 0.103 0.021 0.012 0.912 0.022 0.06 0.374 0.179 0.004 0.38 0.023 0.003 0 0.008 0.004 0.023 0.179 0.068 0.158 0.301 0.079 0.087 0.318 0.338 0.312 0.174 0 0 0.999 0.999 0 0 0.068 0.158 0.414 0.338 0.999 0.301 0.079 0.323 0.506 0 0.011 0.214 0.176 0.322 0 0 0.214 0.098 0.235 0.007 0 0.79 0.58 0.098 0.013 0.007 0.789

2 bet 10, 1 raise 30, 2 call 30
0.444 0.36 0.363 0.442 0.444 0.36 0.007 0.023 0.031 0.005 0.007 0.023 0.005 0.015 0.026 0.003 0.005 0.015 0.006 0.024 0.028 0.005 0.006 0.024 0.302 0.275 0.371 0.004 0.024 0.003 0 0 0.005 0.003 0.003 0.097 0.002 0 0.421 0.352 0.019 0.303 0.051 0.026 0.024 0.283 0.165 0.328 0.255 0.165 0.097 0.022 0.162 0.052 0.011 0.016 0.021 0.177 0.467 0.481 0.254 0.467 0.11 0.302 0.275 0.371 0.004 0.024 0.003 0 0 0.005 0.002 0.003 0.097 0.003 0 0 0.277 0.004 0.325 0.325 0.987 0.283 0.277 0.325 0 0.005 0.004 0.004 0.009 0.003 0.009 0.003 0.007 0.009 0.003 0.977 0.014 0.016 0.972 0.014 0.005 0.003 0.004 0.009 0.004 0.002 0.005 0.396 0.986 0.311 0.309 0.002 0.402 0.396 0.311 0 0.001 0.084 0.987 0.082 0.115 0 0.045 0.084 0.082

1 raise 30, 2 raise 80
0.555 0.639 0.636 0.557 0.555 0.639 0.004 0.034 0.045 0.003 0.004 0.034 0.002 0.016 0.034 0.001 0.002 0.016 0.003 0.029 0.028 0.002 0.003 0.029 0.56 0.713 0.619 0.996 0.001 0 0 0 0.002 0.002 0.002 0.021 0.002 0.001 0.578 0.648 0.981 0.021 0.025 0.025 0.026 0.068 0.038 0.219 0.267 0.038 0.03 0.978 0.838 0.948 0.989 0.984 0.979 0.823 0.031 0.038 0.746 0.031 0.89 0.56 0.713 0.619 0.996 0.001 0 0 0 0.002 0.002 0.002 0.021 0.002 0.001 0 0.379 0.003 0.658 0.662 0.011 0.366 0.379 0.658 0 0.001 0.001 0.001 0.003 0.001 0.002 0.001 0.003 0.003 0.001 0.023 0.019 0.02 0.028 0.019 0.001 0.001 0.001 0.003 0.001 0.001 0.004 0.601 0.014 0.687 0.689 0.001 0.595 0.601 0.687 0 0.001 0.05 0.011 0.089 0.149 0 0.013 0.05 0.089

1 check, 2 bet 15
0.017 0.083 0.077 0.02 0.017 0.083 0.039 0.016 0.015 0.042 0.039 0.016 0.031 0.014 0.02 0.015 0.031 0.014 0.004 0.002 0.003 0.002 0.004 0.002 0.034 0.026 0.058 0.187 0.03 0.077 0.068 0.023 0.021 0.02 0.025 0.012 0.019 0.016 0.059 0.078 0.172 0.023 0.108 0.119 0.093 0.01 0.056 0.004 0.028 0.056 0.033 0.172 0.156 0.076 0.053 0.036 0.029 0.07 0.02 0.043 0.136 0.02 0.012 0.033 0.026 0.058 0.187 0.03 0.077 0.068 0.023 0.021 0.019 0.025 0.012 0.02 0.016 0.045 0.022 0.066 0.053 0.026 0.001 0.032 0.022 0.053 0.045 0.052 0.072 0.075 0.082 0.058 0.06 0.08 0.058 0.093 0.08 0.001 0.085 0.095 0 0.085 0.052 0.058 0.075 0.082 0.072 0.089 0.08 0.063 0.001 0.125 0.117 0.088 0.072 0.063 0.125 0.029 0.062 0 0.001 0 0 0.029 0 0 0

2 bet 15, 1 call 15
0.899 0.938 0.993 0.899 0.996 1 0.78 0.996 0 0 0.892 0 0 0 0.313 0.906 0.539 0.643 0 0.34 0.313 0.539 0.681 0.075 0 0.194 0.952 0 0 0.006 0.664 0.719 0.135 0.666 0.644 0 0.994 0.989 0.01 0.999 0.871 0.55 0 0.945 0.675 0.993 0.903 0.675 0.997 0.787 0 0.985 0 0 0 0.815 0.599 0.034 0.997 0.997 0.148 0.997 0.433 0 0.681 0.075 0 0.195 0.952 0 0 0.002 0 0.815 0.006 0.666 0.719 0.135 0.664 0.644 0 0 0.71 0 0.049 0.142 0.778 0.644 0.71 0.049 0 0 0 0 0 0 0 0 0 0 0.377 0.412 0 0 0.352 0.503 0 0 0 0 0 0 0 0 0 0.275 0.039 0 0 0 0.267 0.275 0 0 0 0.27 0.922 0.157 0.258 0 0.308 0.27 0.157

2 bet 15, 1 raise 40
0.101 0.062 0.007 0.101 0.001 0 0.22 0.001 0.001 0.001 0.108 0.001 0.002 0.001 0.092 0.093 0.46 0.356 0.002 0.142 0.092 0.46 0.318 0.925 1 0.806 0.039 0.097 0.058 0.17 0.329 0.275 0.865 0.327 0.004 0.081 0.006 0.011 0.99 0.001 0.002 0.001 1 0.001 0.002 0.007 0.097 0.002 0.002 0.001 1 0.015 1 1 1 0.185 0.401 0.966 0.003 0.003 0.852 0.003 0.567 1 0.318 0.925 1 0.805 0.039 0.097 0.057 0.998 1 0.185 0.17 0.327 0.275 0.865 0.329 0.004 0.081 0.007 0.288 0.003 0.95 0.858 0.222 0.354 0.289 0.951 0.007 0.002 0.002 0.003 0.002 0.001 0.002 1 0.003 0.002 0.622 0.588 1 1 0.648 0.497 0.002 0.002 1 1 1 0.003 0.002 0.009 0.005 0.725 0.961 1 1 0.009 0.733 0.725 1 0.005 0.002 0.141 0.078 0.842 0.74 0.005 0.162 0.141 0.842

2 bet 15, 1 raise 40, 2 call 40
0.52 0.431 0.433 0.518 0.52 0.431 0.027 0.04 0.042 0.026 0.027 0.04 0.024 0.056 0.057 0.023 0.024 0.056 0.027 0.056 0.057 0.024 0.027 0.056 0.42 0.33 0.383 0 0 0 0 0 0 0 0 0.003 0 0 0.493 0.413 0 0.006 0 0 0 0.028 0.002 0.162 0.067 0.002 0.001 0 0.004 0.058 0.139 0.176 0.156 0.172 0.161 0.168 0.111 0.161 0.196 0.421 0.331 0.384 0 0 0 0 0 0 0 0 0.003 0 0 0 0.449 0 0.344 0.339 0.887 0.451 0.449 0.344 0 0 0 0 0 0 0 0 0 0 0 0.965 0 0 0.975 0 0 0 0 0 0 0 0 0.319 0.957 0.259 0.261 0 0.32 0.319 0.259 0 0 0.104 0.871 0.165 0.181 0 0.093 0.104 0.165

1 raise 40, 2 raise 75
0.479 0.568 0.567 0.48 0.479 0.568 0.003 0.007 0.007 0.003 0.003 0.007 0.002 0.014 0.015 0.002 0.002 0.014 0.003 0.022 0.023 0.002 0.003 0.022 0.578 0.669 0.615 1 0 0 0 0 0 0.002 0.002 0.069 0.002 0 0.507 0.587 1 0.002 0.001 0.001 0.001 0.01 0.005 0.068 0.094 0.005 0.001 1 0.996 0.942 0.861 0.824 0.844 0.828 0.018 0.017 0.889 0.018 0.804 0.577 0.667 0.614 1 0 0 0 0 0 0.002 0.002 0.068 0.002 0 0 0.549 0 0.654 0.66 0.016 0.546 0.549 0.654 0 0 0 0 0 0 0 0 0 0 0 0.023 0 0 0.018 0 0 0 0 0 0 0 0 0.681 0.027 0.74 0.739 0 0.679 0.681 0.74 0 0 0.061 0.012 0.075 0.096 0 0.049 0.06 0.075

1 check, 2 bet 20
0.012 0.01 0.009 0.014 0.012 0.01 0.006 0.004 0.004 0.006 0.006 0.004 0.005 0.003 0.004 0.004 0.005 0.003 0.004 0.003 0.003 0.003 0.004 0.003 0.026 0.02 0.018 0.034 0.006 0.008 0.007 0.006 0.006 0.004 0.003 0.002 0.003 0.005 0.052 0.03 0.025 0.009 0.016 0.018 0.016 0.005 0.008 0.003 0.003 0.008 0.012 0.015 0.006 0.012 0.017 0.018 0.016 0.016 0.004 0.004 0.036 0.004 0.019 0.026 0.02 0.018 0.034 0.006 0.008 0.007 0.006 0.006 0.003 0.003 0.002 0.004 0.005 0.005 0.001 0.007 0.019 0.016 0.001 0.002 0.001 0.019 0.005 0.008 0.008 0.009 0.009 0.008 0.007 0.009 0.007 0.021 0.009 0.001 0.015 0.025 0 0.015 0.008 0.008 0.009 0.009 0.008 0.01 0.008 0.03 0.001 0.06 0.057 0.01 0.033 0.03 0.06 0.004 0.008 0 0.001 0 0 0.004 0 0 0

2 bet 20, 1 call 20
0.073 0.123 0.276 0.073 0.513 0.611 0.491 0.513 0 0 0.451 0 0 0 0.029 0.436 0.323 0.279 0 0.05 0.029 0.323 0.362 0.004 0 0.027 0.499 0.001 0 0.011 0.281 0.262 0.12 0.282 0.206 0.001 0.567 0.055 0.021 0.634 0.089 0.046 0.01 0.048 0.225 0.491 0.41 0.225 0.448 0.046 0 0.036 0.039 0.022 0.032 0.017 0.013 0.063 0.798 0.808 0.006 0.798 0.134 0.071 0.362 0.004 0 0.027 0.499 0.001 0 0.019 0.01 0.017 0.011 0.282 0.262 0.12 0.281 0.206 0.001 0 0.312 0 0.18 0.214 0.478 0.294 0.312 0.18 0 0 0 0 0 0 0 0.001 0 0 0.435 0.383 0.002 0.002 0.229 0.459 0 0 0.001 0.001 0.002 0 0 0 0 0.001 0.21 0.002 0.003 0 0.001 0.001 0.002 0 0 0.022 0.52 0.16 0.182 0 0.03 0.022 0.16

2 bet 20, 1 raise 50
0.927 0.877 0.724 0.927 0.019 0.02 0.509 0.019 0.012 0.012 0.475 0.012 0.011 0.012 0.024 0.463 0.285 0.202 0.011 0.039 0.024 0.285 0.428 0.961 0.994 0.973 0.028 0.025 0.02 0.017 0.333 0.267 0.695 0.332 0.023 0.016 0.326 0.921 0.979 0.025 0.019 0.016 0.99 0.016 0.02 0.325 0.431 0.02 0.022 0.014 1 0.964 0.961 0.978 0.968 0.983 0.987 0.937 0.04 0.035 0.994 0.04 0.866 0.929 0.428 0.961 0.994 0.973 0.028 0.025 0.02 0.981 0.99 0.983 0.017 0.332 0.268 0.695 0.333 0.023 0.016 0.014 0.401 0.015 0.633 0.619 0.467 0.421 0.401 0.633 0.014 0.014 0.016 0.02 0.015 0.014 0.017 0.999 0.02 0.016 0.544 0.595 0.998 0.998 0.757 0.524 0.014 0.016 0.999 0.999 0.998 0.02 0.015 0.019 0.019 0.999 0.762 0.998 0.997 0.019 0.999 0.999 0.998 0.013 0.014 0.037 0.404 0.503 0.476 0.013 0.051 0.037 0.503

2 bet 20, 1 raise 50, 2 call 50
0.694 0.501 0.502 0.695 0.694 0.501 0.062 0.073 0.073 0.062 0.062 0.073 0.058 0.083 0.088 0.054 0.058 0.083 0.057 0.085 0.091 0.049 0.057 0.085 0.496 0.464 0.518 0.021 0 0 0 0 0 0.049 0.042 0.069 0.041 0 0.557 0.536 0.022 0.001 0 0 0 0.029 0.064 0.194 0.09 0.064 0.001 0 0.004 0.179 0.208 0.141 0.15 0.101 0.103 0.107 0.001 0.103 0.148 0.496 0.464 0.518 0.021 0 0 0 0 0 0.041 0.042 0.069 0.049 0 0 0.524 0 0.396 0.396 0.923 0.522 0.524 0.396 0 0 0 0 0 0 0 0 0 0 0 0.967 0 0 0.996 0 0 0 0 0 0 0 0 0.361 0.956 0.281 0.276 0 0.361 0.361 0.281 0 0 0.116 0.875 0.137 0.149 0 0.109 0.116 0.137

1 raise 50, 2 raise 70
0.305 0.498 0.497 0.303 0.305 0.498 0.06 0.074 0.075 0.059 0.06 0.074 0.046 0.08 0.085 0.039 0.046 0.08 0.043 0.079 0.086 0.032 0.043 0.079 0.501 0.534 0.48 0.979 0 0 0 0 0.004 0.126 0.131 0.188 0.125 0.001 0.443 0.464 0.978 0.002 0.001 0.002 0.002 0.101 0.139 0.199 0.199 0.139 0.005 1 0.996 0.821 0.792 0.859 0.85 0.899 0.15 0.155 0.999 0.15 0.852 0.501 0.534 0.48 0.979 0 0 0 0 0.004 0.125 0.131 0.188 0.126 0.001 0 0.465 0 0.602 0.603 0.065 0.467 0.465 0.602 0 0 0 0 0 0 0 0 0 0 0 0.032 0 0 0.004 0 0 0 0 0 0 0 0 0.639 0.043 0.718 0.723 0 0.638 0.639 0.718 0 0 0.112 0.045 0.13 0.136 0 0.103 0.112 0.13

1 check, 2 bet 25
0.04 0.099 0.097 0.041 0.04 0.099 0.007 0.001 0.002 0.007 0.007 0.001 0.006 0.001 0.001 0.004 0.006 0.001 0.001 0.001 0.001 0.001 0.001 0.001 0.066 0.111 0.161 0.13 0.018 0.041 0.043 0.024 0.012 0.013 0.013 0.003 0.009 0.016 0.1 0.155 0.126 0.024 0.055 0.06 0.049 0.011 0.028 0.008 0.015 0.028 0.035 0.152 0.091 0.138 0.179 0.189 0.17 0.149 0.048 0.043 0.167 0.048 0.148 0.066 0.111 0.16 0.13 0.018 0.041 0.043 0.024 0.012 0.009 0.013 0.003 0.013 0.016 0.019 0.003 0.022 0.002 0.003 0 0.004 0.003 0.002 0.019 0.024 0.05 0.045 0.07 0.036 0.023 0.072 0.028 0.096 0.072 0 0.09 0.091 0 0.09 0.024 0.036 0.045 0.07 0.05 0.046 0.024 0.222 0 0.226 0.227 0.046 0.22 0.222 0.226 0.028 0.032 0 0 0 0 0.028 0 0 0

2 bet 25, 1 call 25
0 0 0 0 0 0.001 0.004 0 0 0 0.402 0 0 0 0.001 0.499 0.149 0.164 0 0 0.001 0.149 0.068 0.002 0 0 0 0 0 0 0.001 0.001 0.001 0.001 0 0 0.296 0.04 0 0 0 0 0 0 0.001 0.107 0.009 0.001 0.229 0 0 0.001 0 0 0 0 0 0 0.921 0.919 0 0.921 0 0 0.068 0.002 0 0 0 0 0 0 0 0 0 0.001 0.001 0.001 0.001 0 0 0 0.11 0 0.12 0.165 0.956 0.047 0.11 0.12 0 0 0 0 0 0 0 0 0 0 0.128 0.28 0 0 0.183 0.219 0 0 0 0 0 0 0 0 0 0.088 0.321 0 0 0 0.098 0.088 0 0 0 0.004 0.815 0.063 0.073 0 0.004 0.004 0.063

2 bet 25, 1 raise 90
1 1 1 1 0 0 0.996 0 0 0 0.569 0 0 0 0.001 0.466 0.5 0.488 0 0.002 0.001 0.5 0.512 0.987 1 1 0 0 0 0 0.226 0.227 0.862 0.226 0 0 0.527 0.957 1 0 0 0 1 0 0.052 0.609 0.754 0.052 0.156 0 1 0.999 1 1 1 1 1 1 0.002 0.002 1 0.002 1 1 0.512 0.987 1 1 0 0 0 1 1 1 0 0.226 0.227 0.862 0.226 0 0 0 0.006 0 0.858 0.819 0.04 0.005 0.006 0.858 0 0 0 0 0 0 0 1 0 0 0.863 0.714 1 1 0.791 0.774 0 0 1 1 1 0 0 0 0 0.912 0.666 1 1 0 0.902 0.912 1 0 0 0.005 0.174 0.828 0.772 0 0.012 0.005 0.828

2 bet 25, 1 raise 90, 2 call 90
0.999 0.999 0.999 0.999 0.999 0.999 0.098 0.405 0.409 0.096 0.098 0.405 0.08 0.352 0.355 0.078 0.08 0.352 0.088 0.443 0.447 0.082 0.088 0.443 0.995 0.995 0.995 1 0 0 0 0 0 0.064 0.062 0.178 0.065 0 1 1 1 0 0 0 0 0.017 0.076 0.217 0.19 0.076 0 1 1 1 1 1 1 1 0.042 0.035 1 0.042 1 0.995 0.995 0.995 1 0 0 0 0 0 0.065 0.062 0.178 0.064 0 0 0.999 0 0.999 0.999 0.744 0.999 0.999 0.999 0 0 0 0 0 0 0 0 0 0 0 1 0 0 1 0 0 0 0 0 0 0 0 0.996 0.998 0.998 0.998 0 0.996 0.996 0.998 0 0 0.637 0.621 0.928 0.948 0 0.637 0.637 0.928

root, 1 bet 7
0.123 0.259 0.274 0.123 0.251 0.181 0.153 0.251 0.028 0.182 0.188 0.028 0.001 0.122 0.014 0.161 0.02 0.112 0.001 0.019 0.014 0.02 0.08 0 0 0.212 0.039 0.001 0 0.097 0.042 0.139 0.003 0.048 0.057 0.242 0.232 0.002 0.331 0.064 0.007 0.002 0.002 0.133 0.051 0.086 0.245 0.051 0.109 0.25 0 0.486 0.026 0.001 0 0.033 0.081 0.128 0.203 0.088 0.091 0.203 0.132 0.2 0.08 0 0 0.212 0.039 0.001 0 0.002 0.002 0.033 0.097 0.048 0.139 0.003 0.042 0.057 0.242 0.18 0.226 0.162 0.144 0.171 0.136 0.179 0.226 0.144 0.18 0 0.002 0.01 0.001 0.105 0.015 0.002 0.056 0.185 0.104 0.262 0.006 0.001 0.1 0.09 0 0.002 0.05 0.002 0.006 0.01 0.001 0.081 0.068 0.055 0.182 0.074 0.114 0.081 0.012 0.055 0.074 0.125 0.16 0.239 0.079 0.12 0.214 0.125 0.255 0.239 0.12

1 bet 7, 2 call 7
1 1 1 1 1 1 0.99 0.991 0.991 0.989 0.99 0.991 0.003 0.972 0.99 0.019 0.003 0.972 0.071 0.971 0.99 0.148 0.071 0.971 0.994 0.869 0.979 0.835 1 0 0 0 0.389 0.797 0.334 0.954 0.604 0 0.999 0.96 0.987 1 1 0.997 0.995 0.999 0.337 1 0.95 0.337 0.999 0.458 0.996 1 0.997 0.863 0.868 0.927 0.888 0.85 0.998 0.888 0.828 0.994 0.869 0.979 0.835 1 0 0 0 0.389 0.604 0.334 0.954 0.797 0 0 1 0 1 1 1 1 1 1 0 0 0.002 0 0.877 0.001 0.394 0 0.996 0.663 0 1 0.975 0.984 1 0.975 0 0.001 0 0.877 0.002 0 0.334 1 1 0.594 0.711 0 1 1 0.594 0 0 0.984 1 0.997 1 0 0.993 0.984 0.997

1 bet 7, 2 raise 24
0 0 0 0 0 0 0.005 0.009 0.009 0.004 0.005 0.009 0.006 0.027 0.009 0.193 0.006 0.027 0.008 0.029 0.01 0.031 0.008 0.029 0.006 0.131 0.021 0.165 0 0 0 0 0.002 0.058 0.005 0.046 0.006 0 0.001 0.04 0.013 0 0 0.001 0.001 0.001 0.012 0 0.05 0.012 0 0.542 0.004 0 0.003 0.137 0.132 0.073 0.112 0.15 0.002 0.112 0.172 0.006 0.131 0.021 0.165 0 0 0 0 0.002 0.006 0.005 0.046 0.058 0 0 0 0 0 0 0 0 0 0 0 0 0.002 0 0.122 0.001 0 0 0.003 0.104 0 0 0.025 0.016 0 0.025 0 0.001 0 0.122 0.002 0 0.001 0 0 0.406 0.289 0 0 0 0.406 0 0 0 0 0.003 0 0 0 0 0.003

1 bet 7, 2 raise 24, 1 call  24
0.182 0.091 0.195 0.182 0.113 0.779 0.562 0.113 0 0 0.997 0 0 0 0.007 0.997 0.328 0.229 0 0.006 0.007 0.328 0.485 0.02 0 0.045 0.169 0 0 0 0.295 0.265 0.001 0.297 0.275 0 0.966 0.256 0.009 0.298 0 0 0 0 0.074 0.694 0.077 0.074 0.362 0 0 0.26 0 0 0 0.273 0.155 0 0.977 0.967 0 0.977 0.134 0 0.485 0.02 0 0.045 0.169 0 0 0.002 0 0.273 0 0.297 0.265 0.001 0.295 0.275 0 0 0.644 0 0.182 0.21 0.998 0.611 0.644 0.182 0 0 0 0 0 0 0 0.018 0 0 0.928 0.843 0 0 0.985 0.957 0 0 0.01 0.018 0 0 0 0 0 0.728 0.983 0.693 0.568 0 0.98 0.728 0.693 0 0 0.342 0.999 0.308 0.323 0 0.305 0.342 0.308

2 raise 24, 1 raise  83
0.818 0.909 0.805 0.818 0 0 0.438 0 0 0 0.003 0 0 0 0.009 0.003 0.319 0.647 0 0.008 0.009 0.319 0.433 0.979 1 0.955 0 0 0 0.015 0.515 0.455 0.999 0.514 0.004 0.001 0.034 0.744 0.991 0 0 0 1 0.008 0.004 0.306 0.919 0.004 0.004 0.005 1 0.74 1 1 1 0.727 0.845 1 0.022 0.023 1 0.022 0.866 1 0.433 0.979 1 0.955 0 0 0 0.998 1 0.727 0.015 0.514 0.455 0.999 0.515 0.004 0.001 0 0.08 0 0.805 0.777 0.002 0.071 0.08 0.805 0 0 0 0 0 0 0 0.982 0 0 0.072 0.157 1 1 0.013 0.043 0 0 0.99 0.982 1 0 0 0 0 0.272 0.016 0.307 0.432 0 0.02 0.272 0.307 0 0 0.035 0.001 0.676 0.662 0 0.035 0.035 0.676

root, 1 bet 10
0.37 0.441 0.457 0.37 0.735 0.558 0.304 0.735 0.169 0.688 0.731 0.169 0.212 0.636 0.183 0.8 0.208 0.235 0.212 0.201 0.183 0.208 0.591 0.004 0 0.54 0.443 0.12 0.038 0.513 0.315 0.405 0.2 0.32 0.399 0.508 0.674 0.414 0.557 0.654 0.3 0.347 0.259 0.562 0.484 0.471 0.655 0.484 0.58 0.688 0 0.513 0.443 0.129 0.01 0.542 0.636 0.711 0.617 0.794 0.461 0.617 0.588 0.504 0.591 0.004 0 0.54 0.443 0.12 0.038 0.217 0.259 0.542 0.513 0.32 0.405 0.2 0.315 0.399 0.508 0.511 0.591 0.484 0.53 0.527 0.597 0.641 0.591 0.53 0.511 0.139 0.251 0.221 0.302 0.518 0.556 0.271 0.4 0.604 0.779 0.623 0.234 0.204 0.526 0.814 0.139 0.251 0.335 0.271 0.234 0.221 0.302 0.475 0.457 0.433 0.651 0.369 0.448 0.475 0.316 0.433 0.369 0.479 0.719 0.517 0.68 0.442 0.481 0.479 0.585 0.517 0.442

1 bet 10, 2 call 10
1 1 1 1 1 1 0.13 0.999 1 0.214 0.13 0.999 0 0.972 0.972 0 0 0.972 0 0.983 0.994 0 0 0.983 0.983 0.868 0.812 0.758 1 0 0 0 0.058 0.542 0.009 0.984 0.213 0 0.991 0.954 0.955 1 0.999 0.571 0.526 1 0 1 1 0 0.993 0.829 0.996 1 0.76 0.759 0.761 0.898 0.941 0.966 0.97 0.941 0.719 0.983 0.868 0.812 0.758 1 0 0 0 0.058 0.213 0.009 0.984 0.542 0 0 1 0 1 1 1 1 1 1 0 0 0 0 0.677 0 0.064 0 0.58 0.029 0 1 0.798 0.674 1 0.798 0 0 0 0.677 0 0 0 0.987 1 0.648 0.902 0 0.981 0.987 0.648 0 0 0.393 1 0.985 0.995 0 0.396 0.393 0.985

1 bet 10, 2 raise 30
0 0 0 0 0 0 0 0 0 0 0 0 0 0.016 0.006 0 0 0.016 0 0.014 0.005 0.001 0 0.014 0.017 0.132 0.188 0.242 0 0 0 0 0 0.012 0 0.016 0 0 0.009 0.046 0.045 0 0 0 0 0 0 0 0 0 0 0.171 0.004 0 0.24 0.241 0.239 0.102 0.059 0.034 0.03 0.059 0.281 0.017 0.132 0.188 0.242 0 0 0 0 0 0 0 0.016 0.012 0 0 0 0 0 0 0 0 0 0 0 0 0 0 0.109 0 0 0 0 0.067 0 0 0.04 0.023 0 0.04 0 0 0 0.109 0 0 0 0.013 0 0.352 0.098 0 0.019 0.013 0.352 0 0 0.005 0 0.015 0.005 0 0.011 0.005 0.015

1 bet 10, 2 raise 30, 1 call  30
0.004 0.004 0.006 0.004 0.005 0.208 0.972 0.005 0 0 0.99 0 0 0 0.406 0.99 0.065 0.071 0 0.378 0.406 0.065 0.516 0.086 0 0.002 0.017 0 0 0.002 0.293 0.268 0.001 0.297 0.139 0.001 0.957 0.348 0.002 0.052 0 0 0 0.012 0.001 0.855 0.093 0.001 0.235 0.003 0 0.022 0 0 0 0.209 0.021 0 0.635 0.563 0 0.635 0.144 0 0.516 0.086 0 0.002 0.017 0 0 0 0 0.209 0.002 0.297 0.268 0.001 0.293 0.139 0.001 0 0.878 0 0.112 0.144 0.998 0.837 0.878 0.112 0 0 0 0 0 0 0 0.004 0 0 0.981 0.991 0 0 0.781 0.989 0 0 0.004 0.004 0 0 0 0 0 0.517 0.999 0.381 0.321 0 0.596 0.517 0.381 0 0 0.905 0.993 0.222 0.148 0 0.866 0.905 0.222

2 raise 30, 1 raise  80
0.996 0.996 0.994 0.996 0 0.001 0.028 0 0 0 0.01 0 0 0 0.041 0.01 0.841 0.838 0 0.033 0.041 0.841 0.25 0.903 1 0.998 0 0 0 0.035 0.354 0.342 0.999 0.352 0.041 0.022 0.03 0.65 0.998 0.001 0 0 1 0.031 0.023 0.082 0.652 0.023 0.022 0.021 1 0.978 1 1 1 0.791 0.979 1 0.001 0.001 1 0.001 0.856 1 0.25 0.903 1 0.998 0 0 0 1 1 0.791 0.035 0.352 0.342 0.999 0.354 0.041 0.022 0 0.088 0 0.876 0.844 0.002 0.126 0.088 0.876 0 0 0 0 0 0 0 0.996 0 0 0.019 0.009 1 1 0.004 0.011 0 0 0.996 0.996 1 0 0 0 0 0.483 0.001 0.619 0.679 0 0.404 0.483 0.619 0 0 0.018 0.007 0.74 0.811 0 0.017 0.018 0.74

root, 1 bet 15
0.359 0.295 0.269 0.359 0.014 0.261 0.342 0.014 0.271 0.126 0.081 0.271 0.229 0.103 0.453 0.039 0.277 0.229 0.229 0.437 0.453 0.277 0.274 0.477 0.026 0.238 0.381 0.509 0.404 0.326 0.328 0.249 0.354 0.326 0.358 0.107 0.093 0.374 0.105 0.27 0.477 0.412 0.324 0.285 0.299 0.327 0.094 0.299 0.272 0.054 0.347 0 0.392 0.246 0.535 0.268 0.222 0.15 0.16 0.112 0.386 0.16 0.245 0.188 0.274 0.477 0.026 0.238 0.381 0.509 0.404 0.32 0.324 0.268 0.326 0.326 0.249 0.354 0.328 0.358 0.107 0.302 0.18 0.164 0.215 0.192 0.244 0.171 0.18 0.215 0.302 0.352 0.523 0.318 0.343 0.202 0.309 0.353 0.346 0.182 0.116 0.111 0.368 0.378 0.231 0.096 0.352 0.523 0.324 0.353 0.368 0.318 0.343 0.297 0.304 0.332 0.14 0.288 0.237 0.297 0.39 0.332 0.288 0.219 0.112 0.168 0.241 0.289 0.224 0.219 0.154 0.168 0.289

1 bet 15, 2 call 15
1 0.999 1 1 1 0.999 0 0.741 0.955 0 0 0.741 0 0.01 0.153 0 0 0.01 0 0.272 0.646 0 0 0.272 0.979 0.698 0.23 0.77 0.974 0 0 0 0 0.002 0 0.956 0 0 0.979 0.666 0.987 1 0.701 0.059 0.155 0.991 0 1 0.932 0 0.767 0.364 1 0.983 0.186 0.493 0.384 0.862 0.962 0.949 0.997 0.962 0.265 0.979 0.698 0.23 0.77 0.974 0 0 0 0 0 0 0.956 0.002 0 0 0.996 0 0.991 0.996 1 0.986 0.996 0.991 0 0 0 0 0.006 0 0.007 0 0.109 0.01 0 0.998 0.089 0.16 0.95 0.089 0 0 0 0.006 0 0 0 0.988 1 0.401 0.976 0 0.901 0.988 0.401 0 0 0.08 1 0.986 0.993 0 0 0.08 0.986

1 bet 15, 2 raise 40
0 0.001 0 0 0 0.001 0 0 0 0 0 0 0 0 0 0 0 0 0 0 0 0 0 0 0.021 0.302 0.77 0.23 0 0 0 0 0 0 0 0.01 0 0 0.021 0.334 0.013 0 0 0 0 0 0 0 0.039 0 0 0.636 0 0.017 0.814 0.507 0.616 0.138 0.038 0.051 0.003 0.038 0.735 0.021 0.302 0.77 0.23 0 0 0 0 0 0 0 0.01 0 0 0 0 0 0.009 0.004 0 0 0 0.009 0 0 0 0 0 0 0 0 0 0.001 0 0.002 0.073 0.145 0.05 0.073 0 0 0 0 0 0 0 0.012 0 0.599 0.024 0 0.099 0.012 0.599 0 0 0 0 0.002 0.001 0 0 0 0.002

1 bet 15, 2 raise 40, 1 call  40
0 0 0 0 0.943 0.999 1 0.943 0 0 1 0 0 0 0.991 1 0.172 0.211 0 0.991 0.991 0.172 0.688 0.16 0 0 0 0 0 0 0.429 0.495 0 0.443 0.048 0 0.998 0.692 0 0.889 0 0 0 0.004 0 0.992 0 0 0.35 0 0 0 0.004 0.207 0.276 0 0 0.298 0.071 0.081 0 0.071 0.361 0.349 0.688 0.16 0 0 0 0 0 0 0 0 0 0.443 0.495 0 0.429 0.048 0 0 0.96 0 0.209 0.227 1 0.953 0.96 0.209 0 0 0 0 0 0 0 0 0 0 1 1 0 0 1 1 0 0 0 0 0 0 0 0 0 0.253 1 0 0.019 0 0.23 0.253 0 0 0 0.996 1 0.259 0.284 0 0.997 0.996 0.259

2 raise 40, 1 raise  75
1 1 1 1 0 0 0 0 0 0 0 0 0 0 0.009 0 0.828 0.789 0 0.009 0.009 0.828 0.004 0.84 1 1 0 0 0 0 0.023 0.024 1 0.021 0 0 0.002 0.308 1 0 0 0 1 0 0.001 0.007 0.973 0.001 0 0 1 1 0.996 0.793 0.724 1 1 0.702 0 0 1 0 0.639 0.651 0.004 0.84 1 1 0 0 0 1 1 1 0 0.021 0.024 1 0.023 0 0 0 0.04 0 0.791 0.773 0 0.047 0.04 0.791 0 0 0 0 0 0 0 1 0 0 0 0 1 1 0 0 0 0 1 1 1 0 0 0 0 0.747 0 1 0.981 0 0.77 0.747 1 0 0 0.004 0 0.741 0.716 0 0.003 0.004 0.741

root, 1 bet 20
0.146 0.002 0 0.146 0 0 0.199 0 0.479 0.004 0 0.479 0.474 0.137 0.347 0 0.471 0.387 0.474 0.339 0.347 0.471 0.054 0.51 0.846 0.007 0.137 0.364 0.513 0.061 0.306 0.205 0.438 0.3 0.184 0.128 0 0.21 0.001 0.012 0.217 0.239 0.402 0.019 0.165 0.115 0.001 0.165 0.038 0.007 0.65 0 0.136 0.557 0.448 0.157 0.06 0.008 0.02 0.005 0.059 0.02 0.033 0.103 0.054 0.51 0.846 0.007 0.137 0.364 0.513 0.46 0.402 0.157 0.061 0.3 0.205 0.438 0.306 0.184 0.128 0.003 0.003 0.189 0.109 0.108 0.023 0.008 0.003 0.109 0.003 0.498 0.223 0.435 0.351 0.173 0.119 0.35 0.196 0.028 0 0.004 0.383 0.413 0.143 0 0.498 0.223 0.273 0.35 0.383 0.435 0.351 0.145 0.172 0.174 0.027 0.241 0.197 0.145 0.264 0.174 0.241 0.168 0.008 0.073 0.001 0.145 0.075 0.168 0.001 0.073 0.145

1 bet 20, 2 call 20
0.997 0.719 0.794 0.996 0.997 0.719 0 0.01 0.299 0 0 0.01 0 0 0 0 0 0 0 0 0.151 0 0 0 0.939 0.422 0 0.501 0.172 0 0 0 0 0 0 0.542 0 0 0.874 0.318 0.997 0.997 0.333 0.063 0.187 0.779 0 0.998 0.494 0 0.548 0.001 0.998 0.834 0.008 0.589 0.424 0.385 0.953 0.999 0.996 0.953 0.039 0.939 0.422 0 0.501 0.172 0 0 0 0 0 0 0.542 0 0 0 0.762 0 0.773 0.89 1 0.293 0.762 0.773 0 0 0 0 0 0 0 0 0 0 0 0.976 0 0 0.744 0 0 0 0 0 0 0 0 0.999 0.999 0.152 0.607 0 0.999 0.999 0.152 0 0 0.005 1 0.742 0.991 0 0 0.005 0.742

1 bet 20, 2 raise 50
0.003 0.281 0.206 0.004 0.003 0.281 0 0 0 0 0 0 0 0 0 0 0 0 0 0 0 0 0 0 0.061 0.578 1 0.499 0 0 0 0 0 0 0 0.062 0 0 0.126 0.682 0.003 0 0 0 0 0 0 0 0.005 0 0 0.999 0.002 0.166 0.992 0.411 0.576 0.615 0 0.001 0.004 0 0.961 0.061 0.578 1 0.499 0 0 0 0 0 0 0 0.062 0 0 0 0 0 0.227 0.109 0 0 0 0.227 0 0 0 0 0 0 0 0 0 0 0 0.024 0 0 0.256 0 0 0 0 0 0 0 0 0.001 0.001 0.848 0.393 0 0.001 0.001 0.848 0 0 0 0 0 0.001 0 0 0 0

1 bet 20, 2 raise 50, 1 call  50
0 0 0 0 0 1 1 0 0 0 1 0 0 0 0.878 1 0.046 0.056 0 0.854 0.878 0.046 0.979 0.127 0 0 0 0 0 0 0.377 0.461 0 0.389 0.007 0 0.999 0.593 0 0.978 0 0 0 0.727 0 0.999 0 0 1 0 0 0 0.012 0.06 0.133 0 0 0.515 0.041 0.053 0 0.041 0.27 0.199 0.979 0.127 0 0 0 0 0 0 0 0 0 0.389 0.461 0 0.377 0.007 0 0 0.334 0 0.083 0.093 1 0.341 0.334 0.083 0 0 0 0 0 0 0 0 0 0 1 1 0 0 1 1 0 0 0 0 0 0 0 0 0 0 1 0 0 0 0 0 0 0 0 0.917 1 0.226 0.237 0 0.898 0.917 0.226

2 raise 50, 1 raise  70
1 1 1 1 0 0 0 0 0 0 0 0 0 0 0.122 0 0.954 0.944 0 0.146 0.122 0.954 0.002 0.873 1 1 0 0 0 0 0.006 0.008 1 0.005 0 0 0.001 0.407 1 0 0 0 1 0 0 0.001 1 0 0 0 1 1 0.988 0.94 0.867 1 1 0.485 0 0 1 0 0.73 0.801 0.002 0.873 1 1 0 0 0 1 1 1 0 0.005 0.008 1 0.006 0 0 0 0.666 0 0.917 0.907 0 0.659 0.666 0.917 0 0 0 0 0 0 0 1 0 0 0 0 1 1 0 0 0 0 1 1 1 0 0 0 0 1 0 1 1 0 1 1 1 0 0 0.083 0 0.774 0.763 0 0.102 0.083 0.774

root, 1 bet 25
0 0 0 0 0 0 0 0 0.051 0 0 0.051 0.069 0 0.002 0 0.024 0.037 0.069 0.002 0.002 0.024 0 0.008 0.128 0 0 0.006 0.043 0 0.007 0.001 0.004 0.005 0 0.002 0 0 0 0 0 0 0.011 0 0 0.001 0.004 0 0 0 0.002 0 0 0.064 0.005 0 0 0 0 0 0 0 0 0.002 0 0.008 0.128 0 0 0.006 0.043 0.001 0.011 0 0 0.005 0.001 0.004 0.007 0 0.002 0 0 0 0.002 0.001 0 0 0 0.002 0 0.009 0 0.015 0.001 0 0 0.024 0.001 0 0 0 0.009 0.003 0 0 0.009 0 0.018 0.024 0.009 0.015 0.001 0 0 0.005 0 0.027 0.003 0 0.019 0.005 0.027 0.001 0 0 0 0.002 0.002 0.001 0 0 0.002

1 bet 25, 2 call 25
0.486 0.051 0.06 0.483 0.486 0.051 0 0.001 0.009 0 0 0.001 0 0 0.004 0 0 0 0.002 0.006 0.029 0 0.002 0.006 0.564 0.432 0.035 0.475 0.018 0 0 0 0 0.003 0.001 0.486 0.003 0 0.659 0.346 0.277 0.526 0.019 0.217 0.227 0.073 0.001 0.483 0.397 0.001 0.176 0 0.524 0 0.001 0.255 0.05 0.004 0.308 0.67 0.329 0.308 0.005 0.564 0.432 0.035 0.475 0.018 0 0 0 0 0.003 0.001 0.486 0.003 0 0 0.356 0 0.569 0.568 1 0.339 0.356 0.569 0 0 0 0 0 0 0 0 0 0 0 0.994 0 0 0.929 0 0 0 0 0 0 0 0 0.702 0.994 0.474 0.478 0 0.755 0.702 0.474 0 0 0.081 1 0.382 0.41 0 0.034 0.081 0.382

1 bet 25, 2 raise 90
0.513 0.949 0.939 0.516 0.513 0.949 0 0 0.002 0 0 0 0 0 0.001 0 0 0 0 0.003 0.007 0 0 0.003 0.155 0.548 0.962 0.525 0 0 0 0 0 0 0 0.005 0 0 0.34 0.653 0.723 0 0 0 0 0 0 0 0.003 0 0 1 0.476 1 0.999 0.745 0.95 0.996 0 0 0.671 0 0.995 0.155 0.548 0.962 0.525 0 0 0 0 0 0 0 0.005 0 0 0 0.005 0 0.413 0.416 0 0.005 0.005 0.413 0 0 0 0 0 0 0 0 0 0 0 0.006 0 0 0.071 0 0 0 0 0 0 0 0 0.297 0.006 0.526 0.522 0 0.24 0.297 0.526 0 0 0.01 0 0.07 0.109 0 0.01 0.01 0.07

1 bet 25, 2 raise 90, 1 call  90
1 1 1 1 0 0 1 0 0 0 1 0 0 0 1 1 1 1 0 1 1 1 1 1 1 1 0 0 0 0 1 1 1 1 0.033 0 1 1 1 0 0 0 1 0.994 1 1 1 1 1 0 1 1 1 1 1 1 1 1 0.002 0.002 1 0.002 1 1 1 1 1 1 0 0 0 1 1 1 0 1 1 1 1 0.033 0 0 1 0 1 1 1 1 1 1 0 0 0 0 0 0 0 1 0 0 1 1 1 1 1 1 0 0 1 1 1 0 0 0 0 1 1 1 1 0 1 1 1 0 0 1 1 1 1 0 1 1 1
