game = '6-max Cash', preflop situation = 'EP openraise BB 3bet EP call', stack = '90', pot = '20', bets = '33 50 75 100 125'

OOP preflop range
6d5d_0.25 6h5h_0.25 6s5s_0.25 7d6d_0.25 7h6h_0.25 8c7c_0.25 8d7d_0.25 8h7h_0.25 9c8c_0.25 9d8d_0.25 9d9c_0.25 9h8h_0.25 9h9c_0.25 9h9d_0.25 Ac2c_0.50 Ac3c_0.25 Ac4c_0.25 Ac5c_0.25 Ac7c_0.50 Ac8c_0.25 AcJc_0.50 AcKc_1 AcKd_0.50 AcKh_0.50 AcKs_0.50 AcQc_1 AcTc_0.25 Ad2d_0.50 Ad3d_0.25 Ad4d_0.25 Ad5d_0.25 Ad6d_0.50 Ad7d_0.50 Ad8d_0.25 AdAc_1 AdJd_0.50 AdKc_0.50 AdKd_1 AdKh_0.50 AdKs_0.50 AdQd_1 AdTd_0.25 Ah2h_0.50 Ah3h_0.25 Ah4h_0.25 Ah5h_0.25 Ah6h_0.50 Ah7h_0.50 Ah8h_0.25 AhAc_1 AhAd_1 AhJh_0.50 AhKc_0.50 AhKd_0.50 AhKh_1 AhKs_0.50 AhQh_1 AhTh_0.25 As2s_0.50 As3s_0.25 As4s_0.25 As5s_0.25 As6s_0.50 As8s_0.25 AsAc_1 AsAd_1 AsAh_1 AsJs_0.50 AsKc_0.50 AsKd_0.50 AsKh_0.50 AsKs_1 AsQs_1 AsTs_0.25 JcTc_0.25 JdJc_0.75 JdTd_0.25 JhJc_0.75 JhJd_0.75 JhTh_0.25 JsJc_0.75 JsJd_0.75 JsJh_0.75 JsTs_0.25 Kc9c_0.25 KcJc_0.50 KcQc_1 KcTc_0.25 Kd9d_0.25 KdJd_0.50 KdKc_1 KdQd_1 KdTd_0.25 Kh9h_0.25 KhJh_0.50 KhKc_1 KhKd_1 KhQh_1 KhTh_0.25 KsJs_0.50 KsKc_1 KsKd_1 KsKh_1 KsQs_1 KsTs_0.25 QcJc_0.50 QdJd_0.50 QdQc_1 QhJh_0.50 QhQc_1 QhQd_1 QsJs_0.50 QsQc_1 QsQd_1 QsQh_1 Tc9c_0.25 Td9d_0.25 TdTc_0.50 Th9h_0.25 ThTc_0.50 ThTd_0.50 TsTc_0.50 TsTd_0.50 TsTh_0.50

IP preflop range
6h6d_0.25 6s6d_0.25 6s6h_0.25 7d7c_0.50 7h7c_0.50 7h7d_0.50 8d8c_1 8h8c_1 8h8d_1 8s8c_1 8s8d_1 8s8h_1 9d9c_1 9h9c_1 9h9d_1 Ac2c_1 Ac3c_1 Ac4c_1 Ac5c_1 Ac7c_1 Ac8c_1 Ac9c_1 AcJc_1 AcQc_0.75 AcQd_1 AcQh_1 AcQs_1 AcTc_1 Ad2d_1 Ad3d_1 Ad4d_1 Ad5d_1 Ad6d_1 Ad7d_1 Ad8d_1 Ad9d_1 AdJd_1 AdQc_1 AdQd_0.75 AdQh_1 AdQs_1 AdTd_1 Ah2h_1 Ah3h_1 Ah4h_1 Ah5h_1 Ah6h_1 Ah7h_1 Ah8h_1 Ah9h_1 AhJh_1 AhQc_1 AhQd_1 AhQh_0.75 AhQs_1 AhTh_1 As2s_1 As3s_1 As4s_1 As5s_1 As6s_1 As8s_1 AsJs_1 AsQc_1 AsQd_1 AsQh_1 AsQs_0.75 AsTs_1 JcTc_0.50 JdJc_1 JdTd_0.50 JhJc_1 JhJd_1 JhTh_0.50 JsJc_1 JsJd_1 JsJh_1 JsTs_0.50 KcJc_1 KcQc_1 KcQd_0.50 KcQh_0.50 KcQs_0.50 KdJd_1 KdQc_0.50 KdQd_1 KdQh_0.50 KdQs_0.50 KhJh_1 KhQc_0.50 KhQd_0.50 KhQh_1 KhQs_0.50 KsJs_1 KsQc_0.50 KsQd_0.50 KsQh_0.50 KsQs_1 QcJc_0.50 QdJd_0.50 QdQc_1 QhJh_0.50 QhQc_1 QhQd_1 QsJs_0.50 QsQc_1 QsQd_1 QsQh_1 Tc9c_0.25 Td9d_0.25 TdTc_1 Th9h_0.25 ThTc_1 ThTd_1 TsTc_1 TsTd_1 TsTh_1

root, 1 check
0.393 0.393 0.279 0.42 0.42 0.298 0.331 0.331 0.083 0.214 0.075 0.214 0.075 0.109 0.065 0.033 0.036 0 0.269 0.154 0.118 0.263 0.542 0.542 0.051 0.156 0.14 0.645 0.644 0.647 0.063 0.339 0.299 0.165 0.082 0.333 0.279 0.502 0.508 0.235 0.348 0.132 0.645 0.644 0.647 0.063 0.339 0.299 0.165 0.082 0.282 0.333 0.279 0.508 0.502 0.235 0.348 0.132 0 0 0 0.15 0.411 0.134 0.041 0.139 0.139 0.012 0.099 0.102 0.102 0.179 0.153 0.013 0.304 0.115 0.173 0.115 0.142 0.173 0.166 0.143 0.143 0.286 0 0.017 0.014 0.012 0.07 0.06 0.003 0.001 0.036 0.07 0.06 0.003 0.004 0.001 0.036 0.118 0.074 0.055 0.055 0.065 0.087 0.019 0.067 0.055 0.067 0.055 0.049 0.014 0.028 0.048 0.048 0.296 0.333 0.032 0.333 0.032 0.004 0.084 0.069 0.069

1 check, 2 check
0 0 0 0 0 0 0.62 0.62 0.567 0.473 0.448 0.448 0 0 0 0.16 0.233 0.237 0.687 1 0.24 0.839 0.287 0.645 0.453 0.453 0.419 0.568 0.683 0.698 0.702 0.868 1 1 0.602 0.968 0.542 0.901 0.804 0.994 0.874 0.737 0.683 0.698 0.702 0.868 1 1 0.602 0.968 0.543 0.901 0.994 0.804 0.874 0.737 0.36 0.363 0.367 0 0.925 0 0.001 0.109 0.149 0.149 0.336 0 0.5 0.853 0.21 0.853 0.618 0.21 0.935 0.883 0.883 0.501 0.244 0.358 0.25 0.25 0.175 0.359 0.315 0.45 0.475 0.349 0.359 0.315 0.475 0.45 0.349 0.376 0.128 0.248 0.248 0.209 0.028 0.039 0.316 0.039 0.316 0.32 0.501 0.125 0.007 0.007 0.021 0.389 0.703 0.389 0.703 0.676 0.244 0.301 0.301

1 check, 2 bet 7
0.606 0.634 0.634 0.634 0.634 0.64 0.307 0.307 0.304 0.391 0.399 0.399 0.622 0.622 0.646 0.506 0.472 0.47 0.21 0 0.53 0.161 0.428 0.253 0.372 0.372 0.35 0.315 0.239 0.223 0.222 0.087 0 0 0.324 0.032 0.333 0.095 0.186 0.005 0.113 0.163 0.239 0.223 0.222 0.087 0 0 0.324 0.032 0.333 0.095 0.005 0.186 0.113 0.163 0.501 0.465 0.463 0.587 0.074 0.526 0.554 0.527 0.521 0.521 0.456 0.559 0.308 0.135 0.467 0.135 0.243 0.467 0.065 0.114 0.114 0.49 0.416 0.355 0.44 0.44 0.439 0.424 0.473 0.424 0.409 0.406 0.424 0.473 0.409 0.424 0.406 0.382 0.4 0.352 0.352 0.587 0.549 0.582 0.479 0.582 0.479 0.428 0.497 0.556 0.574 0.574 0.751 0.51 0.214 0.51 0.214 0.229 0.446 0.426 0.426

2 bet 7, 1 call 7
1 1 0.012 0.769 0.769 1 0.95 0.95 0.854 0.535 0 0.535 0 0 0 0 0 0.999 1 1 0.994 0.999 0.066 0.066 0.999 0.999 1 0 0 0 0.018 0.775 0.799 1 0.249 0 0.705 0.473 0.481 0.851 0.397 0.822 0 0 0 0.018 0.775 0.799 1 0.249 0.092 0 0.705 0.481 0.473 0.851 0.397 0.822 0 0 0 0 0.987 0.512 0.853 0.569 0.569 0.99 0.937 0.734 0.734 0.758 0.832 0.076 1 0.715 0.998 0.714 0.591 0.998 0.737 0.439 0.439 1 0.946 0.002 0 0.418 0.845 0 0.806 0 0.03 0.845 0 0.806 0.642 0 0.03 1 0.002 0 0 0.817 1 0.031 0.002 0.958 0.002 0.958 0.995 0.987 0.465 0.085 0.085 0.586 0.584 0.076 0.584 0.076 0.064 0.191 0 0

2 bet 7, 1 raise 24
0 0 0.988 0.231 0.231 0 0.05 0.05 0.146 0.465 1 0.465 1 1 0.001 0.002 0.002 0.001 0 0 0.001 0 0 0 0 0 0 0 0 0 0.975 0.224 0.201 0 0.751 0.001 0.025 0.038 0.035 0.148 0.015 0.177 0 0 0 0.975 0.224 0.201 0 0.751 0.908 0.001 0.025 0.035 0.038 0.148 0.015 0.177 1 1 1 1 0.013 0.488 0.147 0.431 0.431 0.01 0.063 0.266 0.266 0.242 0.168 0.924 0 0.285 0.002 0.286 0.409 0.002 0.263 0.561 0.561 0 0.054 0.998 0.999 0.582 0.155 0.761 0.194 0.999 0.97 0.155 0.761 0.194 0.358 0.999 0.97 0 0.998 1 1 0.183 0 0.968 0.469 0.042 0.469 0.042 0.005 0.013 0.535 0.915 0.915 0.414 0.416 0.924 0.416 0.924 0.936 0.809 1 1

2 bet 7, 1 raise 24, 2 call 24
0.217 0.338 0.338 0.398 0.398 0.256 0.998 0.998 0.998 0.585 0.415 0.415 0.625 0.625 0.629 0 0 0 0.006 0.998 1 0.999 0 0 0 0 0 0.988 0 0 0 0 0.328 0.762 1 0.995 0 0 0 0 0 0.361 0 0 0 0 0.328 0.762 1 0.995 0 0 0 0 0 0.361 0.837 0.529 0.53 0 0.236 0 0.016 0.003 0 0 0.267 0 0.571 0.605 0.054 0.606 0.314 0.054 0.952 0.912 0.912 0.029 0 0 0 0 0.001 0 0 0 0 0 0 0 0 0 0 0.75 0.08 0.008 0.008 0.98 0 0 0.974 0 0.974 0.88 1 0.577 0.382 0.382 0.999 0.998 0.96 0.998 0.96 0.959 0.509 0.536 0.536

1 raise 24, 2 raise 83
0.783 0.662 0.662 0.602 0.602 0.744 0.002 0.002 0.002 0.415 0.585 0.585 0.375 0.375 0.371 0 0 0 0 0 0 0 0 0 0 0 0 0 0 0 0 0 0 0 0 0 0 0 0 0 0 0 0 0 0 0 0 0 0 0 0 0 0 0 0 0 0.163 0.471 0.47 1 0.764 1 0.984 0 0 0 0.733 1 0 0.002 0 0.002 0.001 0 0.045 0.02 0.02 0.971 0 0 0 0 0 0 0 0 0 0 0 0 0 0 0 0.25 0 0 0 0.02 0 0 0.026 0 0.026 0.12 0 0.423 0.617 0.617 0.001 0.002 0.016 0.002 0.016 0.011 0.49 0.462 0.462

1 check, 2 bet 10
0.343 0.365 0.365 0.361 0.361 0.321 0.073 0.073 0.129 0.131 0.151 0.151 0.37 0.37 0.35 0.306 0.287 0.286 0.103 0 0.23 0 0.285 0.102 0.175 0.175 0.23 0.116 0.073 0.077 0.075 0.045 0 0 0.074 0 0.124 0.004 0.009 0.001 0.013 0.1 0.073 0.077 0.075 0.044 0 0 0.074 0 0.124 0.004 0.001 0.009 0.013 0.1 0.139 0.171 0.17 0.41 0 0.473 0.44 0.352 0.324 0.324 0.202 0.41 0.191 0.012 0.323 0.012 0.139 0.323 0 0.003 0.003 0.008 0.338 0.286 0.286 0.286 0.38 0.213 0.207 0.125 0.115 0.244 0.213 0.207 0.115 0.125 0.244 0.242 0.429 0.358 0.358 0.205 0.421 0.373 0.202 0.373 0.202 0.244 0.002 0.312 0.394 0.394 0.228 0.101 0.083 0.101 0.083 0.096 0.301 0.27 0.27

2 bet 10, 1 call 10
0.996 0.996 0.001 0.783 0.783 0.998 0.903 0.903 0.792 0.402 0.003 0.402 0.003 0.001 0 0 0 0.994 1 0.999 0 0.92 0.002 0.002 0.999 0.751 0.999 0 0 0 0.005 0.691 0.86 1 0.171 0 0.03 0.341 0.346 0.975 0.244 0.99 0 0 0 0.005 0.691 0.86 1 0.171 0.008 0 0.03 0.346 0.341 0.975 0.244 0.99 0 0 0 0 0.999 0 0.692 0.594 0.594 0.636 0.998 0.884 0.884 0.778 0.999 0 0.999 0.988 0.997 0.988 0.6 0.997 0.653 0.251 0.25 0.999 0.999 0.012 0 0.997 0.999 0 0 0 0.534 0.999 0 0 0 0 0.534 0.999 0 0 0 0.999 0.998 0.01 0 0.937 0 0.937 0.77 0.999 0.589 0.333 0.333 0.529 0.49 0 0.49 0 0 0 0 0

2 bet 10, 1 raise 30
0.004 0.004 0.999 0.217 0.217 0.002 0.097 0.097 0.208 0.598 0.997 0.598 0.997 0.999 0 0 0 0 0 0.001 0 0 0 0 0 0 0 0 0.001 0.001 0.977 0.306 0.139 0 0.829 0 0 0.003 0.003 0.023 0.035 0.008 0 0.001 0.001 0.977 0.306 0.139 0 0.829 0.992 0 0 0.003 0.003 0.023 0.035 0.008 1 1 1 1 0.001 1 0.308 0.406 0.406 0.364 0.002 0.116 0.116 0.222 0.001 1 0.001 0.012 0.003 0.012 0.4 0.003 0.347 0.749 0.75 0.001 0.001 0.158 0.748 0.003 0.001 0.094 1 0.794 0.466 0.001 0.094 1 1 0.794 0.465 0.001 1 1 1 0.001 0.002 0.061 0.023 0.063 0.023 0.063 0.23 0.001 0.411 0.667 0.667 0.471 0.51 1 0.51 1 1 1 1 1

2 bet 10, 1 raise 30, 2 call 30
0.006 0.008 0.008 0.143 0.143 0.036 1 1 1 0.383 0.412 0.412 0.292 0.292 0.301 0 0 0 0 0.873 1 1 0 0 0 0 0 0.33 0 0 0 0 0 0 1 0.469 0 0 0 0 0 0 0 0 0 0 0 0 1 0.469 0 0 0 0 0 0 0.926 0.598 0.599 0 0 0 0 0 0 0 0.012 0 0 0.426 0 0.426 0.143 0 0.892 0.614 0.614 0.211 0 0 0 0 0 0 0 0 0 0 0 0 0 0 0 0.556 0 0 0 0.736 0 0 0.636 0 0.636 0.552 1 0.288 0.172 0.172 1 1 0.631 1 0.631 0.527 0.498 0.547 0.547

1 raise 30, 2 raise 80
0.994 0.992 0.992 0.857 0.857 0.964 0 0 0 0.617 0.588 0.588 0.708 0.708 0.699 0 0 0 0 0 0 0 0 0 0 0 0 0 0 0 0 0 0 0 0 0 0 0 0 0 0 0 0 0 0 0 0 0 0 0 0 0 0 0 0 0 0.074 0.402 0.401 1 1 1 1 0 0 0 0.988 1 0 0.002 0 0.002 0.001 0 0.02 0.009 0.009 0.789 0 0 0 0 0 0 0 0 0 0 0 0 0 0 0 0.444 0 0 0 0.264 0 0 0.364 0 0.364 0.448 0 0.712 0.828 0.828 0 0 0.007 0 0.007 0.005 0.502 0.453 0.453

1 check, 2 bet 15
0.047 0.001 0.001 0.004 0.004 0.039 0 0 0 0.004 0.002 0.002 0.008 0.008 0.004 0.028 0.007 0.007 0 0 0 0 0 0 0 0 0.001 0 0.005 0.001 0.001 0 0 0 0 0 0 0 0 0 0 0 0.005 0.001 0.001 0 0 0 0 0 0 0 0 0 0 0 0 0.001 0.001 0.003 0 0.001 0.004 0.013 0.005 0.005 0.006 0.028 0 0 0 0 0 0 0 0 0 0 0.002 0.001 0.024 0.024 0.005 0.004 0.005 0.001 0.001 0.001 0.004 0.005 0.001 0.001 0.001 0 0.042 0.042 0.042 0 0.001 0.006 0.002 0.006 0.002 0.007 0 0.006 0.024 0.024 0 0 0 0 0 0 0.009 0.003 0.003

2 bet 15, 1 call 15
0.471 0.471 0.178 0.321 0.321 0.304 0.235 0.235 0.371 0.311 0.33 0.311 0.33 0.336 0 0 0 0.637 0.972 0.729 0 0.304 0.001 0.001 0.183 0.038 0.826 0 0 0 0.117 0.327 0.502 0.487 0.128 0 0.001 0.14 0.14 0.464 0.026 0.51 0 0 0 0.117 0.327 0.502 0.487 0.128 0.14 0 0.001 0.14 0.14 0.464 0.026 0.51 0.125 0.12 0.128 0.026 0.466 0.369 0.242 0.287 0.287 0.612 0.877 0.973 0.973 0.293 0.638 0.148 0.989 0.589 0.39 0.589 0.536 0.39 0.428 0.331 0.33 0.214 0.854 0 0 0.816 0.809 0 0.009 0 0.413 0.809 0 0.009 0.014 0 0.413 0.771 0.005 0.004 0.004 0.718 0.011 0 0 0.352 0 0.352 0.333 0.014 0.166 0.115 0.115 0.298 0.207 0.094 0.207 0.094 0.04 0.237 0.206 0.206

2 bet 15, 1 raise 40
0.528 0.528 0.822 0.679 0.679 0.696 0.765 0.765 0.629 0.689 0.67 0.689 0.67 0.664 0 0 0 0 0.013 0.271 0 0 0 0 0 0 0.006 0.001 0.001 0.001 0.015 0.011 0.16 0.513 0.871 0 0 0 0 0.001 0 0.054 0.001 0.001 0.001 0.015 0.011 0.16 0.513 0.871 0.86 0 0 0 0 0.001 0 0.054 0.874 0.88 0.872 0.974 0.534 0.631 0.757 0.713 0.713 0.387 0 0 0 0.707 0.362 0.852 0.004 0.408 0.152 0.409 0.46 0.152 0.572 0.668 0.668 0.786 0.143 0.001 0 0.002 0.182 0 0.991 0.001 0.007 0.182 0 0.991 0.986 0.001 0.007 0.229 0.995 0.996 0.996 0.281 0.989 0.001 0.023 0.642 0.023 0.642 0.661 0.986 0.834 0.885 0.885 0.702 0.792 0.906 0.792 0.906 0.959 0.763 0.794 0.794

2 bet 15, 1 raise 40, 2 call 40
0.001 0.001 0.001 0.001 0.001 0.001 1 1 1 0.735 0.775 0.775 0.001 0.001 0.001 0 0 0 0 0.999 1 1 0 0 0 0 0 0.048 0 0 0 0 0 0.034 1 1 0 0 0 0 0 0 0 0 0 0 0 0.034 1 1 0 0 0 0 0 0 0.959 0.958 0.958 0.653 0.262 0.001 0.158 0 0 0 0.31 0.002 0 0.998 0 0.998 0.998 0 0.283 0.322 0.323 0.998 0 0 0 0 0 0 0 0 0 0 0 0 0 0 0 0.998 0 0 0 0.993 0 0 0.018 0 0.018 0.019 0.999 0.005 0.005 0.005 1 1 1 1 1 0.999 0.016 0.016 0.016

1 raise 40, 2 raise 75
0.999 0.999 0.999 0.999 0.999 0.999 0 0 0 0.265 0.225 0.225 0.999 0.999 0.999 0 0 0 0 0 0 0 0 0 0 0 0 0 0 0 0 0 0 0 0 0 0 0 0 0 0 0 0 0 0 0 0 0 0 0 0 0 0 0 0 0 0.041 0.042 0.042 0.347 0.738 0.999 0.842 0 0 0 0.69 0.998 0 0.002 0 0.002 0.002 0 0.717 0.677 0.677 0.002 0 0 0 0 0 0 0 0 0 0 0 0 0 0 0 0.002 0 0 0 0.007 0 0 0.982 0 0.982 0.981 0.001 0.995 0.995 0.995 0 0 0 0 0 0.001 0.984 0.984 0.984

1 check, 2 bet 20
0.003 0 0 0 0 0 0 0 0 0 0 0 0 0 0 0 0 0 0 0 0 0 0 0 0 0 0 0 0 0 0 0 0 0 0 0 0 0 0 0 0 0 0 0 0 0 0 0 0 0 0 0 0 0 0 0 0 0 0 0 0 0 0 0 0 0 0 0.003 0 0 0 0 0 0 0 0 0 0 0 0 0 0 0 0 0 0 0 0 0 0 0 0 0 0 0 0 0 0 0 0 0 0 0 0 0 0 0 0 0 0 0 0 0 0 0 0 0

2 bet 20, 1 call 20
0.158 0.158 0 0.034 0.034 0.086 0.086 0.086 0.155 0.162 0.055 0.162 0.055 0.055 0 0 0 0.086 0.184 0.178 0 0.12 0.031 0.031 0.094 0.007 0.07 0 0 0 0 0.049 0.067 0.179 0 0 0.064 0.036 0.036 0.107 0 0 0 0 0 0 0.049 0.067 0.179 0 0 0 0.064 0.036 0.036 0.107 0 0 0.156 0.116 0.116 0 0.001 0 0.064 0.078 0.078 0.003 0.192 0.164 0.165 0 0.093 0 0.012 0.065 0 0.065 0.05 0 0.018 0.015 0.015 0.008 0.278 0 0 0.017 0.201 0 0.001 0 0.009 0.201 0 0.001 0.001 0 0.009 0.038 0 0 0 0.067 0.01 0 0 0.002 0 0.002 0.003 0.019 0 0 0 0.187 0.191 0.113 0.191 0.113 0.11 0.1 0.097 0.097

2 bet 20, 1 raise 50
0.313 0.313 1 0.966 0.966 0.914 0.914 0.914 0.844 0.838 0.945 0.838 0.945 0.945 0.001 0.003 0.003 0.276 0.194 0.808 0 0.084 0.019 0.019 0.001 0 0.284 0 0 0 0.222 0.085 0.119 0.719 0.999 0 0.037 0.026 0.026 0.042 0.001 0.295 0 0 0 0.222 0.085 0.119 0.719 0.999 0.999 0 0.037 0.026 0.026 0.042 0.001 0.295 0.843 0.883 0.883 0.999 0.998 0.999 0.934 0.921 0.921 0.996 0.025 0.024 0.024 0.998 0.906 0.999 0.279 0.701 0.061 0.701 0.709 0.062 0.897 0.902 0.902 0.986 0.439 0 0 0.383 0.364 0 0.998 0.002 0.196 0.364 0 0.998 0.997 0.002 0.196 0.925 0.999 0.999 0.999 0.894 0.982 0 0 0.996 0 0.996 0.996 0.938 0.998 0.998 0.998 0.812 0.808 0.847 0.808 0.847 0.85 0.892 0.895 0.895

2 bet 20, 1 raise 50, 2 call 50
0.007 0.003 0.003 0.006 0.006 0.005 0.787 0.787 0.807 0.445 0.44 0.44 0.001 0.001 0.001 0 0 0 0 1 1 1 0 0 0 0 0 0 0 0 0 0 0 0.919 1 0.999 0 0 0 0 0 0 0 0 0 0 0 0.919 1 0.999 0 0 0 0 0 0 0.303 0.317 0.318 0.194 0.063 0.179 0.051 0 0 0 0.039 0.013 0 0.814 0 0.814 0.765 0 0.332 0.302 0.302 0.999 0 0 0 0 0 0 0 0 0 0 0 0 0 0 0 0.998 0 0 0 0.967 0 0 0.386 0 0.386 0.393 1 0.111 0.117 0.117 0.617 0.604 0.557 0.604 0.557 0.582 0.129 0.103 0.103

1 raise 50, 2 raise 70
0.993 0.997 0.997 0.994 0.994 0.995 0.213 0.213 0.193 0.555 0.56 0.56 0.999 0.999 0.999 0 0 0 0 0 0 0 0 0 0 0 0 0 0 0 0 0 0 0 0 0.001 0 0 0 0 0 0 0 0 0 0 0 0 0 0.001 0 0 0 0 0 0 0.697 0.683 0.682 0.806 0.937 0.821 0.949 0 0 0 0.961 0.987 0 0.186 0 0.186 0.235 0 0.668 0.698 0.698 0.001 0 0 0 0 0 0 0 0 0 0 0 0 0 0 0 0.002 0 0 0 0.033 0 0 0.614 0 0.614 0.607 0 0.889 0.883 0.883 0.383 0.396 0.443 0.396 0.443 0.418 0.871 0.897 0.897

1 check, 2 bet 25
0 0 0 0 0 0 0 0 0 0 0 0 0 0 0 0 0 0 0 0 0 0 0 0 0 0 0 0 0 0 0 0 0 0 0 0 0 0 0 0 0 0 0 0 0 0 0 0 0 0 0 0 0 0 0 0 0 0 0 0 0 0 0 0 0 0 0 0 0 0 0 0 0 0 0 0 0 0 0 0 0 0 0 0 0 0 0 0 0 0 0 0 0 0 0 0 0 0 0 0 0 0 0 0 0 0 0 0 0 0 0 0 0 0 0 0 0

2 bet 25, 1 call 25
0 0 0.061 0 0 0.01 0 0 0 0 0 0 0 0 0.01 0.011 0.011 0.027 0 0.203 0.001 0.002 0.001 0.001 0 0 0.002 0.009 0.009 0.009 0.021 0.001 0.001 0.109 0 0.01 0.001 0.001 0.001 0 0.001 0.001 0.009 0.009 0.009 0.021 0.001 0.001 0.109 0 0 0.01 0.001 0.001 0.001 0 0.001 0.001 0.003 0 0 0 0 0.044 0 0 0 0 0.002 0.002 0.002 0 0 0 0.233 0.037 0 0.037 0.036 0 0.031 0.03 0.03 0.025 0.056 0 0.002 0 0.043 0 0 0.01 0 0.043 0 0 0 0.01 0 0.089 0 0 0 0.074 0.035 0 0 0 0 0 0 0.138 0 0 0 0.017 0.02 0.023 0.02 0.023 0.023 0.016 0.016 0.016

2 bet 25, 1 raise 90
0.196 0.196 0.939 1 1 0.99 1 1 1 1 1 1 1 1 0.02 0.021 0.021 0.042 0.266 0.53 0.002 0.002 0.001 0.001 0 0 0.003 0.016 0.017 0.017 0.035 0.001 0.001 0.212 1 0.018 0.001 0.001 0.001 0 0.001 0.002 0.016 0.017 0.017 0.035 0.001 0.001 0.212 1 1 0.018 0.001 0.001 0.001 0 0.001 0.002 0.997 1 1 1 1 0.956 1 1 1 1 0.002 0.002 0.002 1 1 1 0.002 0.803 0.018 0.803 0.804 0.018 0.83 0.831 0.831 0.945 0.689 0.022 0.004 0.004 0.546 0.018 1 0.022 0.037 0.546 0.018 1 1 0.022 0.037 0.786 1 1 1 0.764 0.965 0.001 0.019 1 0.019 1 1 0.697 1 1 1 0.948 0.926 0.884 0.926 0.884 0.883 0.908 0.908 0.908

2 bet 25, 1 raise 90, 2 call 90
1 1 1 1 1 1 1 1 1 1 1 1 1 1 1 0 0 0 0 1 1 1 0 0 0 0 0 0 0 0 0 0 0 0.275 1 1 0 0 0 0 0 0 0 0 0 0 0 0.275 1 1 0 0 0 0 0 0 1 1 1 1 1 1 1 0 0 0 1 1 0 1 0 1 1 0 1 1 1 1 0 0 0 0 0 0 0 0 0 0 0 0 0 0 0 1 0 0 0 1 0 0 1 0 1 1 1 1 1 1 1 1 1 1 1 1 1 1 1

root, 1 bet 7
0.489 0.489 0.527 0.541 0.541 0.556 0.557 0.557 0.282 0.353 0.526 0.353 0.526 0.464 0.007 0.13 0.132 0.179 0.495 0.331 0.701 0.456 0.263 0.263 0.446 0.354 0.331 0 0.001 0.001 0.172 0.23 0.326 0.354 0.233 0.585 0.664 0.427 0.432 0.516 0.32 0.264 0 0.001 0.001 0.172 0.23 0.326 0.354 0.233 0.228 0.585 0.664 0.432 0.427 0.516 0.32 0.264 0.216 0.057 0.064 0.131 0.491 0.382 0.418 0.324 0.324 0.136 0.309 0.234 0.234 0.43 0.221 0.509 0.34 0.279 0.434 0.279 0.262 0.434 0.356 0.263 0.263 0.594 0.002 0.42 0.188 0.01 0.005 0.156 0.066 0.016 0.192 0.005 0.156 0.066 0.1 0.016 0.192 0.323 0.093 0.132 0.132 0.327 0.716 0.461 0.195 0.127 0.195 0.127 0.07 0.3 0.262 0.099 0.099 0.397 0.348 0.211 0.348 0.211 0.154 0.144 0.005 0.005

1 bet 7, 2 call 7
0.26 0.462 0.462 0.619 0.619 0.488 1 1 1 0.727 0.755 0.755 0.692 0.692 0.799 0 0.247 0.25 1 1 1 1 0.836 0.999 0.043 0.043 0.868 1 0 0 0 0.995 1 1 1 1 0.001 0 0.186 0.001 0.998 0.999 0 0 0 0.995 1 1 1 1 0.001 0 0.001 0.186 0.998 0.999 1 0.999 0.999 0 1 0 0.465 0.593 0.481 0.481 0.998 0.194 1 1 1 1 1 1 1 1 1 1 0.999 0.999 0.001 0.001 0.886 0.386 0 0.093 0.017 0.711 0.386 0 0.017 0.093 0.711 1 0.822 0.683 0.683 1 0.992 0.427 0.684 0.427 0.684 0.589 1 0.79 0.614 0.614 1 1 1 1 1 1 0.801 0.725 0.725

1 bet 7, 2 raise 24
0.74 0.538 0.538 0.381 0.381 0.512 0 0 0 0.273 0.245 0.245 0.308 0.308 0.201 0.001 0.131 0.132 0 0 0 0 0.157 0 0 0 0.131 0 0 0 0 0 0 0 0 0 0 0 0 0 0 0 0 0 0 0 0 0 0 0 0 0 0 0 0 0 0 0.001 0.001 1 0 1 0.535 0.407 0.519 0.519 0.002 0.806 0 0 0 0 0 0 0 0 0 0 0 0 0 0 0.113 0.001 0 0 0 0.288 0.001 0 0 0 0.288 0 0.178 0.317 0.317 0 0.007 0.563 0.316 0.563 0.316 0.411 0 0.21 0.386 0.386 0 0 0 0 0 0 0.199 0.275 0.275

1 bet 7, 2 raise 24, 1 call  24
0.999 0.999 0 0.396 0.396 0.842 0.67 0.67 0 0 0 0 0 0 0 0 0 0 0.999 0.968 0 0.402 0 0 0.01 0 0.993 0 0 0 0 0.158 0.637 0.989 0.111 0 0 0 0 0.562 0 0.273 0 0 0 0 0.158 0.637 0.989 0.111 0.272 0 0 0 0 0.562 0 0.273 0.981 0.95 0.952 0 0.013 0 0.061 0.276 0.276 0.622 0.393 0.329 0.329 0 0.979 0 0.969 0.67 0 0.67 0.975 0 0.004 0 0 0.945 0.999 0 0 0.63 0.999 0 0 0 0 0.999 0 0 0 0 0 0.998 0 0 0 0.983 0.132 0 0 0.985 0 0.985 0.995 0.997 0.021 0.361 0.361 0.582 0.397 0 0.397 0 0 0 0 0

2 raise 24, 1 raise  83
0 0 1 0.604 0.604 0.158 0.33 0.33 1 1 1 1 1 1 0 0 0 0 0 0.032 0 0 0 0 0 0 0.001 0 0 0 0 0 0 0.011 0.889 0 0 0 0 0 0 0 0 0 0 0 0 0 0.011 0.889 0.728 0 0 0 0 0 0 0 0.019 0.05 0.048 1 0.987 1 0.939 0.724 0.724 0.378 0 0 0 1 0.021 1 0 0.329 0 0.329 0.013 0 0.996 1 1 0.055 0.001 0 0 0 0.001 0 1 0 0 0.001 0 1 1 0 0 0.002 1 1 1 0 0.868 0 0 0.015 0 0.015 0.005 0 0.979 0.639 0.639 0.418 0.603 1 0.603 1 1 1 1 1

root, 1 bet 10
0.09 0.09 0.139 0.036 0.036 0.133 0.112 0.112 0.216 0.162 0.266 0.162 0.266 0.262 0 0.002 0.002 0.25 0.151 0.223 0.132 0.161 0.001 0.001 0.182 0.15 0.05 0 0 0 0.111 0.093 0.142 0.176 0.115 0.081 0.057 0.063 0.056 0.17 0.107 0.182 0 0 0 0.111 0.093 0.142 0.176 0.115 0.022 0.081 0.057 0.056 0.063 0.17 0.107 0.182 0.159 0.056 0.057 0.001 0.096 0.16 0.21 0.144 0.144 0.01 0.154 0.091 0.091 0.129 0.059 0.091 0.197 0.126 0.251 0.126 0.147 0.251 0.137 0.119 0.119 0.113 0.002 0.151 0.191 0.028 0.025 0.07 0.027 0.007 0.173 0.025 0.07 0.027 0.106 0.007 0.173 0.219 0.03 0.028 0.028 0.207 0.187 0.191 0.106 0.087 0.106 0.087 0.085 0.276 0.148 0.104 0.104 0.107 0.015 0.063 0.015 0.063 0.008 0.092 0.001 0.001

1 bet 10, 2 call 10
0.395 0.57 0.57 0.568 0.568 0.321 1 1 1 0.699 0.599 0.599 0.934 0.934 0.997 0 0 0 0.999 1 1 1 0.343 0.985 0 0 0.77 1 0 0 0 0.099 1 1 1 1 0 0 0 0 0.485 0.995 0 0 0 0.099 1 1 1 1 0 0 0 0 0.485 0.995 1 1 1 0 1 0.162 0.803 0.816 0.536 0.536 0.854 0.468 1 1 1 1 1 1 1 1 1 1 0.24 0.529 0 0 0.624 0 0 0 0 0.994 0 0 0 0 0.994 1 0.874 0.999 0.999 1 0 0 0.713 0 0.713 0.567 1 0.957 0.928 0.928 1 1 1 1 1 1 1 0.872 0.873

1 bet 10, 2 raise 30
0.605 0.43 0.43 0.432 0.432 0.679 0 0 0 0.301 0.401 0.401 0.066 0.066 0.003 0 0 0 0 0 0 0 0.024 0 0 0 0.113 0 0 0 0 0 0 0 0 0 0 0 0 0 0 0 0 0 0 0 0 0 0 0 0 0 0 0 0 0 0 0 0 1 0 0.838 0.197 0.183 0.463 0.464 0.146 0.532 0 0 0 0 0 0 0 0 0 0 0 0 0 0 0 0.02 0 0 0 0.005 0.02 0 0 0 0.005 0 0 0 0 0 0 0.099 0.287 0.099 0.287 0.433 0 0.043 0.072 0.072 0 0 0 0 0 0 0 0.128 0.127

1 bet 10, 2 raise 30, 1 call  30
0.984 0.984 0 0.233 0.233 0.906 0.896 0.896 0 0 0 0 0 0 0 0 0 0 0.99 0.776 0 0.128 0 0 0.003 0 0.52 0 0 0 0 0 0.246 0.571 0.021 0 0 0 0 0.2 0 0 0 0 0 0 0 0.246 0.571 0.021 0.161 0 0 0 0 0.2 0 0 0.997 0.973 0.973 0 0 0 0 0.036 0.036 0.001 0 0 0 0 0.6 0 0 0.439 0 0.439 0.405 0 0 0 0 0.998 0.997 0 0 0 0.995 0 0 0 0 0.995 0 0 0 0 0 0.779 0 0 0 0.227 0.349 0 0 0.624 0 0.624 0.977 0.269 0 0 0 0.133 0.001 0 0.001 0 0 0 0 0

2 raise 30, 1 raise  80
0 0 1 0.767 0.767 0.094 0.104 0.104 1 1 1 1 1 1 0 0 0 0 0 0.224 0 0 0 0 0 0 0.001 0 0 0 0 0 0 0.429 0.979 0 0 0 0 0 0 0 0 0 0 0 0 0 0.429 0.979 0.839 0 0 0 0 0 0 0 0.002 0.027 0.027 1 1 1 1 0.964 0.964 0.998 0 0 0 1 0.399 1 0 0.561 0 0.561 0.593 0 1 1 1 0.002 0.003 0 0 0 0.003 0 1 0 0 0.003 0 1 1 0 0 0.176 1 1 1 0 0.651 0 0 0.376 0 0.376 0.023 0.001 1 1 1 0.867 0.999 1 0.999 1 1 1 1 1

root, 1 bet 15
0.027 0.027 0.054 0.001 0.001 0.013 0 0 0.255 0.165 0.133 0.165 0.133 0.166 0.001 0.049 0.047 0.364 0.056 0.208 0.049 0.108 0.018 0.018 0.183 0.179 0.198 0 0.001 0.001 0.195 0.155 0.136 0.151 0.215 0 0 0.007 0.005 0.079 0.116 0.227 0 0.001 0.001 0.195 0.155 0.136 0.151 0.215 0.089 0 0 0.005 0.007 0.079 0.116 0.227 0.039 0.093 0.094 0.143 0.001 0.246 0.191 0.176 0.176 0.168 0.119 0.126 0.126 0.074 0.126 0.21 0.151 0.161 0.137 0.161 0.139 0.137 0.152 0.149 0.149 0.007 0.064 0.14 0.198 0.451 0.015 0.193 0.069 0.106 0.232 0.015 0.193 0.069 0.095 0.106 0.232 0.243 0.062 0.074 0.074 0.211 0.009 0.074 0.194 0.179 0.194 0.179 0.163 0.294 0.165 0.201 0.201 0.045 0.029 0.115 0.029 0.115 0.062 0.109 0.062 0.062

1 bet 15, 2 call 15
0.241 0.523 0.523 0.776 0.776 0.361 0.999 0.999 0.999 0.514 0.406 0.406 0.999 0.999 0.999 0 0 0 0.983 1 0.859 1 0 0.141 0 0 0.178 0.999 0 0 0 0 0.327 0.995 0.875 0.999 0 0 0 0 0.183 0.014 0 0 0 0 0.327 0.995 0.875 0.999 0 0 0 0 0.183 0.014 0.877 0.779 0.781 0.001 1 0.357 0.72 0.716 0.709 0.709 0.79 0.656 0.999 0.462 0.328 0.462 0.318 0.328 0.999 0.999 0.999 1 0.001 0.148 0 0 0.415 0 0 0 0 0.476 0 0 0 0 0.476 1 0.474 0.462 0.462 0.999 0 0 0.864 0 0.864 0.589 1 0.999 0.918 0.918 1 1 0.999 1 0.999 0.999 0.999 0.937 0.937

1 bet 15, 2 raise 40
0.759 0.477 0.477 0.224 0.224 0.639 0.001 0.001 0.001 0.486 0.594 0.594 0.001 0.001 0.001 0 0 0 0 0 0.141 0 0 0 0 0 0 0 0 0 0 0 0 0 0.125 0 0 0 0 0 0 0 0 0 0 0 0 0 0.125 0 0 0 0 0 0 0 0.123 0.221 0.219 0.999 0 0.643 0.28 0 0 0 0.21 0.344 0 0 0 0 0 0 0 0 0 0 0 0 0 0 0 0 0 0 0 0 0 0 0 0 0 0 0 0 0 0.001 0 0 0.136 0 0.136 0.411 0 0.001 0.082 0.082 0 0 0 0 0 0 0.001 0.063 0.063

1 bet 15, 2 raise 40, 1 call  40
0.692 0.692 0 0 0 0.999 0.999 0.999 0 0 0 0 0 0 0 0 0 0 0.992 1 0 0.001 0 0 0 0 0.778 0 0 0 0 0 0 1 0 0 0 0 0 0 0 0 0 0 0 0 0 0 1 0 0 0 0 0 0 0 0 0 0.996 0.994 0.994 0.33 0 0 0.007 0.031 0.031 0 0 0 0 0 0 0 0 0.551 0 0.551 0.517 0 0 0 0 1 1 0 0 0 0.999 0 0 0 0 0.999 0 0 0 0 0 0.639 0 0 0 0.037 1 0 0 0.004 0 0.004 0.015 0.246 0 0 0 0.001 0.001 0 0.001 0 0 0 0 0

2 raise 40, 1 raise  75
0 0 1 1 1 0.001 0.001 0.001 1 1 1 1 1 1 0 0 0 0 0 0 0 0 0 0 0 0 0 0 0 0 0 0 0 0 1 0 0 0 0 0 0 0 0 0 0 0 0 0 0 1 1 0 0 0 0 0 0 0 0.004 0.006 0.006 0.67 1 1 0.993 0.969 0.969 1 0 0 0 1 1 1 0 0.449 0 0.449 0.483 0 1 1 1 0 0 0 0 0 0 0 1 0 0 0 0 1 1 0 0 0 1 1 1 0 0 0 0 0.996 0 0.996 0.985 0 1 1 1 0.999 0.999 1 0.999 1 1 1 1 1

root, 1 bet 20
0.002 0.002 0 0.001 0.001 0 0 0 0.164 0.106 0 0.106 0 0 0.298 0.351 0.349 0.207 0.029 0.083 0 0.012 0.177 0.177 0.137 0.161 0.281 0.035 0.096 0.093 0.455 0.182 0.097 0.153 0.295 0 0 0 0 0 0.108 0.196 0.035 0.096 0.093 0.455 0.182 0.097 0.153 0.295 0.272 0 0 0 0 0 0.108 0.196 0.017 0.053 0.053 0.564 0.001 0.078 0.14 0.217 0.217 0.674 0.308 0.317 0.317 0.188 0.333 0.178 0.008 0.197 0.006 0.197 0.197 0.006 0.158 0.23 0.23 0 0.293 0.273 0.376 0.5 0.061 0.385 0.274 0.432 0.367 0.061 0.385 0.274 0.298 0.432 0.367 0.098 0.303 0.335 0.335 0.189 0 0.245 0.328 0.294 0.328 0.294 0.335 0.117 0.297 0.368 0.368 0.046 0.059 0.301 0.059 0.301 0.365 0.241 0.341 0.341

1 bet 20, 2 call 20
0.433 0.468 0.468 0.648 0.648 0.612 0.998 0.998 0.997 0.44 0.36 0.36 0.992 0.992 0.994 0 0 0 0.221 0.998 0.999 0.999 0 0 0 0 0 0.983 0 0 0 0 0.004 0.459 0.931 0.85 0 0 0 0 0.046 0.002 0 0 0 0 0.004 0.459 0.931 0.85 0 0 0 0 0.046 0.002 0.918 0.795 0.804 0.024 0.999 0.002 0.586 0.353 0.249 0.249 0.993 0.158 0.991 0.001 0 0.001 0 0 0.998 0.818 0.818 0.999 0 0.007 0 0 0.295 0 0 0 0 0.012 0 0 0 0 0.012 0.998 0.325 0.166 0.166 0.996 0 0 0.851 0 0.851 0.714 0.998 0.994 0.587 0.587 0.999 0.999 0.665 0.999 0.665 0.68 0.988 0.764 0.764

1 bet 20, 2 raise 50
0.567 0.532 0.532 0.352 0.352 0.388 0.002 0.002 0.003 0.56 0.64 0.64 0.008 0.008 0.006 0 0 0 0 0 0.001 0 0 0 0 0 0 0 0 0 0 0 0 0 0.069 0 0 0 0 0 0 0 0 0 0 0 0 0 0.069 0 0 0 0 0 0 0 0.082 0.205 0.196 0.976 0.001 0.998 0.414 0 0 0 0.007 0.842 0 0 0 0 0 0 0.001 0.001 0.001 0.001 0 0 0 0 0 0 0 0 0 0 0 0 0 0 0 0.002 0 0 0 0.004 0 0 0.149 0 0.149 0.286 0.002 0.006 0.413 0.413 0.001 0.001 0.001 0.001 0.001 0.001 0.011 0.235 0.235

1 bet 20, 2 raise 50, 1 call  50
0.777 0.777 0 0 0 0.88 0.946 0.946 0.001 0.002 0 0.002 0 0 0 0 0 0 0.999 1 0 0.424 0 0 0.001 0 0.996 0 0 0 0 0 0.031 1 0 0 0 0 0 0 0 0.004 0 0 0 0 0 0.031 1 0 0 0 0 0 0 0 0 0.004 0.264 0.258 0.258 0.268 0.001 0 0.003 0.027 0.027 0 0 0 0 0 0.002 0.001 0 0.172 0 0.172 0.164 0 0 0 0 0.999 0.778 0 0 0 0.903 0 0 0 0 0.903 0 0 0 0 0 0.991 0 0 0 0.053 0.999 0 0 0.001 0 0.001 0.001 0.313 0 0 0 0.007 0.007 0.001 0.007 0.001 0.001 0 0 0

2 raise 50, 1 raise  70
0 0 1 1 1 0.12 0.054 0.054 0.999 0.998 1 0.998 1 1 0 0 0 0 0 0 0 0 0 0 0.001 0 0 0 0 0 0 0 0 0 1 0 0 0 0 0 0 0 0 0 0 0 0 0 0 1 1 0 0 0 0 0 0 0 0.736 0.742 0.742 0.732 0.999 1 0.997 0.973 0.973 1 0 0 0 1 0.998 0.999 0 0.828 0 0.828 0.836 0 1 1 1 0.001 0.222 0 0 0 0.093 0 1 0 0 0.093 0 1 1 0 0 0.001 1 1 1 0.001 0.001 0 0 0.999 0 0.999 0.999 0.001 1 1 1 0.993 0.993 0.999 0.993 0.999 0.999 1 1 1

root, 1 bet 25
0 0 0 0 0 0 0 0 0 0 0 0 0 0 0.629 0.435 0.434 0 0 0 0 0 0 0 0 0 0 0.319 0.259 0.258 0.005 0 0 0 0.06 0 0 0 0 0 0 0 0.319 0.259 0.258 0.005 0 0 0 0.06 0.107 0 0 0 0 0 0 0 0.569 0.74 0.733 0.012 0 0 0 0 0 0 0.01 0.131 0.131 0 0.108 0 0 0.123 0 0.123 0.114 0 0.03 0.097 0.097 0 0.639 0 0.034 0 0.824 0.137 0.56 0.439 0 0.824 0.137 0.56 0.397 0.439 0 0 0.437 0.376 0.376 0 0 0.011 0.11 0.259 0.11 0.259 0.298 0 0.1 0.181 0.181 0.109 0.216 0.279 0.216 0.279 0.407 0.329 0.522 0.522

1 bet 25, 2 call 25
0.25 0.009 0.009 0.207 0.207 0.221 0.999 0.999 0.999 0.02 0.093 0.093 0.995 0.995 0.996 0 0 0 0 0 0.678 0.792 0 0 0 0 0 0.424 0 0 0 0 0 0 0.999 0 0 0 0 0 0 0 0 0 0 0 0 0 0.999 0 0 0 0 0 0 0 0.993 0.13 0.199 0 0.828 0 0 0.162 0 0 0.991 0.005 0 0 0 0 0 0 0.958 0.312 0.312 0.001 0 0 0 0 0 0 0 0 0 0 0 0 0 0 0 0.976 0 0 0 0.577 0 0 0.932 0 0.932 0.984 1 0.183 0.005 0.005 0.999 0.998 0.396 0.998 0.396 0.158 0.495 0.534 0.534

1 bet 25, 2 raise 90
0.75 0.991 0.991 0.793 0.793 0.779 0.001 0.001 0.001 0.979 0.907 0.907 0.005 0.005 0.004 0 0 0 0 0 0.322 0 0 0 0 0 0 0 0 0 0 0 0 0 0 0 0 0 0 0 0 0 0 0 0 0 0 0 0 0 0 0 0 0 0 0 0.007 0.87 0.801 1 0.172 1 1 0 0 0 0.009 0.995 0 0 0 0 0 0 0.001 0.001 0.001 0.999 0 0 0 0 0 0 0 0 0 0 0 0 0 0 0 0.024 0 0 0 0.423 0 0 0.068 0 0.068 0.016 0 0.817 0.995 0.995 0 0 0 0 0 0 0.505 0.465 0.465

1 bet 25, 2 raise 90, 1 call  90
0.997 0.997 1 1 1 1 1 1 1 1 1 1 1 1 0 0 0 0 1 1 0 0.988 0 0 0.983 0.006 0.984 0 0 0 0 0.001 0.921 1 1 0 0 0 0 0.988 0 0 0 0 0 0 0.001 0.921 1 1 1 0 0 0 0 0.988 0 0 1 1 1 1 1 1 1 1 1 1 0 0 0 1 1 1 0 1 0 1 1 0 1 1 1 1 1 0 0 0 1 0 1 0 0 1 0 1 1 0 0 1 1 1 1 1 1 0 0 1 0 1 1 1 1 1 1 1 1 1 1 1 1 1 1 1
