game = '6-max Cash', preflop situation = 'EP openraise BB 3bet EP call', stack = '90', pot = '20', bets = '33 50 75 100 125'

OOP preflop range
6c5c_0.25 6d5d_0.25 6h5h_0.25 6s5s_0.25 7c6c_0.25 7d6d_0.25 7h6h_0.25 7s6s_0.25 8c7c_0.25 8d7d_0.25 8h7h_0.25 8s7s_0.25 9c8c_0.25 9d8d_0.25 9d9c_0.25 9h8h_0.25 9h9c_0.25 9h9d_0.25 9s8s_0.25 9s9c_0.25 9s9d_0.25 9s9h_0.25 Ac2c_0.50 Ac3c_0.25 Ac4c_0.25 Ac5c_0.25 Ac6c_0.50 Ac7c_0.50 Ac8c_0.25 AcJc_0.50 AcKc_1 AcKd_0.50 AcKh_0.50 AcQc_1 AcTc_0.25 Ad2d_0.50 Ad3d_0.25 Ad4d_0.25 Ad5d_0.25 Ad6d_0.50 Ad7d_0.50 Ad8d_0.25 AdAc_1 AdJd_0.50 AdKc_0.50 AdKd_1 AdKh_0.50 AdQd_1 AdTd_0.25 As2s_0.50 As3s_0.25 As4s_0.25 As5s_0.25 As6s_0.50 As7s_0.50 As8s_0.25 AsAc_1 AsAd_1 AsJs_0.50 AsKc_0.50 AsKd_0.50 AsKh_0.50 AsQs_1 JcTc_0.25 JdJc_0.75 JdTd_0.25 JhJc_0.75 JhJd_0.75 JhTh_0.25 JsJc_0.75 JsJd_0.75 JsJh_0.75 Kc9c_0.25 KcJc_0.50 KcQc_1 KcTc_0.25 Kd9d_0.25 KdJd_0.50 KdKc_1 KdQd_1 KdTd_0.25 Kh9h_0.25 KhJh_0.50 KhKc_1 KhKd_1 KhQh_1 KhTh_0.25 QcJc_0.50 QdJd_0.50 QdQc_1 QhJh_0.50 QhQc_1 QhQd_1 QsJs_0.50 QsQc_1 QsQd_1 QsQh_1 Tc9c_0.25 Td9d_0.25 TdTc_0.50 Th9h_0.25 ThTc_0.50 ThTd_0.50

IP preflop range
6d6c_0.25 6h6c_0.25 6h6d_0.25 6s6c_0.25 6s6d_0.25 6s6h_0.25 7d7c_0.50 7h7c_0.50 7h7d_0.50 7s7c_0.50 7s7d_0.50 7s7h_0.50 8d8c_1 8h8c_1 8h8d_1 8s8c_1 8s8d_1 8s8h_1 9d9c_1 9h9c_1 9h9d_1 9s9c_1 9s9d_1 9s9h_1 Ac2c_1 Ac3c_1 Ac4c_1 Ac5c_1 Ac6c_1 Ac7c_1 Ac8c_1 Ac9c_1 AcJc_1 AcQc_0.75 AcQd_1 AcQh_1 AcQs_1 AcTc_1 Ad2d_1 Ad3d_1 Ad4d_1 Ad5d_1 Ad6d_1 Ad7d_1 Ad8d_1 Ad9d_1 AdJd_1 AdQc_1 AdQd_0.75 AdQh_1 AdQs_1 AdTd_1 As2s_1 As3s_1 As4s_1 As5s_1 As6s_1 As7s_1 As8s_1 As9s_1 AsJs_1 AsQc_1 AsQd_1 AsQh_1 AsQs_0.75 JcTc_0.50 JdJc_1 JdTd_0.50 JhJc_1 JhJd_1 JhTh_0.50 JsJc_1 JsJd_1 JsJh_1 KcJc_1 KcQc_1 KcQd_0.50 KcQh_0.50 KcQs_0.50 KdJd_1 KdQc_0.50 KdQd_1 KdQh_0.50 KdQs_0.50 KhJh_1 KhQc_0.50 KhQd_0.50 KhQh_1 KhQs_0.50 QcJc_0.50 QdJd_0.50 QdQc_1 QhJh_0.50 QhQc_1 QhQd_1 QsJs_0.50 QsQc_1 QsQd_1 QsQh_1 Tc9c_0.25 Td9d_0.25 TdTc_1 Th9h_0.25 ThTc_1 ThTd_1

root, 1 check
0.07 0.07 0 0 0.07 0.07 0 0 0.426 0.426 0 0 0.963 0.963 0.368 0.005 0.255 0.255 0 0 0 0 0.016 0.009 0.006 0.002 0.012 0.009 0.005 0.01 0.003 0.001 0.002 0.013 0 0.016 0.009 0.006 0.002 0.012 0.009 0.005 0.017 0.01 0.001 0.003 0.002 0.013 0 0 0.001 0.001 0.002 0.003 0.005 0.004 0.003 0.003 0.029 0.001 0.001 0.001 0.023 0 0 0 0 0 0 0 0 0.001 0.001 0.004 0.003 0 0.001 0.004 0.012 0.003 0 0 0 0.015 0.015 0.002 0 0 0 0.011 0.003 0.009 0.009 0 0.008 0.008 0.009 0 0 0.001 0 0 0

1 check, 2 check
0.466 0.383 0.383 0.473 0.473 0.409 0.63 0.447 0.447 0.536 0.536 0.407 0.845 0.543 0.543 0.585 0.585 0.419 0.981 0.872 0.871 0.721 0.721 0.615 0.71 0.704 0.707 0.692 0.761 0.895 0.999 1 0.998 0.805 0.811 0.939 0.377 0.698 0.71 0.704 0.707 0.692 0.761 0.895 0.999 1 0.998 0.812 0.805 0.939 0.377 0.698 0.449 0.449 0.45 0.443 0.437 0.43 0.404 0.394 0.209 0.412 0.412 0.46 0.149 0.748 0.572 0.748 0.732 0.732 0.915 0.637 0.637 0.739 0.893 0.666 0.667 0.74 0.88 0.893 0.667 0.666 0.74 0.88 0.807 0.704 0.704 0.986 0.9 0.245 0.245 0.532 0.142 0.53 0.53 0.255 0.517 0.517 0.58 0.78 0.779 0.36 1 0.361 0.361

1 check, 2 bet 7
0.253 0.241 0.241 0.252 0.252 0.253 0.201 0.218 0.218 0.225 0.225 0.248 0.15 0.2 0.2 0.232 0.232 0.244 0.013 0.101 0.101 0.165 0.165 0.204 0.119 0.121 0.121 0.145 0.119 0.041 0 0 0 0.098 0.096 0.054 0.247 0.156 0.119 0.121 0.121 0.145 0.119 0.041 0 0 0 0.096 0.098 0.054 0.247 0.156 0.278 0.278 0.278 0.273 0.266 0.262 0.268 0.277 0.346 0.185 0.185 0.211 0.302 0.174 0.171 0.174 0.14 0.14 0.085 0.164 0.164 0.161 0.063 0.149 0.154 0.143 0.117 0.063 0.154 0.149 0.143 0.117 0.179 0.092 0.092 0.014 0.091 0.365 0.365 0.155 0.368 0.171 0.171 0.438 0.179 0.179 0.165 0.16 0.16 0.286 0 0.289 0.289

2 bet 7, 1 call 7
0 0 0 1 0 0 0 1 0 0 0 1 0 0 0.009 0 0.027 0.027 1 0.607 0.607 0.651 0.008 0.03 0.048 0.109 0.298 0.585 0.995 0.995 0 0.001 0.005 0.013 1 0.008 0.03 0.048 0.109 0.297 0.585 0.995 0.002 0.995 0.001 0 0.005 0.013 1 0.99 1 0.998 0.992 0.947 0.941 1 1 1 0.127 0.998 0.998 0.999 0.15 0.03 0.548 0.03 0.009 0.009 1 0.791 0.791 0.398 0.683 0.991 0.899 1 0.683 0.991 0.002 0.899 1 1 1 0.019 0.019 1 1 0 0 0.252 0.004 0 0 0 0.215 0.214 0.017 0.385 0.385 0.001 1 0.001 0.001

2 bet 7, 1 raise 24
0.279 0.279 0.977 0 0.001 0.001 0.478 0 0 0 0 0 0 0 0.004 0 0.006 0.006 0 0.112 0.112 0.072 0.991 0.97 0.952 0.891 0.702 0.415 0.004 0.005 1 0.999 0.995 0.987 0 0.991 0.97 0.952 0.891 0.702 0.415 0.004 0.998 0.005 0.999 1 0.995 0.987 0 0.01 0 0.002 0.008 0.053 0.059 0 0 0 0.873 0.002 0.002 0.001 0.85 0.97 0.451 0.97 0.989 0.989 0 0.209 0.209 0.602 0.2 0.009 0.101 0 0.199 0.009 0.998 0.101 0 0 0 0.981 0.981 0 0 1 1 0.748 0.996 1 1 1 0.785 0.786 0.983 0.614 0.614 0.999 0 0.999 0.999

2 bet 7, 1 raise 24, 2 call 24
0 0 0 0 0 0 0 0 0 0 0 0 0 0 0 0 0 0 0 0 0 0 0 0 0.124 0.123 0.123 0.072 0.075 0.133 0.169 0.194 0.305 0.222 0.233 0.253 0.144 0.279 0.124 0.123 0.123 0.072 0.075 0.133 0.169 0.194 0.305 0.233 0.222 0.253 0.144 0.279 0.074 0.073 0.078 0.065 0.08 0.136 0.18 0.197 0.668 0.287 0.287 0.3 0.292 0.491 0.102 0.491 0.124 0.124 0.939 0.283 0.283 0.337 0.566 0.257 0.275 0.232 0.489 0.566 0.275 0.257 0.232 0.489 0.94 0.305 0.305 0.912 0.591 0.622 0.622 0 0.453 0 0 0.977 0.309 0.309 0.312 0 0 0.289 0.115 0.288 0.288

1 raise 24, 2 raise 83
0 0 0 0 0 0 0 0 0 0 0 0 0 0 0 0 0 0 0 0 0 0 0 0 0 0 0 0 0 0.001 0.01 0.015 0.695 0.777 0.766 0.745 0.856 0.721 0 0 0 0 0 0.001 0.01 0.016 0.695 0.766 0.777 0.745 0.856 0.721 0.926 0.927 0.922 0.935 0.92 0.864 0.82 0.803 0.332 0.699 0.699 0.695 0.708 0.001 0.001 0.001 0.001 0.001 0.006 0.017 0.017 0.015 0.208 0.014 0.013 0.002 0.288 0.208 0.013 0.014 0.002 0.288 0.059 0.005 0.005 0.003 0.23 0.378 0.378 0 0.547 0 0 0.023 0 0 0 0 0 0.711 0 0.712 0.712

1 check, 2 bet 10
0.16 0.18 0.18 0.16 0.16 0.179 0.115 0.167 0.167 0.145 0.145 0.177 0.004 0.131 0.131 0.116 0.116 0.174 0.002 0.015 0.015 0.075 0.075 0.106 0.093 0.095 0.093 0.088 0.057 0.027 0.001 0 0.001 0.061 0.059 0.004 0.216 0.114 0.093 0.095 0.093 0.088 0.057 0.027 0.001 0 0.001 0.059 0.061 0.004 0.216 0.114 0.174 0.173 0.173 0.177 0.178 0.177 0.181 0.192 0.258 0.164 0.164 0.155 0.265 0.078 0.131 0.078 0.072 0.072 0.001 0.118 0.118 0.098 0.038 0.086 0.082 0.076 0.003 0.038 0.082 0.086 0.076 0.003 0.014 0.084 0.084 0 0.009 0.256 0.256 0.163 0.287 0.172 0.172 0.223 0.166 0.166 0.149 0.054 0.055 0.171 0 0.173 0.173

2 bet 10, 1 call 10
0 0 0 1 0 0 0 1 0 0 0 1 0 0 0 0 0 0 1 0.002 0.002 0.002 0.212 0.353 0.381 0.415 0.66 0.97 0.989 1 0 0 0 0.243 0.999 0.212 0.353 0.381 0.415 0.66 0.97 0.989 0.01 1 0 0 0 0.243 0.999 0.819 0.904 0.918 0.926 0.833 0.869 0.999 1 1 0.617 0.997 0.997 0.997 0.206 0.634 0.476 0.634 0.41 0.41 0.999 0.997 0.997 0.895 0.318 0.998 0.998 0.998 0.319 0.998 0.092 0.998 0.998 0.999 1 0.031 0.031 1 0.998 0.167 0.168 0.326 0.103 0.026 0.026 0 0.3 0.3 0.267 0.127 0.128 0.045 0.999 0 0

2 bet 10, 1 raise 30
0.003 0.003 0.501 0 0 0 0 0 0 0 0 0 0 0 0.048 0 0.004 0.004 0 0.699 0.695 0.629 0.787 0.646 0.619 0.585 0.339 0.027 0 0 1 1 1 0.757 0.001 0.787 0.646 0.619 0.584 0.339 0.027 0 0.99 0 1 1 1 0.757 0.001 0.181 0.096 0.082 0.074 0.167 0.131 0.001 0 0 0.383 0.003 0.003 0.003 0.794 0.365 0.362 0.365 0.472 0.472 0 0.002 0.002 0.104 0.126 0 0.001 0.002 0.124 0 0.908 0.001 0.002 0 0 0.969 0.969 0 0.002 0.833 0.832 0.635 0.897 0.931 0.931 1 0.7 0.7 0.733 0.871 0.87 0.955 0 1 1

2 bet 10, 1 raise 30, 2 call 30
0 0 0 0 0 0 0 0 0 0 0 0 0 0 0 0 0 0 0 0 0 0 0 0 0.01 0.01 0.01 0.011 0.016 0.026 0.04 0.03 0.133 0.091 0.077 0.126 0.005 0.182 0.01 0.01 0.01 0.011 0.016 0.026 0.04 0.03 0.133 0.077 0.091 0.126 0.005 0.182 0.002 0.001 0.001 0.003 0.017 0.039 0.058 0.074 0.273 0.254 0.254 0.362 0.015 0.358 0.027 0.358 0.042 0.042 0.614 0.152 0.152 0.202 0.347 0.12 0.121 0.096 0.303 0.347 0.121 0.12 0.096 0.303 0.553 0.139 0.139 0.339 0.316 0.299 0.3 0 0.274 0 0 0.416 0.069 0.069 0.002 0 0 0.244 0.001 0.242 0.242

1 raise 30, 2 raise 80
0 0 0 0 0 0 0 0 0 0 0 0 0 0 0 0 0 0 0 0 0 0 0 0 0 0 0 0 0 0 0 0.001 0.867 0.903 0.887 0.846 0.995 0.818 0 0 0 0 0 0 0 0.001 0.867 0.888 0.903 0.846 0.995 0.818 0.998 0.999 0.999 0.997 0.983 0.961 0.942 0.926 0.727 0.745 0.745 0.638 0.985 0.002 0.001 0.002 0.001 0.001 0.023 0.061 0.061 0.054 0.225 0.009 0.009 0.002 0.181 0.225 0.009 0.009 0.002 0.181 0.23 0.003 0.003 0.007 0.177 0.701 0.7 0 0.726 0 0 0.584 0 0 0 0 0 0.756 0 0.758 0.758

1 check, 2 bet 15
0.118 0.16 0.16 0.115 0.115 0.151 0.055 0.148 0.148 0.094 0.094 0.15 0.001 0.122 0.122 0.067 0.067 0.146 0.004 0.012 0.013 0.04 0.04 0.075 0.072 0.074 0.073 0.071 0.062 0.037 0.001 0 0 0.036 0.033 0.002 0.156 0.032 0.072 0.074 0.073 0.071 0.062 0.037 0.001 0 0 0.033 0.036 0.002 0.156 0.032 0.099 0.099 0.099 0.106 0.119 0.13 0.147 0.137 0.166 0.212 0.212 0.173 0.192 0 0.118 0 0.057 0.057 0 0.08 0.08 0.002 0.005 0.089 0.089 0.041 0 0.005 0.089 0.089 0.041 0 0 0.112 0.112 0 0 0.134 0.134 0.138 0.168 0.128 0.128 0.084 0.134 0.134 0.106 0.007 0.007 0.183 0 0.177 0.177

2 bet 15, 1 call 15
0 0 0 1 0 0 0 1 0 0 0 1 0 0 0 0 0 0 1 0.001 0.001 0.001 0.356 0.499 0.534 0.58 0.56 0.491 0.56 0.998 0 0 0 0.199 0.998 0.356 0.499 0.534 0.58 0.56 0.491 0.56 0.014 0.998 0 0 0 0.2 0.998 0.341 0.378 0.387 0.396 0.397 0.484 0.648 0.999 0.999 0.521 0.997 0.997 0.997 0.546 0.642 0.084 0.642 0.085 0.085 1 0.984 0.984 0.887 0.002 0.943 0.935 0.592 0.002 0.943 0.102 0.935 0.593 0.997 0.999 0.047 0.047 0.999 0.979 0.727 0.727 0.107 0.956 0.008 0.008 0.498 0.487 0.487 0.304 0.078 0.078 0.417 0.999 0.398 0.398

2 bet 15, 1 raise 40
0 0 0.026 0 0 0 0 0 0 0 0 0 0 0 0.034 0 0 0 0 0.419 0.416 0.361 0.436 0.383 0.373 0.355 0.012 0 0 0.002 1 1 1 0.801 0.002 0.436 0.383 0.373 0.355 0.011 0 0 0.986 0.002 1 1 1 0.8 0.002 0.659 0.622 0.613 0.604 0.603 0.516 0.352 0.001 0.001 0.479 0.003 0.003 0.003 0.454 0.356 0 0.355 0.009 0.009 0 0.011 0.011 0.107 0 0 0 0.408 0 0 0.898 0 0.407 0 0 0.953 0.953 0 0.021 0.273 0.273 0.244 0.044 0.433 0.433 0.502 0.513 0.513 0.696 0.916 0.916 0.583 0 0.602 0.602

2 bet 15, 1 raise 40, 2 call 40
0 0 0 0 0 0 0 0 0 0 0 0 0 0 0 0 0 0 0 0 0 0 0 0 0 0 0 0 0 0 0 0 0.088 0.005 0.017 0.006 0 0.253 0 0 0 0 0 0 0 0 0.088 0.017 0.005 0.006 0 0.253 0 0 0 0 0 0 0 0 0.026 0.012 0.012 0.005 0.01 0.088 0 0.088 0 0 0.375 0.02 0.02 0.014 0.272 0.007 0.009 0 0.216 0.272 0.009 0.007 0 0.216 0.33 0.015 0.015 0.044 0.238 0.062 0.062 0 0.067 0 0 0.159 0 0 0 0 0 0 0 0 0

1 raise 40, 2 raise 75
0 0 0 0 0 0 0 0 0 0 0 0 0 0 0 0 0 0 0 0 0 0 0 0 0 0 0 0 0 0 0 0 0.911 0.977 0.89 0.945 1 0.747 0 0 0 0 0 0 0 0 0.911 0.89 0.977 0.945 1 0.747 1 1 1 1 1 1 1 1 0.974 0.96 0.96 0.993 0.99 0 0 0 0 0 0 0 0 0 0.053 0 0 0 0.047 0.053 0 0 0 0.047 0.112 0 0 0 0.009 0.938 0.938 0 0.933 0 0 0.841 0 0 0 0 0 1 0 1 1

1 check, 2 bet 20
0.003 0.03 0.03 0 0 0.008 0 0.017 0.017 0 0 0.017 0 0.003 0.003 0 0 0.018 0 0 0 0 0 0 0.003 0.003 0.003 0.002 0 0 0 0 0 0 0 0.001 0.003 0 0.003 0.003 0.003 0.002 0 0 0 0 0 0 0 0.001 0.003 0 0 0 0 0 0 0 0 0 0.021 0.025 0.025 0.002 0.04 0 0.002 0 0 0 0 0 0 0 0 0.01 0.009 0 0 0 0.009 0.01 0 0 0 0.007 0.007 0 0 0 0 0.013 0.035 0 0 0 0.004 0.004 0 0 0 0 0 0 0

2 bet 20, 1 call 20
0 0 0 0.991 0 0 0 0.99 0 0 0 0.995 0 0 0 0 0 0 0.996 0.231 0.231 0.225 0.328 0.352 0.355 0.361 0.307 0.304 0.315 0.447 0 0 0 0.007 0.25 0.328 0.352 0.355 0.361 0.307 0.304 0.315 0.198 0.447 0 0 0 0.007 0.25 0.168 0.173 0.176 0.177 0.192 0.235 0.319 0.578 0.578 0.31 0.01 0.01 0.005 0.286 0.401 0.002 0.401 0.031 0.031 0.663 0.28 0.28 0.311 0.272 0.302 0.391 0.113 0.272 0.302 0.17 0.391 0.113 0.464 0.702 0.146 0.146 0.591 0.04 0.201 0.201 0.261 0.055 0.231 0.231 0.31 0.39 0.39 0.354 0.426 0.425 0.195 0.979 0.184 0.184

2 bet 20, 1 raise 50
0 0 0 0.008 0 0 0 0.009 0 0 0 0.004 0.001 0.001 0.004 0 0.004 0.004 0.003 0.002 0.002 0.002 0.037 0.026 0.025 0.022 0.001 0.001 0 0.542 1 1 1 0.993 0.75 0.037 0.026 0.025 0.022 0.001 0.001 0 0.802 0.542 1 1 1 0.993 0.75 0.832 0.827 0.824 0.823 0.808 0.765 0.681 0.422 0.422 0.69 0.99 0.99 0.995 0.714 0 0 0 0.043 0.043 0.333 0.065 0.065 0.156 0 0 0.026 0.887 0 0 0.83 0.026 0.887 0 0.026 0.854 0.854 0.139 0.96 0.799 0.799 0.436 0.945 0.218 0.218 0.69 0.576 0.576 0.362 0.001 0.001 0.805 0 0.816 0.816

2 bet 20, 1 raise 50, 2 call 50
0 0 0 0 0 0 0 0 0 0 0 0 0 0 0 0 0 0 0 0 0 0 0 0 0 0 0 0 0 0 0 0 0.163 0.058 0.085 0.11 0.156 0.326 0 0 0 0 0 0 0 0 0.163 0.085 0.058 0.11 0.156 0.326 0.001 0.001 0.001 0.001 0.001 0.001 0.001 0.002 0 0 0 0.164 0 0 0 0 0 0 0.344 0 0 0 0.166 0 0 0.001 0.069 0.166 0 0 0.001 0.069 0.378 0 0 0.093 0.045 0 0 0 0 0 0 0 0 0 0 0 0 0 0 0 0

1 raise 50, 2 raise 70
0 0 0 0 0 0 0 0 0 0 0 0 0 0 0 0 0 0 0 0 0 0 0 0 0 0 0 0 0 0 0 0 0.825 0.942 0.915 0.89 0.844 0.674 0 0 0 0 0 0 0 0 0.825 0.915 0.942 0.89 0.844 0.674 0.999 0.999 0.999 0.999 0.999 0.999 0.999 0.998 1 1 1 0.836 1 0 0 0 0 0 0 0 0 0 0 0 0 0 0 0 0 0 0 0 0 0 0 0 0 1 1 0 1 0 0 1 0 0 0 0 0 1 0 1 1

1 check, 2 bet 25
0 0.006 0.006 0 0 0 0 0.002 0.002 0 0 0 0 0 0 0 0 0 0 0 0 0 0 0 0.004 0.003 0.003 0.002 0 0 0 0 0 0 0 0 0 0 0.004 0.003 0.003 0.002 0 0 0 0 0 0 0 0 0 0 0 0 0 0 0 0 0 0 0.001 0.001 0.001 0 0.052 0 0.005 0 0 0 0 0.001 0.001 0 0 0 0 0 0 0 0 0 0 0 0 0 0 0 0 0 0 0 0.001 0 0 0 0 0 0 0 0 0 0 0 0

2 bet 25, 1 call 25
0 0 0 0.289 0 0 0 0.28 0 0 0 0.248 0 0 0 0 0 0 0.241 0 0 0 0.054 0.06 0.062 0.068 0.044 0.048 0.051 0.124 0.019 0.019 0.019 0.252 0.016 0.054 0.06 0.062 0.068 0.044 0.048 0.051 0.025 0.124 0.019 0.019 0.019 0.252 0.016 0.001 0.001 0.002 0.002 0.004 0.005 0.004 0.5 0.5 0.086 0.02 0.02 0.02 0.038 0.063 0 0.063 0 0 0.21 0.049 0.049 0.127 0.085 0.022 0.154 0.065 0.084 0.022 0.042 0.154 0.065 0.135 0.287 0.042 0.042 0.258 0.125 0.065 0.065 0.243 0.066 0.251 0.251 0.071 0.332 0.332 0.339 0.002 0.002 0.074 0.02 0.074 0.074

2 bet 25, 1 raise 90
0 0 0 0.029 0 0 0 0.045 0 0 0 0.067 0.001 0.001 0.001 0.001 0.001 0.001 0.081 0.002 0.002 0.002 0.071 0.07 0.07 0.07 0.04 0.042 0.053 0.736 0.981 0.981 0.981 0.748 0.984 0.071 0.07 0.07 0.07 0.04 0.042 0.053 0.975 0.736 0.981 0.981 0.981 0.748 0.984 0.999 0.999 0.998 0.998 0.996 0.995 0.996 0.5 0.5 0.914 0.98 0.98 0.98 0.962 0.001 0 0.001 0 0 0.183 0 0 0.012 0.05 0.001 0.112 0.935 0.05 0.001 0.958 0.112 0.935 0.106 0.133 0.958 0.958 0.154 0.875 0.935 0.935 0.106 0.934 0.113 0.113 0.929 0.223 0.223 0.228 0.067 0.067 0.926 0.138 0.926 0.926

2 bet 25, 1 raise 90, 2 call 90
0 0 0 0 0 0 0 0 0 0 0 0 0 0 0 0 0 0 0 0 0 0 0 0 0.001 0.001 0.001 0.001 0.001 0.001 0.002 0.003 0.756 1 1 1 1 1 0.001 0.001 0.001 0.001 0.001 0.001 0.002 0.003 0.756 1 1 1 1 1 1 1 1 1 1 1 1 1 1 1 1 1 1 0 0 0 0 0 0 0 0 0 0 0 0 0 0.001 0 0 0 0 0.001 0 0 0 0 0.001 1 1 0 1 0 0 1 0 0 0 0 0 1 0 1 1

root, 1 bet 7
0.266 0.266 0.273 0.321 0.34 0.34 0.311 0.31 0.318 0.318 0.379 0.281 0.022 0.022 0.288 0.38 0.239 0.239 0.282 0.24 0.24 0.19 0.399 0.44 0.453 0.476 0.488 0.551 0.745 0.524 0.233 0.25 0.272 0.191 0.297 0.399 0.44 0.453 0.476 0.488 0.551 0.745 0.168 0.524 0.25 0.233 0.272 0.191 0.297 0.174 0.215 0.225 0.242 0.201 0.288 0.458 0.249 0.249 0.663 0.331 0.331 0.355 0.237 0.324 0.052 0.324 0.136 0.136 0.517 0.171 0.171 0.223 0.226 0.249 0.205 0.001 0.226 0.249 0.18 0.205 0.001 0.16 0.366 0.208 0.208 0.305 0.045 0.338 0.338 0.145 0.343 0.123 0.123 0.215 0.168 0.168 0.167 0.157 0.157 0.158 0.228 0.141 0.141

1 bet 7, 2 call 7
0 0 0 0.226 0.226 0.861 0 0 0 0.024 0.024 0.626 0 0 0 0.113 0.113 0.424 0 0 0 0.001 0.001 0.075 0.714 0.691 0.712 0.616 0.691 0.996 0.999 1 1 0.999 1 0.999 0.998 1 0.714 0.691 0.712 0.616 0.691 0.996 0.999 1 1 1 0.999 0.999 0.998 1 0.995 0.995 0.996 0.999 1 1 1 1 0.996 0.995 0.995 0.993 0.667 1 0.624 1 0.468 0.468 1 0.999 0.999 0.999 0.985 0.993 1 1 0.968 0.985 1 0.993 1 0.968 1 0.998 0.998 1 0.628 0.998 0.998 0.201 0.999 0.18 0.18 0.999 0.996 0.996 0.998 0.996 0.996 0.999 1 0.999 0.999

1 bet 7, 2 raise 24
0 0 0 0 0 0.001 0 0 0 0 0 0 0 0 0 0 0 0 0 0 0 0 0 0 0.008 0.01 0.009 0.002 0.001 0 0 0 0 0.001 0 0.001 0.002 0 0.008 0.01 0.009 0.002 0.001 0 0 0 0 0 0.001 0.001 0.002 0 0.005 0.005 0.004 0.001 0 0 0 0 0.004 0.005 0.005 0.007 0.333 0 0 0 0 0 0 0 0 0 0.015 0.006 0 0 0.032 0.015 0 0.006 0 0.032 0 0.002 0.002 0 0.372 0.002 0.002 0 0.001 0 0 0.001 0.002 0.002 0.001 0 0 0.001 0 0.001 0.001

1 bet 7, 2 raise 24, 1 call  24
0 0 0 0.361 0 0 0 0.423 0 0 0 0.506 0 0 0 0 0 0 0.503 0 0 0 0.093 0.102 0.109 0.118 0.137 0.161 0.349 0.482 0.041 0.039 0.141 0 0.336 0.093 0.102 0.109 0.118 0.137 0.161 0.349 0.172 0.482 0.039 0.041 0.141 0 0.336 0 0 0 0 0 0 0 0.335 0.335 0.008 0.315 0.315 0.351 0.044 0.233 0 0.233 0.002 0.002 0 0.007 0.007 0.011 0 0.003 0.175 0 0 0.003 0.014 0.175 0 0 0.305 0.15 0.15 0.523 0.167 0.229 0.229 0 0.081 0 0 0.429 0.009 0.009 0.015 0 0 0 0.241 0 0

2 raise 24, 1 raise  83
0 0 0 0.44 0 0 0 0.402 0 0 0 0.349 0 0 0 0 0 0 0.352 0 0 0 0.045 0.044 0.043 0.042 0.042 0.04 0.029 0.518 0.959 0.961 0.859 1 0.664 0.045 0.044 0.043 0.042 0.042 0.04 0.029 0.828 0.518 0.961 0.959 0.859 1 0.664 1 1 1 1 1 1 1 0.665 0.665 0.992 0.685 0.685 0.649 0.956 0.426 0.028 0.426 0.036 0.036 1 0.166 0.166 0.105 0.002 0.158 0.049 1 0.002 0.158 0.986 0.049 1 0 0.294 0.85 0.85 0.03 0.833 0.771 0.771 0 0.919 0.018 0.018 0.571 0.829 0.829 0.634 0.074 0.074 1 0.183 1 1

root, 1 bet 10
0.184 0.184 0.398 0.537 0.228 0.228 0.448 0.526 0.237 0.237 0.451 0.505 0.01 0.01 0.338 0.406 0.293 0.293 0.592 0.371 0.371 0.308 0.346 0.351 0.355 0.365 0.36 0.352 0.249 0.395 0.345 0.363 0.397 0.303 0.448 0.346 0.351 0.355 0.365 0.36 0.352 0.249 0.292 0.395 0.363 0.345 0.397 0.303 0.448 0.432 0.441 0.442 0.443 0.395 0.379 0.385 0.364 0.364 0.307 0.472 0.472 0.485 0.37 0.459 0.385 0.459 0.38 0.38 0.444 0.381 0.381 0.41 0.483 0.472 0.389 0.268 0.483 0.472 0.321 0.389 0.268 0.378 0.45 0.351 0.351 0.441 0.494 0.434 0.434 0.354 0.454 0.295 0.295 0.354 0.407 0.407 0.375 0.385 0.385 0.385 0.514 0.349 0.349

1 bet 10, 2 call 10
0 0 0 0.216 0.216 0.622 0 0 0 0.041 0.041 0.428 0 0 0 0.074 0.074 0.207 0 0 0 0.001 0.001 0.006 0.399 0.373 0.387 0.256 0.276 0.507 0.98 0.998 1 0.999 1 1 0.998 1 0.399 0.373 0.387 0.256 0.276 0.507 0.98 0.998 1 1 0.999 1 0.998 1 0.997 0.997 0.997 1 1 1 1 1 0.998 0.997 0.997 0.998 0.996 1 0.304 1 0.336 0.336 1 0.999 0.999 0.999 1 1 0.999 0.999 1 1 0.999 1 0.999 1 1 0.999 0.999 1 0.993 0.999 0.999 0 1 0 0 1 0.998 0.998 0.998 0.497 0.497 0.999 1 1 1

1 bet 10, 2 raise 30
0 0 0 0 0 0 0 0 0 0 0 0 0 0 0 0 0 0 0 0 0 0 0 0 0.002 0.002 0.002 0.001 0 0 0 0 0 0.001 0 0 0.002 0 0.002 0.002 0.002 0.001 0 0 0 0 0 0 0.001 0 0.002 0 0.003 0.003 0.003 0 0 0 0 0 0.002 0.003 0.003 0.002 0.004 0 0 0 0 0 0 0 0 0 0 0 0 0 0 0 0 0 0 0 0 0 0 0 0.007 0.001 0.001 0 0 0 0 0 0 0 0 0 0 0.001 0 0 0

1 bet 10, 2 raise 30, 1 call  30
0 0 0 0.359 0 0 0 0.383 0 0 0 0.424 0 0 0 0 0 0 0.451 0 0 0 0 0 0 0 0.01 0.036 0.082 0.599 0.013 0.012 0.154 0.004 0.339 0 0 0 0 0.009 0.036 0.082 0.046 0.599 0.012 0.013 0.154 0.004 0.339 0 0 0 0 0 0 0 0.165 0.165 0.039 0.387 0.387 0.418 0 0.286 0 0.286 0 0 0.045 0 0 0 0 0 0.056 0.005 0 0 0 0.056 0.005 0 0.256 0.037 0.037 0.342 0.072 0.001 0.001 0 0.001 0 0 0.243 0.017 0.017 0.001 0 0 0 0.412 0 0

2 raise 30, 1 raise  80
0 0 0 0.448 0 0 0 0.472 0 0 0 0.467 0 0 0 0 0 0 0.444 0 0 0 0 0 0 0 0 0 0 0.369 0.987 0.988 0.846 0.995 0.661 0 0 0 0 0 0 0 0.954 0.369 0.988 0.987 0.846 0.995 0.661 1 1 1 1 1 1 1 0.835 0.835 0.961 0.613 0.613 0.582 1 0.179 0 0.179 0 0 0.943 0 0 0 0 0 0.012 0.995 0 0 1 0.012 0.995 0 0.27 0.963 0.963 0.232 0.928 0.999 0.999 0.023 0.999 0.02 0.02 0.757 0.623 0.623 0.402 0 0 1 0 1 1

root, 1 bet 15
0.141 0.141 0.25 0.142 0.16 0.16 0.229 0.163 0.007 0.007 0.165 0.213 0.001 0.001 0.002 0.205 0.154 0.154 0.126 0.246 0.246 0.275 0.173 0.145 0.139 0.119 0.104 0.074 0 0.07 0.254 0.246 0.233 0.225 0.19 0.173 0.145 0.139 0.119 0.104 0.074 0 0.265 0.07 0.246 0.254 0.233 0.225 0.19 0.313 0.301 0.297 0.293 0.329 0.296 0.153 0.277 0.277 0.001 0.19 0.19 0.159 0.214 0.217 0.332 0.217 0.317 0.317 0.039 0.35 0.35 0.317 0.233 0.22 0.241 0.499 0.233 0.22 0.268 0.241 0.499 0.329 0.12 0.253 0.253 0.193 0.416 0.215 0.215 0.347 0.199 0.357 0.357 0.266 0.298 0.298 0.296 0.346 0.346 0.329 0.258 0.304 0.304

1 bet 15, 2 call 15
0 0 0 0 0 0 0 0 0 0 0 0 0 0 0 0 0 0 0 0 0 0 0 0 0.276 0.27 0.275 0.142 0.03 0.184 0.357 0.453 1 0.994 0.994 0.991 0.768 1 0.276 0.27 0.275 0.142 0.03 0.184 0.357 0.453 1 0.994 0.994 0.991 0.768 1 0.996 0.993 0.994 0.997 0.998 0.999 0.999 0.999 1 0.997 0.997 0.999 0.999 0.999 0 0.999 0 0 1 0.997 0.997 0.997 0.999 0.997 0.742 0.762 1 0.999 0.742 0.997 0.762 1 1 0.699 0.699 1 1 1 1 0 1 0 0 1 0.649 0.649 0.817 0 0 0.849 0.999 0.996 0.996

1 bet 15, 2 raise 40
0 0 0 0 0 0 0 0 0 0 0 0 0 0 0 0 0 0 0 0 0 0 0 0 0.013 0.014 0.014 0.001 0.001 0.001 0.002 0 0 0.006 0.006 0.009 0.232 0 0.013 0.014 0.014 0.001 0.001 0.001 0.002 0 0 0.006 0.006 0.009 0.232 0 0.004 0.007 0.006 0.003 0.002 0.001 0.001 0.001 0 0.003 0.003 0.001 0.001 0 0 0 0 0 0 0 0 0 0 0 0 0 0 0 0 0 0 0 0 0 0 0 0 0 0 0 0 0 0 0 0 0 0 0 0 0.151 0 0.004 0.004

1 bet 15, 2 raise 40, 1 call  40
0 0 0 0.791 0 0 0 0.639 0 0 0 0.652 0 0 0 0 0 0 0.835 0 0 0 0 0 0 0 0 0 0 0.566 0.051 0.052 0.047 0.119 0.567 0 0 0 0 0 0 0 0.001 0.566 0.052 0.051 0.047 0.119 0.567 0 0 0 0 0.001 0.001 0.001 0.114 0.114 0 0.265 0.265 0.236 0 0.109 0 0.109 0 0 0.452 0 0 0 0 0 0 0.219 0 0 0 0 0.219 0 0.37 0 0 0.282 0.229 0 0 0 0.001 0 0 0.059 0.007 0.007 0.028 0 0 0.006 0.003 0.006 0.006

2 raise 40, 1 raise  75
0 0 0 0.139 0 0 0 0.302 0 0 0 0.292 0 0 0 0 0 0 0.122 0 0 0 0 0 0 0 0 0 0 0.001 0.949 0.948 0.953 0.881 0.433 0 0 0 0 0 0 0 0.999 0.001 0.948 0.949 0.953 0.881 0.433 1 1 1 1 0.999 0.999 0.999 0.886 0.886 1 0.735 0.735 0.764 1 0.001 0 0.001 0 0 0.261 0 0 0 0 0 0 0.781 0 0 1 0 0.781 0 0.007 1 1 0.014 0.771 1 1 0 0.999 0 0 0.941 0.548 0.548 0.423 0 0 0.994 0 0.994 0.994

root, 1 bet 20
0.231 0.231 0.055 0 0.182 0.182 0.012 0 0.01 0.01 0.004 0.001 0.003 0.003 0.004 0.004 0.06 0.06 0 0.142 0.142 0.226 0.066 0.054 0.047 0.037 0.033 0.009 0.001 0.001 0.149 0.138 0.094 0.228 0.065 0.066 0.054 0.047 0.037 0.033 0.009 0.001 0.219 0.001 0.138 0.149 0.094 0.228 0.065 0.08 0.042 0.035 0.02 0.072 0.032 0 0.107 0.107 0 0.004 0.004 0 0.152 0 0.231 0 0.168 0.168 0 0.097 0.097 0.041 0.057 0.055 0.161 0.233 0.057 0.055 0.185 0.161 0.233 0.133 0.064 0.162 0.162 0.059 0.044 0.013 0.013 0.133 0.001 0.21 0.21 0.164 0.115 0.115 0.137 0.111 0.111 0.128 0.001 0.205 0.205

1 bet 20, 2 call 20
0 0 0 0 0 0 0 0 0 0 0 0 0 0 0 0 0 0 0 0 0 0 0 0 0.171 0.168 0.169 0.023 0 0.015 0.092 0.094 0.999 0.991 0.994 0.997 0.538 0.999 0.171 0.168 0.169 0.023 0 0.015 0.092 0.094 0.999 0.994 0.991 0.997 0.538 0.999 0.885 0.882 0.889 0.916 0.978 0.996 0.998 0.999 1 0.999 0.999 0.999 0.992 0.994 0.003 0.994 0.003 0.003 0.999 0.546 0.546 0.569 0.997 0.589 0.525 0.332 0.999 0.997 0.525 0.589 0.332 0.999 0.999 0.47 0.47 0.998 0.998 1 1 0 0.999 0 0 1 0.473 0.473 0.36 0 0 0.872 0.51 0.921 0.921

1 bet 20, 2 raise 50
0 0 0 0 0 0 0 0 0 0 0 0 0 0 0 0 0 0 0 0 0 0 0 0 0.031 0.03 0.029 0.001 0 0 0.011 0 0 0.009 0.006 0.003 0.462 0.001 0.031 0.03 0.029 0.001 0 0 0.011 0 0 0.006 0.009 0.003 0.462 0.001 0.115 0.118 0.111 0.084 0.022 0.004 0.002 0.001 0 0.001 0.001 0.001 0.008 0 0 0 0 0 0 0 0 0 0 0 0 0 0 0 0 0 0 0 0 0 0 0 0 0 0 0 0.001 0 0 0 0 0 0 0 0 0.128 0 0.079 0.079

1 bet 20, 2 raise 50, 1 call  50
0 0 0 0.639 0 0 0 0.511 0 0 0 0.594 0 0 0 0 0 0 0.755 0 0 0 0 0 0 0 0 0 0 0.422 0 0 0 0.004 0.147 0 0 0 0 0 0 0 0 0.422 0 0 0 0.004 0.147 0.002 0.004 0.005 0.006 0.005 0.01 0.04 0.031 0.031 0.026 0.319 0.319 0.288 0 0.001 0 0.001 0 0 0.393 0 0 0 0 0 0 0.006 0 0 0 0 0.006 0 0.079 0 0 0.003 0.02 0 0 0 0 0 0 0 0.002 0.002 0.004 0 0 0 0.066 0 0

2 raise 50, 1 raise  70
0 0 0 0.173 0 0 0 0.248 0 0 0 0.119 0 0 0 0 0 0 0.022 0 0 0 0 0 0 0 0 0 0 0.578 1 1 1 0.996 0.853 0 0 0 0 0 0 0 1 0.578 1 1 1 0.996 0.853 0.998 0.996 0.995 0.994 0.995 0.99 0.96 0.969 0.969 0.974 0.681 0.681 0.712 1 0.002 0 0.002 0 0 0.294 0 0 0 0 0 0 0.994 0 0 1 0 0.994 0 0.035 1 1 0.02 0.98 1 1 0 1 0 0 1 0.22 0.22 0.336 0 0 1 0 1 1

root, 1 bet 25
0.108 0.108 0.023 0 0.02 0.02 0.001 0 0.002 0.002 0 0 0 0 0 0 0 0 0 0 0 0.002 0.001 0 0 0 0.003 0.005 0 0 0.016 0.003 0.002 0.04 0 0.001 0 0 0 0.003 0.005 0 0.04 0 0.003 0.016 0.002 0.04 0 0 0 0 0 0 0 0 0 0 0 0 0 0 0.003 0 0 0 0 0 0 0 0 0.009 0 0 0.001 0 0 0 0.035 0.001 0 0 0 0.011 0.011 0 0 0 0 0.01 0 0.005 0.005 0.001 0.004 0.004 0.016 0 0 0 0 0.002 0.002

1 bet 25, 2 call 25
0 0 0 0 0 0 0 0 0 0 0 0 0 0 0 0 0 0 0 0 0 0 0 0 0.026 0.027 0.027 0 0 0.001 0.001 0.003 0.659 0.564 0.586 0.569 0.431 0.598 0.026 0.027 0.027 0 0 0.001 0.001 0.003 0.659 0.586 0.564 0.569 0.431 0.598 0.621 0.621 0.621 0.652 0.683 0.692 0.719 0.911 1 0.796 0.796 0.657 0.737 0.365 0.193 0.365 0.212 0.212 0.49 0.345 0.345 0.355 0.701 0.458 0.47 0.404 0.791 0.701 0.47 0.458 0.404 0.791 0.894 0.392 0.392 0.513 0.678 0.999 0.999 0.176 0.968 0.009 0.009 0.979 0.314 0.314 0.183 0 0 0.481 0 0.475 0.475

1 bet 25, 2 raise 90
0 0 0 0 0 0 0 0 0 0 0 0 0 0 0 0 0 0 0 0 0 0 0 0 0 0 0 0 0 0 0 0 0.192 0.436 0.414 0.43 0.569 0.402 0 0 0 0 0 0 0 0 0.192 0.414 0.436 0.43 0.569 0.402 0.379 0.379 0.379 0.348 0.317 0.308 0.281 0.089 0 0.121 0.121 0.182 0.263 0 0 0 0 0 0 0 0 0 0.003 0.004 0.003 0 0.013 0.003 0.003 0.004 0 0.013 0.001 0 0 0 0.003 0.001 0.001 0 0.032 0 0 0.021 0 0 0 0 0 0.519 0 0.525 0.525

1 bet 25, 2 raise 90, 1 call  90
0 0 0 0 0 0 0 0 0 0 0 0 0 0 0 0 0 0 0 0 0 0 0 0 0 0 0 0 0 1 1 1 1 1 1 0 0 0 0 0 0 0 1 1 1 1 1 1 1 1 1 1 1 1 1 1 1 1 1 1 1 1 1 0 0 0 0 0 0 0 0 0 0 0 0 1 0 0 1 0 1 0 0 1 1 0 1 1 1 0 1 0 0 1 0 0 0 0 0 1 0 1 1
