game = '6-max Cash', preflop situation = 'EP openraise BB 3bet EP call', stack = '90', pot = '20', bets = '33 50 75 100 125'

OOP preflop range
6c5c_0.25 6d5d_0.25 6h5h_0.25 6s5s_0.25 7c6c_0.25 7d6d_0.25 7h6h_0.25 7s6s_0.25 8c7c_0.25 8d7d_0.25 8h7h_0.25 8s7s_0.25 9c8c_0.25 9d8d_0.25 9d9c_0.25 9h8h_0.25 9h9c_0.25 9h9d_0.25 9s8s_0.25 9s9c_0.25 9s9d_0.25 9s9h_0.25 Ac2c_0.50 Ac3c_0.25 Ac4c_0.25 Ac5c_0.25 Ac6c_0.50 Ac7c_0.50 Ac8c_0.25 AcJc_0.50 AcKc_1 AcKd_0.50 AcKh_0.50 AcQc_1 Ad2d_0.50 Ad3d_0.25 Ad4d_0.25 Ad5d_0.25 Ad6d_0.50 Ad7d_0.50 Ad8d_0.25 AdAc_1 AdJd_0.50 AdKc_0.50 AdKd_1 AdKh_0.50 AdQd_1 AdTd_0.25 As2s_0.50 As3s_0.25 As4s_0.25 As5s_0.25 As6s_0.50 As7s_0.50 As8s_0.25 AsAc_1 AsAd_1 AsJs_0.50 AsKc_0.50 AsKd_0.50 AsKh_0.50 AsQs_1 AsTs_0.25 JdJc_0.75 JdTd_0.25 JhJc_0.75 JhJd_0.75 JhTh_0.25 JsJc_0.75 JsJd_0.75 JsJh_0.75 JsTs_0.25 Kc9c_0.25 KcJc_0.50 KcQc_1 Kd9d_0.25 KdJd_0.50 KdKc_1 KdQd_1 KdTd_0.25 Kh9h_0.25 KhJh_0.50 KhKc_1 KhKd_1 KhQh_1 KhTh_0.25 QcJc_0.50 QdJd_0.50 QdQc_1 QhJh_0.50 QhQc_1 QhQd_1 QsJs_0.50 QsQc_1 QsQd_1 QsQh_1 Td9d_0.25 Th9h_0.25 ThTd_0.50 Ts9s_0.25 TsTd_0.50 TsTh_0.50

IP preflop range
6d6c_0.25 6h6c_0.25 6h6d_0.25 6s6c_0.25 6s6d_0.25 6s6h_0.25 7d7c_0.50 7h7c_0.50 7h7d_0.50 7s7c_0.50 7s7d_0.50 7s7h_0.50 8d8c_1 8h8c_1 8h8d_1 8s8c_1 8s8d_1 8s8h_1 9d9c_1 9h9c_1 9h9d_1 9s9c_1 9s9d_1 9s9h_1 Ac2c_1 Ac3c_1 Ac4c_1 Ac5c_1 Ac6c_1 Ac7c_1 Ac8c_1 Ac9c_1 AcJc_1 AcQc_0.75 AcQd_1 AcQh_1 AcQs_1 Ad2d_1 Ad3d_1 Ad4d_1 Ad5d_1 Ad6d_1 Ad7d_1 Ad8d_1 Ad9d_1 AdJd_1 AdQc_1 AdQd_0.75 AdQh_1 AdQs_1 AdTd_1 As2s_1 As3s_1 As4s_1 As5s_1 As6s_1 As7s_1 As8s_1 As9s_1 AsJs_1 AsQc_1 AsQd_1 AsQh_1 AsQs_0.75 AsTs_1 JdJc_1 JdTd_0.50 JhJc_1 JhJd_1 JhTh_0.50 JsJc_1 JsJd_1 JsJh_1 JsTs_0.50 KcJc_1 KcQc_1 KcQd_0.50 KcQh_0.50 KcQs_0.50 KdJd_1 KdQc_0.50 KdQd_1 KdQh_0.50 KdQs_0.50 KhJh_1 KhQc_0.50 KhQd_0.50 KhQh_1 KhQs_0.50 QcJc_0.50 QdJd_0.50 QdQc_1 QhJh_0.50 QhQc_1 QhQd_1 QsJs_0.50 QsQc_1 QsQd_1 QsQh_1 Td9d_0.25 Th9h_0.25 ThTd_1 Ts9s_0.25 TsTd_1 TsTh_1

root, 1 check
0 0.259 0 0 0 0.337 0 0 0.118 0.91 0.003 0.086 0.372 0.992 0.255 0.248 0.092 0.295 0.358 0.062 0.293 0.13 0.013 0.004 0.005 0.011 0.016 0.017 0.018 0.036 0.004 0.005 0.001 0.024 0.015 0.021 0.019 0.02 0.023 0.016 0.013 0.017 0.007 0 0 0 0.015 0 0.006 0.011 0.012 0.014 0.011 0.012 0.016 0.029 0.013 0.041 0 0 0 0.021 0 0 0 0.009 0.001 0 0.011 0.003 0.006 0 0 0.015 0.01 0.008 0.017 0.018 0.017 0 0.001 0.014 0.019 0.02 0.014 0 0 0 0.011 0 0.017 0.033 0 0.014 0.011 0.009 0 0 0 0 0 0

1 check, 2 check
0.484 0.245 0.448 0.261 0.469 0.237 0.697 0.341 0.529 0.42 0.657 0.329 0.781 0.457 0.574 0.59 0.749 0.442 0.976 0.717 0.997 0.677 0.995 0.751 0.639 0.637 0.639 0.664 0.805 0.796 0.758 0.996 0.365 0.181 0.285 0.33 0.219 0.556 0.553 0.554 0.57 0.678 0.821 0.998 1 0.617 0.241 0.264 0.302 0.193 0.356 0.71 0.713 0.719 0.759 0.876 0.895 0.858 0.999 0.411 0.301 0.325 0.375 0.192 0.337 0.617 0.583 0.588 0.823 0.828 0.313 0.515 0.54 0.49 0.626 0.826 0.791 0.829 0.804 0.718 0.76 0.76 0.788 0.74 0.692 0.697 0.756 0.994 0.746 0.238 0.139 0.467 0.156 0.424 0.52 0.186 0.413 0.529 0.473 0.682 0.929 0.267 0.64 0.271 0.262

1 check, 2 bet 7
0.244 0.251 0.245 0.252 0.251 0.255 0.192 0.227 0.222 0.216 0.2 0.228 0.187 0.215 0.213 0.205 0.189 0.215 0.02 0.178 0.002 0.177 0.002 0.173 0.105 0.108 0.11 0.109 0.095 0.129 0.189 0.003 0.306 0.252 0.243 0.23 0.258 0.225 0.224 0.223 0.22 0.192 0.097 0 0 0.263 0.201 0.229 0.219 0.249 0.39 0.099 0.099 0.1 0.097 0.071 0.078 0.121 0.001 0.302 0.214 0.238 0.235 0.245 0.408 0.237 0.244 0.193 0.163 0.166 0.206 0.23 0.203 0.276 0.182 0.134 0.135 0.138 0.145 0.169 0.187 0.121 0.196 0.156 0.195 0.199 0.148 0.006 0.162 0.387 0.346 0.229 0.355 0.201 0.251 0.391 0.15 0.192 0.183 0.255 0.069 0.399 0.252 0.401 0.403

2 bet 7, 1 call 7
0 0 0 0 0 0 0 0 0 0 0 0 0 0 0.023 0 0.035 0 0 0.08 0.01 0.039 0.078 0.341 0.357 0.337 0.146 0.365 1 0.997 0 0 0 0.008 0.581 0.851 0.883 0.867 0.636 0.921 1 0.279 0.874 0 0 0 0.006 1 0.629 0.767 0.775 0.745 0.445 0.597 1 0.649 0.393 0.546 0.001 0 0 0.013 1 0.419 0.019 0.426 0.822 1 0.523 0.779 0.718 1 1 1 1 0.393 0.714 0.048 0.882 1 1 1 0.014 0.004 1 1 0 0 0.094 0 0.068 0.376 0 0.013 0.175 0.179 0.717 1 0 1 0 0

2 bet 7, 1 raise 24
0.001 0 0.001 0.001 0 0 0 0 0 0 0 0 0 0 0 0 0 0 0 0 0 0 0.922 0.659 0.643 0.663 0.854 0.635 0 0.003 1 1 1 0.992 0.419 0.149 0.117 0.133 0.364 0.079 0 0.721 0.126 1 1 1 0.994 0 0.371 0.233 0.225 0.255 0.555 0.403 0 0.351 0.607 0.454 0.999 1 1 0.987 0 0.581 0.981 0.573 0.175 0 0.477 0.22 0.281 0 0 0 0 0.219 0.286 0.952 0.118 0 0 0 0.986 0.996 0 0 1 1 0.906 1 0.932 0.624 1 0.987 0.825 0.821 0.283 0 1 0 1 1

2 bet 7, 1 raise 24, 2 call 24
0 0 0 0 0 0 0 0 0 0 0 0 0 0 0 0 0 0 0 0 0 0 0 0 0.341 0.34 0.342 0.339 0.337 0.317 0.305 0.316 0.317 0.276 0.211 0.252 0.23 0.081 0.077 0.076 0.073 0.077 0.073 0.166 0.234 0.291 0.216 0.226 0.191 0.153 0.432 0.315 0.316 0.317 0.316 0.32 0.309 0.302 0.317 0.33 0.227 0.202 0.218 0.282 0.45 0.117 0.597 0.157 0.182 0.998 0.168 0.142 0.128 0.987 0.557 0.516 0.682 0.61 0.858 0.713 0.685 0.588 0.507 0.601 0.711 0.807 0.676 0.992 0.849 0.947 0.977 0 0.733 0 0 0.943 0.071 0.001 0 0 0.011 0.348 0.004 0.318 0.337

1 raise 24, 2 raise 83
0 0 0 0 0 0 0 0 0 0 0 0 0 0 0 0 0 0 0 0 0 0 0 0 0.46 0.462 0.462 0.465 0.474 0.501 0.523 0.52 0.683 0.724 0.788 0.748 0.77 0 0 0 0 0 0.001 0.009 0.025 0.709 0.784 0.774 0.808 0.846 0.568 0.419 0.422 0.423 0.426 0.435 0.46 0.483 0.472 0.67 0.773 0.797 0.782 0.718 0.55 0 0.001 0 0 0 0 0.001 0 0.006 0.443 0.484 0.001 0 0.02 0.279 0.081 0.019 0 0.145 0.289 0.151 0.004 0.005 0.033 0.053 0.023 0 0.267 0 0 0.057 0 0 0 0 0.001 0.652 0 0.682 0.663

1 check, 2 bet 10
0.145 0.176 0.152 0.171 0.152 0.18 0.075 0.154 0.131 0.14 0.095 0.161 0.028 0.129 0.111 0.107 0.054 0.14 0.001 0.064 0 0.085 0.001 0.052 0.102 0.103 0.103 0.1 0.071 0.062 0.045 0.001 0.163 0.201 0.16 0.149 0.162 0.125 0.127 0.126 0.122 0.086 0.06 0.001 0 0.106 0.153 0.133 0.139 0.15 0.182 0.096 0.096 0.094 0.087 0.048 0.018 0.016 0 0.15 0.158 0.156 0.143 0.194 0.203 0.09 0.105 0.118 0.006 0.003 0.149 0.12 0.111 0.171 0.142 0.009 0.013 0.009 0.021 0.104 0.038 0.017 0.013 0.04 0.081 0.06 0.011 0 0.035 0.298 0.309 0.201 0.336 0.209 0.184 0.33 0.187 0.163 0.19 0.045 0.002 0.199 0.066 0.179 0.198

2 bet 10, 1 call 10
0 0 0 0 0 0 0 0 0 0 0 0 0 0 0 0 0 0 0 0 0 0 0.411 0.54 0.557 0.565 0.64 0.729 1 1 0 0 0 0.08 0.518 0.638 0.665 0.687 0.873 0.987 0.996 0.328 0.943 0 0 0 0.062 0.999 0.907 0.995 0.995 0.995 0.927 0.997 1 0.89 0.545 0.788 0 0 0 0.039 1 0.401 0.655 0.178 0.245 1 0.588 0.856 0.452 1 0.997 1 1 0 0.856 0.096 0.994 0.499 0.999 1 0.098 0.01 1 0.997 0 0.023 0.111 0 0.153 0.015 0 0.229 0.266 0.289 0.892 0.999 0 0.999 0 0

2 bet 10, 1 raise 30
0 0 0 0 0 0 0 0 0 0 0 0 0 0 0 0 0 0 0 0 0 0 0.589 0.459 0.443 0.435 0.36 0.271 0 0 1 1 1 0.92 0.481 0.361 0.334 0.312 0.081 0.002 0.001 0.672 0.057 1 1 1 0.938 0.001 0.093 0.005 0.005 0.005 0.073 0.003 0 0.11 0.455 0.212 1 1 1 0.961 0 0.267 0.344 0.146 0.002 0 0.112 0.01 0.001 0 0 0 0 0 0.003 0.904 0 0.501 0 0 0.902 0.99 0 0.003 1 0.977 0.707 1 0.702 0.636 1 0.757 0.662 0.669 0.102 0 1 0 1 1

2 bet 10, 1 raise 30, 2 call 30
0 0 0 0 0 0 0 0 0 0 0 0 0 0 0 0 0 0 0 0 0 0 0 0 0.14 0.138 0.139 0.139 0.144 0.162 0.196 0.234 0.309 0.194 0.2 0.204 0.213 0.002 0.002 0.002 0.002 0.002 0.003 0.032 0.096 0.262 0.146 0.181 0.169 0.176 0.323 0.137 0.135 0.136 0.137 0.142 0.146 0.173 0.212 0.324 0.163 0.179 0.184 0.196 0.324 0.09 0.434 0.097 0.085 0.724 0.152 0.073 0.087 0.56 0.364 0.471 0.481 0.362 0.445 0.565 0.468 0.432 0.322 0.421 0.512 0.489 0.485 0.556 0.458 0.503 0.373 0 0.305 0 0 0.465 0.054 0 0 0 0.056 0.164 0.006 0.206 0.167

1 raise 30, 2 raise 80
0 0 0 0 0 0 0 0 0 0 0 0 0 0 0 0 0 0 0 0 0 0 0 0 0.498 0.502 0.502 0.507 0.52 0.544 0.573 0.593 0.691 0.806 0.8 0.796 0.787 0 0 0 0 0 0.001 0.006 0.029 0.738 0.854 0.818 0.83 0.823 0.677 0.42 0.424 0.424 0.429 0.444 0.478 0.512 0.53 0.676 0.837 0.82 0.815 0.804 0.676 0.002 0.013 0.001 0.002 0.092 0.003 0.002 0.001 0.327 0.634 0.488 0.029 0 0.177 0.423 0.185 0.086 0.003 0.193 0.485 0.216 0.031 0.034 0.183 0.497 0.627 0 0.695 0 0 0.535 0 0 0 0 0 0.836 0 0.794 0.833

1 check, 2 bet 15
0.104 0.159 0.112 0.159 0.106 0.159 0.033 0.143 0.093 0.137 0.045 0.146 0.002 0.121 0.083 0.089 0.007 0.123 0.002 0.037 0 0.057 0.001 0.021 0.073 0.072 0.071 0.065 0.025 0.009 0.007 0 0.129 0.2 0.144 0.144 0.163 0.062 0.063 0.064 0.063 0.04 0.021 0.001 0 0.013 0.16 0.156 0.142 0.161 0.065 0.052 0.05 0.048 0.038 0.003 0.007 0.003 0 0.125 0.151 0.133 0.132 0.195 0.052 0.049 0.053 0.092 0.002 0.003 0.152 0.105 0.107 0.062 0.049 0.031 0.018 0.016 0.014 0.007 0.013 0.036 0.002 0.038 0.032 0.034 0.032 0 0.029 0.074 0.149 0.092 0.115 0.133 0.045 0.092 0.146 0.091 0.126 0.016 0 0.131 0.041 0.142 0.133

2 bet 15, 1 call 15
0 0 0 0 0 0 0 0 0 0 0 0 0 0 0 0 0 0 0 0 0 0 0.647 0.73 0.738 0.741 0.986 0.997 0.999 0.998 0 0 0 0.178 0.384 0.448 0.462 0.482 0.454 0.477 0.681 0.641 0.997 0 0 0 0.056 0.999 0.997 0.998 0.998 0.999 0.999 0.999 0.999 0.84 0.768 0.887 0 0 0 0.079 0.999 0.158 0.994 0.007 0 0.999 0.201 0.395 0.125 0.999 0.966 0.997 0.998 0 0.448 0.17 0.572 0.001 0.997 0.998 0.088 0.008 0.999 0.048 0.74 0.616 0.135 0.648 0.096 0.03 0.248 0.129 0.176 0.14 0.975 0.999 0 0.999 0 0

2 bet 15, 1 raise 40
0 0 0 0 0 0 0 0 0 0 0 0 0 0 0 0 0 0 0 0 0 0 0.352 0.27 0.262 0.259 0.013 0.002 0 0.002 1 1 1 0.822 0.259 0.228 0.221 0.21 0.008 0.001 0 0.359 0.003 1 1 1 0.944 0.001 0.002 0.002 0.001 0.001 0.001 0 0 0.16 0.232 0.113 1 1 1 0.921 0.001 0 0.001 0 0 0 0 0 0 0.001 0 0 0 0 0 0.83 0 0.999 0 0 0.912 0.992 0 0.952 0.26 0.384 0.43 0.352 0.429 0.495 0.752 0.445 0.526 0.493 0 0 1 0 1 1

2 bet 15, 1 raise 40, 2 call 40
0 0 0 0 0 0 0 0 0 0 0 0 0 0 0 0 0 0 0 0 0 0 0 0 0.015 0.018 0.021 0.025 0.04 0.071 0.105 0.131 0.224 0.188 0.223 0.22 0.234 0 0 0 0 0 0 0 0 0.224 0.191 0.178 0.196 0.206 0.412 0.001 0.001 0.001 0.001 0.001 0.024 0.067 0.101 0.211 0.193 0.216 0.212 0.168 0.357 0.009 0.422 0.006 0.004 0.724 0.008 0.009 0.004 0.604 0.421 0.263 0.227 0.105 0.272 0.472 0.294 0.234 0.102 0.244 0.572 0.311 0.254 0.33 0.276 0.535 0.319 0 0.242 0 0 0.405 0 0 0 0 0 0 0 0 0

1 raise 40, 2 raise 75
0 0 0 0 0 0 0 0 0 0 0 0 0 0 0 0 0 0 0 0 0 0 0 0 0.505 0.505 0.505 0.508 0.514 0.527 0.545 0.557 0.776 0.812 0.776 0.78 0.766 0 0 0 0 0 0 0.001 0.004 0.773 0.809 0.792 0.8 0.793 0.588 0.421 0.423 0.424 0.43 0.447 0.471 0.493 0.51 0.789 0.807 0.76 0.787 0.832 0.643 0.001 0.01 0.001 0.001 0.079 0.002 0.001 0.001 0.167 0.543 0.539 0.005 0 0.156 0.332 0.23 0.031 0.007 0.23 0.401 0.214 0.008 0.117 0.159 0.465 0.681 0 0.758 0 0 0.595 0 0 0 0 0 1 0 1 1

1 check, 2 bet 20
0.017 0.101 0.033 0.095 0.016 0.1 0.001 0.081 0.02 0.059 0.001 0.081 0.001 0.052 0.014 0.005 0.001 0.049 0.001 0.002 0 0.003 0.001 0.002 0.03 0.03 0.029 0.025 0.002 0.002 0.001 0 0.032 0.116 0.072 0.072 0.093 0.025 0.025 0.026 0.023 0.003 0.001 0 0 0 0.124 0.117 0.099 0.121 0.007 0.023 0.023 0.022 0.014 0.001 0.001 0.001 0 0.01 0.093 0.071 0.061 0.118 0 0.003 0.015 0.004 0.003 0 0.066 0.017 0.022 0 0 0 0.04 0.006 0.002 0.001 0 0.062 0.001 0.005 0 0.006 0.051 0 0.011 0.003 0.057 0.011 0.039 0.033 0 0 0.083 0.023 0.026 0.001 0 0.003 0.001 0.007 0.004

2 bet 20, 1 call 20
0 0 0 0 0 0 0 0 0 0 0 0 0 0 0 0 0 0 0 0 0 0 0.884 0.955 0.956 0.947 0.99 0.988 0.984 0.845 0 0 0 0.278 0.404 0.441 0.445 0.452 0.326 0.365 0.44 0.981 0.876 0 0 0 0.222 0.455 0.99 0.992 0.992 0.992 0.994 0.992 0.988 0.754 0.977 0.94 0 0 0 0.236 0.637 0 0.014 0 0 0.984 0 0 0 0.997 0.388 0.579 0.72 0 0.005 0.188 0.306 0.36 0.633 0.692 0.112 0.134 0.99 0.439 0.467 0.414 0.165 0.534 0.108 0.059 0.442 0.123 0.162 0.106 0 0.996 0 0.943 0 0.001

2 bet 20, 1 raise 50
0 0 0 0 0 0 0 0 0 0 0 0 0 0 0 0 0 0 0 0 0 0 0.114 0.044 0.043 0.051 0.005 0.002 0 0.155 1 1 1 0.722 0.057 0.036 0.034 0.031 0.003 0.003 0.001 0.019 0.124 1 1 1 0.778 0.545 0.008 0.006 0.006 0.006 0.001 0.001 0 0.246 0.023 0.059 1 1 1 0.764 0.363 0 0 0 0 0 0 0 0 0 0 0 0 0 0 0.812 0 0.64 0 0 0.888 0.866 0 0.561 0.533 0.586 0.244 0.466 0.25 0.348 0.558 0.344 0.393 0.361 0 0 1 0 1 0.999

2 bet 20, 1 raise 50, 2 call 50
0 0 0 0 0 0 0 0 0 0 0 0 0 0 0 0 0 0 0 0 0 0 0 0 0.238 0.239 0.24 0.24 0.243 0.251 0.262 0.268 0.326 0.227 0.287 0.29 0.287 0 0 0 0 0 0 0 0 0.366 0.267 0.245 0.265 0.265 0.324 0.145 0.148 0.15 0.153 0.164 0.185 0.206 0.217 0.317 0.281 0.274 0.284 0.217 0.282 0 0.11 0 0 0.476 0.001 0.001 0 0.498 0.43 0.359 0.004 0 0.027 0.437 0.248 0.009 0.002 0.086 0.464 0.193 0.004 0.008 0.026 0.042 0.052 0 0.029 0 0 0.031 0 0 0 0 0 0 0 0 0

1 raise 50, 2 raise 70
0 0 0 0 0 0 0 0 0 0 0 0 0 0 0 0 0 0 0 0 0 0 0 0 0.226 0.228 0.229 0.236 0.254 0.288 0.33 0.363 0.674 0.773 0.685 0.71 0.713 0 0 0 0 0 0 0 0 0.623 0.733 0.748 0.734 0.735 0.676 0.029 0.034 0.038 0.052 0.092 0.158 0.228 0.282 0.683 0.719 0.693 0.716 0.783 0.718 0 0 0 0 0.002 0 0 0 0.002 0.101 0.017 0 0 0.001 0.039 0 0 0 0 0.082 0.001 0 0 0.001 0.958 0.948 0 0.971 0 0 0.969 0 0 0 0 0 1 0 1 1

1 check, 2 bet 25
0.006 0.069 0.011 0.062 0.007 0.07 0.001 0.053 0.005 0.028 0.002 0.056 0.001 0.026 0.004 0.004 0.001 0.031 0 0.001 0 0.001 0 0.001 0.051 0.05 0.048 0.038 0.002 0.002 0 0 0.005 0.05 0.095 0.075 0.105 0.008 0.008 0.008 0.003 0.001 0 0 0 0 0.121 0.101 0.099 0.126 0 0.02 0.019 0.017 0.006 0.001 0.001 0 0 0.001 0.082 0.077 0.054 0.056 0 0.004 0.001 0.003 0.004 0 0.115 0.012 0.017 0 0 0 0.003 0.001 0.014 0.001 0.002 0.004 0 0.021 0 0.004 0.002 0 0.016 0 0 0.001 0 0 0 0 0.021 0.001 0.001 0 0 0 0 0 0

2 bet 25, 1 call 25
0 0 0 0 0 0 0 0 0 0 0 0 0 0 0 0 0 0 0 0 0 0 0.48 0.489 0.49 0.49 0.502 0.493 0.476 0.35 0 0 0 0.104 0.235 0.248 0.251 0.256 0.231 0.248 0.275 0.637 0.447 0.022 0.027 0.02 0.013 0.541 0.558 0.571 0.573 0.575 0.567 0.536 0.507 0.5 0.841 0.482 0 0 0 0.077 0.517 0 0 0 0 0.001 0 0 0 0.001 0.114 0.09 0.471 0.001 0.009 0.385 0.234 0.542 0.29 0.326 0.374 0.37 0.592 0.572 0.531 0.544 0.256 0.57 0.267 0.243 0.484 0.255 0.243 0.251 0 0.001 0.139 0 0.155 0.148

2 bet 25, 1 raise 90
0 0 0 0 0 0 0 0 0 0 0 0 0 0 0 0 0 0 0 0 0 0 0.21 0.205 0.204 0.204 0.065 0.026 0.005 0.418 1 1 1 0.896 0.15 0.145 0.143 0.141 0.066 0.078 0.055 0.363 0.553 0.978 0.973 0.98 0.987 0.459 0.13 0.122 0.121 0.12 0.008 0.002 0 0.5 0.159 0.351 1 1 1 0.923 0.483 0 0 0 0 0 0 0 0 0 0 0 0 0 0 0.615 0 0.458 0 0 0.626 0.63 0 0.428 0.469 0.456 0.061 0.43 0.132 0.179 0.516 0.107 0.109 0.171 0 0 0.861 0 0.845 0.852

2 bet 25, 1 raise 90, 2 call 90
0 0 0 0 0 0 0 0 0 0 0 0 0 0 0 0 0 0 0 0 0 0 0 0 0.001 0.001 0.001 0.001 0.001 0.002 0.005 0.018 1 1 1 1 1 0 0 0 0 0 0 0 0 0.864 1 1 1 1 1 0 0 0 0 0 0.001 0.001 0.003 1 1 1 1 1 1 0 0 0 0 0 0 0 0 0 0 0 0 0 0 0 0 0 0 0 0 0 0 0 0 1 1 0 1 0 0 1 0 0 0 0 0 1 0 1 1

root, 1 bet 7
0.218 0.145 0.21 0.22 0.299 0.27 0.264 0.312 0.251 0.03 0.283 0.263 0.084 0.003 0.128 0.224 0.039 0.063 0.114 0.048 0.143 0.038 0.127 0.189 0.214 0.252 0.281 0.42 0.646 0.523 0.149 0.234 0.267 0.072 0.176 0.191 0.202 0.215 0.252 0.351 0.466 0.157 0.156 0.107 0.134 0.151 0.052 0.127 0.143 0.201 0.226 0.266 0.292 0.405 0.618 0.244 0.137 0.482 0.194 0.188 0.233 0.046 0.287 0.077 0.254 0.176 0.115 0.342 0.103 0.067 0.18 0.277 0.002 0.176 0.205 0.171 0.214 0.128 0.191 0 0.068 0.233 0.146 0.142 0.193 0 0.213 0.25 0.069 0.251 0.082 0.093 0.225 0.081 0.093 0.072 0.049 0.166 0.003 0.129 0.022 0.003

1 bet 7, 2 call 7
0 0 0 0 0 0 0 0 0 0 0 0 0 0 0 0 0 0 0 0 0 0 0 0 0.745 0.747 0.767 0.819 1 1 1 1 0.787 0.417 0.682 0.795 0.629 0.423 0.423 0.438 0.436 0.555 0.998 0.997 1 0.885 0.56 0.546 0.489 0.533 1 0.774 0.775 0.792 0.856 1 1 1 1 0.834 0.851 0.689 0.875 0.05 1 0.903 1 0.732 0.391 1 0.766 0.969 0.791 1 0.905 1 0.993 0.991 0.456 0.82 1 0.726 1 0.871 1 0.845 0.996 1 0.434 0.959 0.731 0.789 0.841 0.894 0.668 0.947 0.883 0.629 0.714 0.996 1 0.802 1 0.963 0.969

1 bet 7, 2 raise 24
0 0 0 0 0 0 0 0 0 0 0 0 0 0 0 0 0 0 0 0 0 0 0 0 0.255 0.253 0.233 0.181 0 0 0 0 0.213 0.583 0.318 0.205 0.371 0.15 0.156 0.162 0.064 0.001 0 0.002 0 0.115 0.44 0.454 0.511 0.467 0 0.226 0.225 0.208 0.144 0 0 0 0 0.166 0.149 0.311 0.125 0.95 0 0.001 0 0 0 0 0.233 0.004 0 0 0.095 0 0.007 0.009 0.544 0.18 0 0.274 0 0.129 0 0.155 0.004 0 0.566 0.041 0.269 0 0.159 0 0 0.053 0.047 0.038 0.014 0 0 0.198 0 0.037 0.031

1 bet 7, 2 raise 24, 1 call  24
0 0 0 0 0 0 0 0 0 0 0 0 0 0 0 0 0 0 0 0 0 0 0.459 0.552 0.596 0.685 0.706 0.83 0.999 0.995 0.247 0.201 0.23 0 0.224 0.274 0.298 0.344 0.374 0.422 0.705 0.577 0.995 0.18 0.125 0.159 0 0.999 0.474 0.585 0.632 0.737 0.748 0.885 0.999 0.717 0.597 0.996 0.237 0.147 0.239 0 0.999 0 0.988 0 0 0.328 0 0 0 0.572 0 0.222 0.642 0 0 0.277 0.373 0 0 0.292 0.329 0.263 0.795 0 0.994 0.959 0.162 0.922 0.15 0.154 0.857 0.113 0.141 0.106 0.165 0.851 0 0.737 0.001 0.001

2 raise 24, 1 raise  83
0 0 0 0 0 0 0 0 0 0 0 0 0 0 0 0 0 0 0 0 0 0 0.324 0.281 0.261 0.224 0.198 0.129 0.001 0.005 0.753 0.799 0.77 1 0.169 0.148 0.139 0.119 0.107 0.093 0.008 0.423 0.005 0.82 0.875 0.841 1 0.001 0.284 0.23 0.208 0.16 0.138 0.057 0.001 0.283 0.403 0.004 0.763 0.853 0.761 1 0.001 0 0.004 0 0 0.672 0 0 0 0.423 0 0.209 0.066 0 0 0.723 0 1 0 0.003 0.671 0.737 0.063 1 0.006 0.041 0.372 0.078 0.246 0.333 0.143 0.541 0.579 0.408 0 0.001 1 0 0.999 0.999

root, 1 bet 10
0.391 0.002 0.429 0.416 0.411 0.115 0.451 0.433 0.348 0.053 0.43 0.373 0.251 0.003 0.247 0.336 0.163 0.211 0.304 0.237 0.306 0.233 0.393 0.414 0.418 0.417 0.411 0.444 0.336 0.378 0.356 0.419 0.432 0.165 0.348 0.374 0.385 0.385 0.381 0.478 0.507 0.368 0.402 0.305 0.306 0.34 0.145 0.401 0.382 0.409 0.411 0.413 0.408 0.446 0.366 0.377 0.354 0.385 0.414 0.408 0.437 0.128 0.472 0.294 0.507 0.348 0.301 0.465 0.38 0.323 0.376 0.598 0.27 0.464 0.444 0.27 0.394 0.291 0.318 0.003 0.363 0.402 0.313 0.313 0.353 0.008 0.413 0.429 0.235 0.437 0.231 0.236 0.396 0.235 0.262 0.239 0.378 0.46 0.209 0.368 0.289 0.2

1 bet 10, 2 call 10
0 0 0 0 0 0 0 0 0 0 0 0 0 0 0 0 0 0 0 0 0 0 0 0 0.869 0.864 0.891 0.971 1 1 1 1 0.928 0.705 0.729 0.875 0.725 0.001 0 0.001 0 0.024 0.482 0.996 0.999 0.854 0.522 0.55 0.487 0.475 1 0.891 0.878 0.902 0.971 1 1 1 1 1 0.971 0.69 0.918 0.311 1 0.606 1 0.348 0.011 1 0.998 0.695 0.49 1 0.99 1 0.999 0.999 0.498 1 1 0.783 1 0.985 1 0.997 0.999 1 0.574 1 1 0.462 1 0.507 0.214 1 0.763 0.444 0.463 0.069 1 0.885 1 1 1

1 bet 10, 2 raise 30
0 0 0 0 0 0 0 0 0 0 0 0 0 0 0 0 0 0 0 0 0 0 0 0 0.131 0.136 0.109 0.029 0 0 0 0 0.072 0.295 0.271 0.125 0.275 0.134 0.142 0.168 0.055 0.049 0.078 0.002 0 0.146 0.478 0.45 0.513 0.525 0 0.109 0.122 0.098 0.029 0 0 0 0 0 0.029 0.31 0.082 0.689 0 0 0 0 0 0 0 0 0 0 0.01 0 0 0.001 0.502 0 0 0.217 0 0.015 0 0.003 0.001 0 0.426 0 0 0 0 0 0 0 0 0 0 0 0 0.115 0 0 0

1 bet 10, 2 raise 30, 1 call  30
0 0 0 0 0 0 0 0 0 0 0 0 0 0 0 0 0 0 0 0 0 0 0.294 0.35 0.374 0.42 0.435 0.532 0.983 0.994 0.208 0.207 0.235 0 0.103 0.139 0.153 0.176 0.183 0.213 0.354 0.39 0.839 0.062 0.043 0.012 0 0.874 0.292 0.353 0.379 0.432 0.446 0.562 0.988 0.454 0.343 0.997 0.175 0.094 0.179 0 0.997 0 0.471 0 0 0.27 0 0 0 0.335 0 0.166 0.344 0 0 0.22 0.158 0 0 0.28 0.262 0.222 0.36 0 0.828 0.717 0.103 0.639 0.109 0.086 0.659 0.103 0.114 0.076 0 0.482 0 0.338 0.008 0.014

2 raise 30, 1 raise  80
0 0 0 0 0 0 0 0 0 0 0 0 0 0 0 0 0 0 0 0 0 0 0.32 0.292 0.281 0.261 0.249 0.2 0.002 0.006 0.792 0.793 0.765 1 0.241 0.228 0.223 0.214 0.213 0.202 0.143 0.61 0.161 0.938 0.957 0.988 1 0.126 0.307 0.277 0.265 0.24 0.227 0.165 0.001 0.546 0.657 0.003 0.825 0.906 0.821 1 0.003 0 0.009 0 0 0.73 0 0 0 0.664 0 0.245 0.167 0 0 0.78 0 1 0 0.002 0.738 0.778 0.285 1 0.172 0.283 0.32 0.361 0.176 0.372 0.341 0.381 0.531 0.427 0 0.001 1 0.001 0.992 0.986

root, 1 bet 15
0.242 0.126 0.339 0.255 0.238 0.08 0.28 0.224 0.269 0.002 0.282 0.275 0.291 0 0.247 0.191 0.377 0.255 0.223 0.464 0.25 0.375 0.317 0.284 0.271 0.249 0.219 0.118 0 0.063 0.31 0.241 0.225 0.298 0.286 0.28 0.283 0.277 0.243 0.135 0.014 0.331 0.251 0.396 0.366 0.344 0.33 0.472 0.319 0.283 0.27 0.25 0.216 0.136 0 0.296 0.337 0.088 0.305 0.288 0.264 0.283 0.24 0.397 0.238 0.352 0.373 0.193 0.36 0.417 0.366 0.125 0.529 0.3 0.288 0.39 0.289 0.32 0.287 0.455 0.394 0.245 0.301 0.295 0.288 0.474 0.374 0.321 0.371 0.311 0.34 0.329 0.378 0.333 0.341 0.333 0.466 0.327 0.502 0.397 0.472 0.484

1 bet 15, 2 call 15
0 0 0 0 0 0 0 0 0 0 0 0 0 0 0 0 0 0 0 0 0 0 0 0 0.935 0.909 0.94 0.674 0.638 0.881 0.998 0.999 1 0.999 0.953 0.995 0.812 0.003 0.001 0.002 0.001 0.002 0.208 0.436 0.362 0.999 0.268 0.244 0.204 0.084 1 0.894 0.876 0.9 0.643 0.583 0.74 0.991 0.999 1 0.978 0.851 0.988 0.998 1 0.076 1 0.004 0 1 0.621 0.355 0.177 1 1 0.97 0.999 0.998 0.9 1 0.988 0.915 0.731 0.997 1 0.985 0.696 1 0.757 1 1 0.107 1 0.002 0 1 0.324 0.181 0.008 0 0.998 1 0.186 1 1

1 bet 15, 2 raise 40
0 0 0 0 0 0 0 0 0 0 0 0 0 0 0 0 0 0 0 0 0 0 0 0 0.004 0.005 0.005 0.001 0 0 0 0 0 0.001 0.047 0.005 0.188 0.27 0.272 0.276 0.017 0.001 0.019 0.059 0 0.001 0.732 0.756 0.796 0.916 0 0.001 0.001 0.001 0 0 0 0 0 0 0.022 0.149 0.012 0.002 0 0 0 0 0 0 0 0 0 0 0 0.03 0 0 0.099 0 0 0 0 0 0 0 0 0 0.243 0 0 0 0 0 0 0 0 0 0 0 0 0 0 0 0

1 bet 15, 2 raise 40, 1 call  40
0 0 0 0 0 0 0 0 0 0 0 0 0 0 0 0 0 0 0 0 0 0 0.108 0.157 0.174 0.202 0.207 0.286 0.501 0.679 0.124 0.048 0.163 0.024 0.014 0.014 0.014 0.016 0.016 0.018 0.024 0.008 0.42 0.003 0.021 0.024 0.047 0.403 0.104 0.159 0.178 0.208 0.208 0.294 0.534 0.104 0.017 0.876 0.162 0.092 0.197 0.025 0.961 0 0 0 0 0.392 0 0 0 0.336 0 0.091 0.144 0 0 0.126 0.011 0 0 0.318 0.183 0.151 0.135 0 0.332 0.195 0.001 0.278 0 0.002 0.223 0.015 0.048 0.015 0 0.15 0.001 0.006 0.004 0.007

2 raise 40, 1 raise  75
0 0 0 0 0 0 0 0 0 0 0 0 0 0 0 0 0 0 0 0 0 0 0.251 0.235 0.23 0.223 0.218 0.191 0.082 0.321 0.876 0.952 0.837 0.976 0.043 0.043 0.043 0.043 0.044 0.044 0.045 0.992 0.522 0.997 0.979 0.976 0.953 0.597 0.211 0.195 0.19 0.185 0.183 0.158 0.037 0.896 0.983 0.124 0.838 0.908 0.803 0.975 0.039 0 0 0 0 0.392 0 0 0 0.472 0 0.357 0.436 0 0 0.874 0 1 0 0.011 0.817 0.849 0.539 1 0.668 0.805 0.224 0.722 0.166 0.295 0.777 0.3 0.391 0.372 0 0 0.999 0 0.996 0.993

root, 1 bet 20
0.147 0.425 0.022 0.107 0.052 0.19 0.005 0.031 0.014 0.004 0.002 0.003 0.003 0.001 0.122 0.001 0.329 0.177 0.001 0.189 0.007 0.223 0.15 0.109 0.092 0.071 0.071 0 0 0 0.175 0.1 0.074 0.439 0.166 0.134 0.11 0.103 0.101 0.02 0 0.126 0.184 0.191 0.193 0.165 0.435 0 0.149 0.096 0.081 0.057 0.073 0 0 0.055 0.158 0.005 0.087 0.116 0.066 0.509 0.001 0.231 0 0.115 0.21 0 0.146 0.19 0.072 0 0.199 0.045 0.053 0.16 0.085 0.24 0.188 0.543 0.174 0.106 0.218 0.223 0.152 0.517 0 0 0.303 0 0.328 0.296 0.001 0.335 0.29 0.341 0.106 0.047 0.286 0.106 0.217 0.314

1 bet 20, 2 call 20
0 0 0 0 0 0 0 0 0 0 0 0 0 0 0 0 0 0 0 0 0 0 0 0 0.762 0.757 0.761 0.608 0.538 0.644 0.808 0.747 0.999 0.994 0.796 0.797 0.659 0.218 0.199 0.199 0.02 0.001 0.053 0.174 0.101 0.998 0.266 0.346 0.272 0.167 0.998 0.654 0.646 0.648 0.534 0.478 0.57 0.694 0.69 0.999 0.803 0.852 0.854 0.981 1 0.002 0.998 0 0 1 0.237 0.263 0.04 0.999 1 0.993 0.791 0.518 0.996 0.999 0.659 0.742 0.406 0.996 1 0.606 0.571 1 0.95 1 1 0.002 1 0 0 1 0.067 0.009 0 0 0.812 0.998 0.002 0.998 0.998

1 bet 20, 2 raise 50
0 0 0 0 0 0 0 0 0 0 0 0 0 0 0 0 0 0 0 0 0 0 0 0 0.003 0.004 0.004 0 0 0 0 0 0.001 0.006 0.204 0.203 0.341 0.247 0.255 0.256 0.004 0 0 0.013 0 0.002 0.734 0.654 0.728 0.833 0.002 0.003 0.005 0.005 0.001 0 0 0 0 0.001 0.197 0.148 0.146 0.019 0 0 0 0 0 0 0 0 0 0 0 0.006 0 0 0 0 0 0 0 0 0 0 0 0 0 0 0 0 0 0 0 0 0 0 0 0 0 0.002 0 0.002 0.002

1 bet 20, 2 raise 50, 1 call  50
0 0 0 0 0 0 0 0 0 0 0 0 0 0 0 0 0 0 0 0 0 0 0.002 0.041 0.054 0.063 0.035 0.137 0.38 0.385 0.081 0.016 0.01 0 0 0 0 0 0 0 0 0 0 0.075 0.023 0.025 0.027 0.928 0.006 0.034 0.046 0.056 0.042 0.231 0.497 0.187 0 0.63 0.073 0.059 0.009 0 0.86 0 0 0 0 0.018 0 0 0 0.001 0 0.001 0.036 0 0 0.001 0 0 0 0.082 0 0 0.005 0 0.127 0.066 0 0.121 0 0 0.003 0 0 0 0 0.003 0.001 0 0.001 0.001

2 raise 50, 1 raise  70
0 0 0 0 0 0 0 0 0 0 0 0 0 0 0 0 0 0 0 0 0 0 0.251 0.243 0.242 0.247 0.252 0.241 0.162 0.615 0.919 0.984 0.99 1 0 0 0 0 0 0 0 1 0.003 0.925 0.977 0.975 0.973 0.072 0.235 0.232 0.234 0.247 0.262 0.229 0.125 0.813 1 0.37 0.927 0.941 0.991 1 0.14 0 0.001 0 0 0.59 0 0 0 0.699 0 0.519 0.634 0 0 0.999 0.001 1 0 0.434 1 1 0.894 1 0.873 0.934 0 0.879 0 0 0.997 0.003 0.055 0.03 0 0 0.999 0 0.999 0.999

root, 1 bet 25
0.002 0.043 0 0.002 0 0.008 0 0 0 0 0 0 0 0 0 0 0 0 0 0 0 0 0 0 0 0 0.001 0 0 0 0.006 0 0 0.003 0.008 0.001 0 0 0 0 0 0 0 0 0 0 0.022 0 0 0 0 0 0 0 0 0 0 0 0 0 0 0.012 0 0.001 0 0 0 0 0.001 0 0 0 0 0 0 0 0 0.003 0 0 0 0 0.003 0.007 0 0 0 0 0.011 0 0.001 0.013 0 0.001 0.002 0.005 0 0 0 0 0 0

1 bet 25, 2 call 25
0 0 0 0 0 0 0 0 0 0 0 0 0 0 0 0 0 0 0 0 0 0 0 0 0.223 0.224 0.224 0.197 0.19 0.223 0.233 0.295 0.834 0.48 0.386 0.333 0.376 0.141 0.141 0.141 0 0 0.005 0.123 0.149 0.687 0.395 0.395 0.31 0.366 0.483 0.236 0.237 0.238 0.216 0.217 0.243 0.248 0.305 0.851 0.419 0.401 0.349 0.47 0.659 0.144 0.366 0.153 0.107 0.555 0.173 0.174 0.179 0.57 0.857 0.705 0.514 0.342 0.568 0.813 0.482 0.523 0.365 0.619 0.996 0.396 0.462 0.58 0.522 1 1 0.315 1 0.001 0.083 1 0.21 0.452 0.002 0 0 0.196 0 0.181 0.186

1 bet 25, 2 raise 90
0 0 0 0 0 0 0 0 0 0 0 0 0 0 0 0 0 0 0 0 0 0 0 0 0.253 0.253 0.253 0.182 0.146 0.224 0.26 0.201 0.166 0.52 0.614 0.667 0.624 0.112 0.112 0.112 0.001 0 0.004 0.085 0.059 0.313 0.605 0.597 0.69 0.634 0.517 0.169 0.169 0.169 0.103 0.075 0.146 0.178 0.091 0.149 0.581 0.598 0.651 0.53 0.341 0 0 0 0 0.034 0 0 0 0.002 0.142 0.01 0.005 0 0.015 0.056 0 0.005 0 0.003 0.003 0 0.001 0 0.008 0 0 0 0 0 0 0 0 0.001 0 0 0 0.804 0 0.819 0.814

1 bet 25, 2 raise 90, 1 call  90
0 0 0 0 0 0 0 0 0 0 0 0 0 0 0 0 0 0 0 0 0 0 0 0 0 0 0 0 0 1 1 1 1 1 0 0 0 0 0 0 0 1 1 1 1 1 1 1 0 0 0 0 0 0 0 1 1 1 1 1 1 1 1 0 0 0 0 0 0 0 0 0 0 0 0 0 0 1 0 1 0 0 1 1 0 1 1 1 0 1 0 0 1 0 0 0 0 0 1 0 1 1
