game = '6-max Cash', preflop situation = 'EP openraise BB 3bet EP call', stack = '90', pot = '20', bets = '33 50 75 100 125'

OOP preflop range
6c5c_0.25 6d5d_0.25 6h5h_0.25 6s5s_0.25 7c6c_0.25 7d6d_0.25 7s6s_0.25 8c7c_0.25 8d7d_0.25 8s7s_0.25 9c8c_0.25 9d8d_0.25 9d9c_0.25 9h8h_0.25 9h9c_0.25 9h9d_0.25 9s8s_0.25 9s9c_0.25 9s9d_0.25 9s9h_0.25 Ac3c_0.25 Ac4c_0.25 Ac5c_0.25 Ac6c_0.50 Ac7c_0.50 Ac8c_0.25 AcJc_0.50 AcKc_1 AcKd_0.50 AcKh_0.50 AcKs_0.50 AcQc_1 AcTc_0.25 Ad2d_0.50 Ad3d_0.25 Ad4d_0.25 Ad5d_0.25 Ad6d_0.50 Ad7d_0.50 Ad8d_0.25 AdAc_1 AdJd_0.50 AdKc_0.50 AdKd_1 AdKh_0.50 AdKs_0.50 AdQd_1 AdTd_0.25 Ah2h_0.50 Ah3h_0.25 Ah4h_0.25 Ah5h_0.25 Ah6h_0.50 Ah8h_0.25 AhAc_1 AhAd_1 AhJh_0.50 AhKc_0.50 AhKd_0.50 AhKh_1 AhKs_0.50 AhQh_1 AhTh_0.25 JcTc_0.25 JdJc_0.75 JdTd_0.25 JhJc_0.75 JhJd_0.75 JhTh_0.25 JsJc_0.75 JsJd_0.75 JsJh_0.75 JsTs_0.25 Kc9c_0.25 KcJc_0.50 KcQc_1 KcTc_0.25 Kd9d_0.25 KdJd_0.50 KdKc_1 KdQd_1 KdTd_0.25 Kh9h_0.25 KhJh_0.50 KhKc_1 KhKd_1 KhQh_1 KhTh_0.25 Ks9s_0.25 KsJs_0.50 KsKc_1 KsKd_1 KsKh_1 KsQs_1 KsTs_0.25 QcJc_0.50 QdJd_0.50 QdQc_1 QhJh_0.50 QhQc_1 QhQd_1 QsJs_0.50 QsQc_1 QsQd_1 QsQh_1 Tc9c_0.25 Td9d_0.25 TdTc_0.50 Th9h_0.25 ThTc_0.50 ThTd_0.50 Ts9s_0.25 TsTc_0.50 TsTd_0.50 TsTh_0.50

IP preflop range
6d6c_0.25 6h6c_0.25 6h6d_0.25 6s6c_0.25 6s6d_0.25 6s6h_0.25 7d7c_0.50 7s7c_0.50 7s7d_0.50 8d8c_1 8h8c_1 8h8d_1 8s8c_1 8s8d_1 8s8h_1 9d9c_1 9h9c_1 9h9d_1 9s9c_1 9s9d_1 9s9h_1 Ac3c_1 Ac4c_1 Ac5c_1 Ac6c_1 Ac7c_1 Ac8c_1 Ac9c_1 AcJc_1 AcQc_0.75 AcQd_1 AcQh_1 AcQs_1 AcTc_1 Ad2d_1 Ad3d_1 Ad4d_1 Ad5d_1 Ad6d_1 Ad7d_1 Ad8d_1 Ad9d_1 AdJd_1 AdQc_1 AdQd_0.75 AdQh_1 AdQs_1 AdTd_1 Ah2h_1 Ah3h_1 Ah4h_1 Ah5h_1 Ah6h_1 Ah8h_1 Ah9h_1 AhJh_1 AhQc_1 AhQd_1 AhQh_0.75 AhQs_1 AhTh_1 JcTc_0.50 JdJc_1 JdTd_0.50 JhJc_1 JhJd_1 JhTh_0.50 JsJc_1 JsJd_1 JsJh_1 JsTs_0.50 KcJc_1 KcQc_1 KcQd_0.50 KcQh_0.50 KcQs_0.50 KdJd_1 KdQc_0.50 KdQd_1 KdQh_0.50 KdQs_0.50 KhJh_1 KhQc_0.50 KhQd_0.50 KhQh_1 KhQs_0.50 KsJs_1 KsQc_0.50 KsQd_0.50 KsQh_0.50 KsQs_1 QcJc_0.50 QdJd_0.50 QdQc_1 QhJh_0.50 QhQc_1 QhQd_1 QsJs_0.50 QsQc_1 QsQd_1 QsQh_1 Tc9c_0.25 Td9d_0.25 TdTc_1 Th9h_0.25 ThTc_1 ThTd_1 Ts9s_0.25 TsTc_1 TsTd_1 TsTh_1

root, 1 check
0.003 0.002 0.003 0.002 0.046 0.087 0 0.049 0.036 0.023 0.008 0.374 0.298 0.007 0.259 0.312 0.004 0.316 0.401 0.341 0.819 0.808 0.783 0.778 0.142 0.741 0.557 0.15 0.095 0.105 0.162 0.584 0.67 0.779 0.782 0.77 0.753 0.783 0.106 0.7 0.615 0.599 0.11 0.144 0.102 0.167 0.542 0.62 0.552 0.839 0.825 0.794 0.782 0.742 0.559 0.602 0.554 0.079 0.058 0.084 0.13 0.553 0.682 0.67 0.685 0.962 0.572 0.722 0.616 0.646 0.848 0.682 0.645 0.97 0.688 0.799 0.771 0.998 0.999 0.579 0.996 0.999 0.953 0.656 0.524 0.579 0.77 0.76 0.812 0.554 0.557 0.636 0.564 0.462 0.643 0.481 0.81 0.634 0.479 0.588 0.631 0.42 0.612 0.65 0.613 0.366 0.975 0.345 0.322 0.276 0.352 0.243 0.327 0.452 0.352

1 check, 2 check
0.041 0.132 0.07 0.131 0.025 0.172 0 0 0 0.144 0.082 0.151 0.168 0.21 0.18 0.462 0.307 0.453 0.289 0.428 0.282 0.826 0.798 0.728 0.752 0 0.462 0.297 0.303 0 0.26 0.363 0.409 0.347 0 0.829 0.821 0.751 0.705 0 0.517 0.353 0.412 0.222 0.097 0.219 0.256 0.411 0 0.827 0.808 0.741 0.75 0.467 0.31 0.276 0.343 0.231 0 0.389 0.355 0.176 0.999 0.341 0.989 0.999 0.176 0.999 0.999 0.999 0.432 0.544 0.438 0.991 0.849 0.648 0.781 0.955 0.384 0.958 0.774 0.542 0.851 0.991 0.437 0.652 0.64 0.4 0.629 0.402 0.644 0.075 0.105 0.901 0.079 0.865 0.874 0.266 0.825 0.79 0.817 0.361 0.263 0.588 0.37 0.429 0.585 0.512 0.527 0.652 0.519

1 check, 2 bet 7
0.393 0.34 0.402 0.363 0.412 0.344 0.06 0.114 0.07 0.323 0.368 0.327 0.325 0.32 0.323 0.19 0.25 0.191 0.273 0.209 0.273 0.136 0.155 0.211 0.181 0.422 0.309 0.379 0.3 0.452 0.37 0.31 0.266 0.323 0.495 0.127 0.131 0.188 0.205 0.366 0.29 0.365 0.269 0.37 0.456 0.367 0.33 0.316 0.403 0.136 0.151 0.209 0.186 0.306 0.371 0.313 0.327 0.38 0.466 0.271 0.322 0.428 0.001 0.32 0.011 0.001 0.43 0 0 0 0.344 0.34 0.301 0.006 0.044 0.205 0.209 0.004 0.322 0.005 0.174 0.34 0.043 0.006 0.305 0.206 0.324 0.333 0.254 0.335 0.275 0.338 0.329 0.082 0.344 0.092 0.106 0.31 0.111 0.09 0.12 0.177 0.061 0.168 0.169 0.201 0.159 0.168 0.221 0.159 0.221

2 bet 7, 1 call 7
0 0 0 0 0.001 0 0.004 0.005 0.341 0.584 0.488 0.001 0.998 0.467 0.998 0.998 0.716 0.998 0.998 0.998 1 1 0.999 0.861 0 1 0.851 0 0.057 0.022 0.252 0.677 0.999 0.617 1 1 1 0.894 0.207 0.999 1 0.783 0.021 0.026 0.051 0.226 0.665 0.993 0.304 1 1 1 0.887 1 0.999 1 0.892 0 0.001 0 0.003 0.649 0.999 0.001 0.616 0 0.784 0.582 0.001 0.624 0.505 0.599 0.141 0 0 0.05 0 0 0 0.929 0 0 0 0 0.961 0.936 0.046 0 0 0.073 0.951 0.99 0.939 0.234 0 0.036 0 0.787 0.016 0.799 0.783 0.019 0.853 0.836 0.855 0.123 0 0.961 0.124 0.974 0.969 0.405 0.998 0.998 0.998

2 bet 7, 1 raise 24
0.999 0.385 0.999 0.999 0.999 0.999 0.996 0.995 0.659 0.416 0.495 0.001 0.002 0.522 0.002 0.002 0.276 0.001 0.001 0.001 0 0 0.001 0.139 1 0 0.149 1 0.943 0.978 0.748 0.323 0.001 0.383 0 0 0 0.106 0.793 0.001 0 0.217 0.979 0.974 0.949 0.774 0.335 0.007 0.696 0 0 0 0.113 0 0.001 0 0.108 1 0.999 1 0.997 0.351 0.001 0.001 0.251 0 0.147 0.256 0.001 0.014 0.041 0.009 0.001 0 0 0 0 0 0 0.067 0 0 0 0 0.036 0.061 0.001 0 0 0 0 0.001 0 0.001 0 0.001 0 0.212 0.001 0.201 0.216 0.001 0.146 0.162 0.145 0.002 0 0.038 0.002 0.026 0.03 0.002 0.001 0.001 0.001

2 bet 7, 1 raise 24, 2 call 24
0.583 0.65 0.581 0.57 0.506 0.569 1 1 1 0.319 0.433 0.345 0.325 0.218 0.352 0.279 0.319 0.274 0.242 0.188 0.237 1 1 1 1 1 1 1 0.999 0.999 0.998 0.998 0.998 1 1 1 1 1 1 1 0.999 0.999 0.999 0.998 0.999 0.998 0.997 0.999 1 1 1 1 1 1 1 0.999 0.999 0.998 0.999 0.998 1 0 0.207 0 0.256 0.184 0 0.292 0.097 0.245 0 0 0.001 0 0 0 0 0 0 0 0 0 0 0 0.001 0 0 0 0 0 0 0 0 0.859 0 0.956 0.866 0 0.488 0.415 0.506 0 0 0.285 0 0.329 0.279 0 0.247 0.196 0.241

1 raise 24, 2 raise 83
0 0 0 0 0 0 0 0 0 0 0 0 0 0 0 0 0 0 0 0 0 0 0 0 0 0 0 0 0.001 0.001 0.002 0.002 0.002 0 0 0 0 0 0 0 0.001 0.001 0.001 0.002 0.001 0.002 0.003 0.001 0 0 0 0 0 0 0 0.001 0.001 0.002 0.001 0.002 0 0 0 0 0 0 0 0 0 0 0 0 0 0 0 0 0 0 0 0 0 0 0 0 0 0 0 0 0 0 0 0 0 0 0 0 0 0 0 0 0 0 0 0 0 0 0 0 0 0 0

1 check, 2 bet 10
0.442 0.478 0.435 0.428 0.425 0.389 0.434 0.465 0.449 0.403 0.465 0.412 0.346 0.332 0.349 0.281 0.311 0.283 0.315 0.285 0.318 0.039 0.046 0.058 0.067 0.521 0.229 0.319 0.377 0.476 0.343 0.285 0.269 0.323 0.497 0.044 0.048 0.06 0.09 0.496 0.191 0.278 0.313 0.366 0.438 0.365 0.357 0.269 0.44 0.037 0.041 0.05 0.064 0.226 0.314 0.401 0.311 0.363 0.497 0.285 0.314 0.394 0 0.301 0 0 0.392 0 0 0 0.202 0.116 0.26 0.002 0.106 0.146 0.009 0.04 0.294 0.037 0.051 0.118 0.105 0.002 0.258 0.142 0.036 0.266 0.116 0.263 0.08 0.526 0.465 0.017 0.529 0.043 0.019 0.385 0.064 0.121 0.062 0.392 0.302 0.236 0.402 0.268 0.242 0.31 0.245 0.188 0.25

2 bet 10, 1 call 10
0 0 0 0 0.005 0.003 0.067 0.356 0.586 0.968 0.121 0 0.994 0.175 0.995 0.994 0.287 0.991 0.988 0.991 0.976 0.984 0.987 0.806 0.001 1 0.936 0.1 0.004 0.044 0.093 0.671 0.999 0.557 0.982 0.987 0.991 0.84 0.02 1 1 0.793 0.067 0.041 0.134 0.199 0.655 0.999 0.329 1 1 1 0.808 1 1 1 0.937 0 0 0 0 0.655 0.999 0 0.416 0 0.524 0.401 0 0.456 0.32 0.438 0 0 0 0 0 0 0 0.747 0 0 0 0 0.755 0.75 0 0 0 0 0.659 0.677 0.656 0.031 0 0 0 0.663 0 0.769 0.65 0.063 0.749 0.65 0.731 0 0 0.714 0 0.815 0.705 0 0.652 0.565 0.643

2 bet 10, 1 raise 30
0.993 0.077 0.994 0.997 0.995 0.997 0.933 0.644 0.413 0.031 0.012 0.001 0.002 0.014 0.002 0.002 0.004 0.001 0.001 0.001 0.024 0.016 0.013 0.194 0.999 0 0.064 0.9 0.996 0.956 0.907 0.329 0.001 0.443 0.018 0.013 0.009 0.16 0.98 0 0 0.207 0.933 0.959 0.866 0.801 0.345 0.001 0.671 0 0 0 0.192 0 0 0 0.063 1 1 1 1 0.345 0.001 0 0.123 0 0.098 0.121 0 0.006 0.011 0.004 0 0 0 0.001 0 0 0 0.045 0 0 0 0 0.001 0.038 0.001 0 0 0 0 0.001 0 0.003 0 0.002 0 0.23 0.002 0.181 0.231 0.004 0.225 0.249 0.23 0.001 0 0.001 0.001 0.002 0.001 0 0.001 0 0.001

2 bet 10, 1 raise 30, 2 call 30
0.589 0.663 0.568 0.602 0.51 0.576 0.999 0.999 0.999 0.209 0.388 0.243 0.259 0.046 0.29 0.202 0.284 0.197 0.191 0.074 0.185 1 1 1 1 1 0.999 0.999 0.998 0.998 0.99 0.987 0.935 0.999 0.792 0.999 0.999 0.999 0.999 0.999 0.999 0.998 0.997 0.731 0.996 0.682 0.606 0.998 1 1 1 1 1 0.999 0.999 0.998 0.994 0.993 0.998 0.992 0.999 0 0.372 0 0.358 0.357 0 0.354 0.334 0.331 0 0.001 0 0 0 0 0 0 0 0 0 0 0 0 0 0 0.001 0 0 0 0 0 0 0.306 0 0.358 0.34 0 0.003 0.004 0.003 0 0 0.264 0 0.347 0.259 0 0.246 0.147 0.241

1 raise 30, 2 raise 80
0 0 0 0 0 0 0.001 0.001 0.001 0 0 0 0 0 0 0 0 0 0 0 0 0 0 0 0 0 0.001 0.001 0.002 0.002 0.01 0.013 0.065 0.001 0.208 0.001 0.001 0.001 0 0.001 0.001 0.001 0.003 0.269 0.004 0.318 0.394 0.002 0 0 0 0 0 0.001 0.001 0.002 0.006 0.007 0.002 0.008 0.001 0 0 0 0 0 0 0 0 0 0 0 0 0 0 0 0 0 0 0 0 0 0 0 0 0 0 0 0 0 0 0 0 0 0 0 0 0 0 0 0 0 0 0 0 0 0 0 0 0 0

1 check, 2 bet 15
0.04 0.048 0.004 0.052 0.059 0.042 0.197 0.178 0.197 0.065 0.06 0.059 0.068 0.062 0.066 0.036 0.087 0.039 0.064 0.017 0.066 0 0.001 0.003 0 0.057 0.001 0.005 0.019 0.047 0.014 0.021 0.038 0.007 0.007 0 0 0.001 0 0.052 0.001 0.004 0.005 0.029 0.005 0.034 0.049 0.004 0.088 0 0 0 0 0 0.004 0.01 0.014 0.013 0.035 0.044 0.008 0.002 0 0.002 0 0 0.002 0 0 0 0.021 0 0 0 0 0 0 0 0 0 0 0 0 0 0 0 0 0.001 0 0.001 0.001 0.05 0.046 0 0.036 0 0 0.038 0 0 0 0.069 0.056 0.007 0.058 0.07 0.011 0.01 0.006 0.001 0.008

2 bet 15, 1 call 15
0.018 0 0.027 0.187 0.993 0.614 1 1 0.999 1 0 0 0.408 0 0.446 0.404 0 0.382 0.339 0.378 1 1 1 1 0.002 0.999 0.998 0.059 0.002 0.009 0.003 0.612 0.999 0.374 0.997 0.997 0.997 0.643 0 0.998 1 0.839 0 0 0 0 0.638 0.999 0.461 1 1 1 0.966 0.999 1 1 0.998 0 0 0 0 0.637 0.999 0 0.311 0 0.37 0.307 0 0.341 0.277 0.338 0 0 0 0 0 0 0 0.397 0 0 0 0 0.466 0.397 0 0 0 0 0.455 0.386 0.455 0.025 0 0 0 0.409 0 0.448 0.41 0.006 0.449 0.408 0.45 0 0 0.312 0 0.354 0.31 0 0.331 0.305 0.329

2 bet 15, 1 raise 40
0.007 0.002 0.008 0.009 0.007 0.386 0 0 0.001 0 0 0 0 0 0 0 0 0 0 0 0 0 0 0 0.998 0.001 0.002 0.941 0.998 0.991 0.997 0.388 0.001 0.626 0.003 0.003 0.003 0.357 1 0.002 0 0.161 1 1 1 1 0.362 0.001 0.539 0 0 0 0.034 0.001 0 0 0.002 1 1 1 1 0.363 0.001 0 0 0 0 0 0 0 0 0 0 0 0 0.001 0 0 0 0 0 0 0 0 0 0 0.001 0 0 0 0 0 0 0.031 0 0.183 0.002 0.293 0.179 0.243 0.284 0.179 0.258 0.299 0.25 0 0 0 0 0 0 0 0 0 0

2 bet 15, 1 raise 40, 2 call 40
0.056 0.429 0.044 0.363 0.014 0.354 0.04 0.084 0.049 0.004 0.098 0.003 0.01 0.001 0.007 0.007 0.085 0.007 0.008 0.001 0.007 0.776 0.766 0.774 0.987 0.583 0.993 0.972 0.996 0.503 0.335 0.506 0.493 0.978 0.246 0.999 0.999 0.999 0.999 0.003 0.999 0.998 0.997 0.804 0.787 0.649 0.628 0.998 0.008 0.997 0.997 0.997 0.999 0.999 0.997 0.998 0.854 0.495 0.735 0.593 0.998 0 0.237 0 0.015 0.243 0 0.025 0.306 0.036 0 0.014 0 0 0 0 0 0 0 0 0 0 0 0 0 0 0.141 0 0 0 0 0 0 0 0 0 0 0 0 0 0 0 0 0.078 0 0.161 0.068 0 0.085 0.016 0.079

1 raise 40, 2 raise 75
0 0 0 0.001 0 0 0.96 0.916 0.951 0.052 0.147 0.053 0.057 0.003 0.057 0.058 0.157 0.059 0.059 0.003 0.06 0.224 0.234 0.226 0.013 0.417 0.007 0.028 0.004 0.497 0.665 0.494 0.507 0.022 0.754 0.001 0.001 0.001 0.001 0.997 0.001 0.002 0.003 0.196 0.213 0.351 0.372 0.002 0.992 0.003 0.003 0.002 0.001 0.001 0.003 0.002 0.146 0.505 0.265 0.407 0.002 0 0 0 0 0 0 0 0 0 0 0 0 0 0 0 0 0 0 0 0 0 0 0 0 0 0.064 0 0 0 0 0 0 0 0 0 0 0 0 0 0 0 0 0.06 0 0.14 0.063 0.008 0.058 0.003 0.061

1 check, 2 bet 20
0.083 0.002 0.088 0.026 0.079 0.053 0.289 0.237 0.273 0.062 0.023 0.047 0.093 0.076 0.081 0.031 0.045 0.034 0.06 0.061 0.062 0 0 0 0 0 0 0 0.001 0.025 0.012 0.021 0.018 0 0 0 0 0 0 0.086 0 0 0.001 0.006 0.003 0.007 0.007 0 0.069 0 0 0 0 0 0 0 0.005 0.013 0.002 0.011 0 0 0 0.004 0 0 0 0 0 0 0 0 0 0 0 0 0 0 0 0 0 0 0 0 0 0 0 0 0 0 0 0.011 0.054 0 0.011 0 0 0 0 0 0 0.001 0.269 0.001 0.001 0.032 0.002 0 0.002 0 0.002

2 bet 20, 1 call 20
0.045 0 0.028 0.075 0.998 0.948 0.999 0.999 0.911 0.999 0 0 0.117 0 0.121 0.117 0 0.115 0.113 0.115 0.998 0.998 0.997 0.997 0.187 0.992 0.758 0.165 0.079 0.103 0.085 0.343 0.995 0.189 0.657 0.658 0.656 0.416 0.119 0.694 0.999 0.564 0.061 0.051 0.06 0.057 0.269 0.749 0.267 0.998 0.998 0.998 0.998 0.999 0.999 0.999 0.785 0.093 0.069 0.145 0.076 0.349 0.997 0 0.059 0 0.226 0.061 0 0.224 0.057 0.225 0 0 0 0 0 0 0 0.241 0 0 0 0 0.277 0.242 0 0 0 0 0.252 0.213 0.252 0.027 0 0.001 0 0.284 0.001 0.32 0.286 0.008 0.303 0.272 0.307 0 0 0.14 0 0.192 0.141 0 0.186 0.149 0.185

2 bet 20, 1 raise 50
0 0 0 0 0.002 0.049 0.001 0.001 0.05 0 0 0 0 0 0 0 0 0 0 0 0.002 0.002 0.003 0.003 0.813 0.001 0.242 0.835 0.92 0.897 0.914 0.657 0.005 0.811 0.343 0.342 0.344 0.54 0.881 0.007 0.001 0.316 0.939 0.949 0.94 0.943 0.731 0.214 0.733 0.002 0.002 0.002 0.002 0.001 0.001 0.001 0.215 0.907 0.931 0.855 0.924 0.651 0.003 0 0 0 0 0 0 0 0 0 0 0 0 0.001 0 0 0 0 0 0 0 0 0 0 0.001 0 0 0 0 0 0 0.001 0 0.003 0 0.243 0.003 0.253 0.241 0.001 0.264 0.241 0.26 0 0 0 0 0 0 0 0 0 0

2 bet 20, 1 raise 50, 2 call 50
0.001 0.003 0.001 0.002 0.001 0.002 0.008 0.009 0.013 0 0 0 0 0 0 0.001 0.001 0.001 0.001 0 0.001 0.002 0.002 0.007 0.046 0.998 0.724 0.759 0.986 0.008 0.004 0.001 0.002 0.988 0.001 0.999 0.999 0.999 0.998 0 0.997 0.996 0.992 0.397 0.906 0.331 0.491 0.994 0.001 0.004 0.004 0.015 0.144 0.798 0.84 0.986 0.001 0.003 0.275 0.002 0.988 0 0.006 0 0.002 0.006 0 0.009 0.011 0.009 0 0.001 0 0 0 0 0 0 0 0 0 0.001 0 0 0 0 0.001 0 0 0 0 0 0 0 0 0 0 0 0 0 0 0 0 0.004 0 0.005 0.004 0 0.005 0.003 0.005

1 raise 50, 2 raise 70
0 0.215 0 0.051 0 0.074 0.992 0.991 0.987 0.014 0.266 0.017 0.084 0.004 0.099 0.09 0.273 0.107 0.089 0.005 0.105 0.998 0.998 0.993 0.954 0.002 0.276 0.241 0.014 0.992 0.996 0.999 0.998 0.012 0.999 0.001 0.001 0.001 0.002 1 0.003 0.004 0.008 0.603 0.094 0.669 0.509 0.006 0.999 0.996 0.996 0.985 0.856 0.202 0.16 0.014 0.999 0.997 0.725 0.998 0.012 0.001 0.128 0 0.959 0.089 0 0.469 0 0.442 0.003 0.386 0 0 0 0 0 0 0 0 0 0.027 0 0 0 0 0.23 0 0 0 0 0 0 0 0 0 0 0 0 0 0 0 0 0.001 0 0.368 0.001 0.041 0.154 0 0.13

1 check, 2 bet 25
0 0 0 0 0 0 0.02 0.007 0.011 0.003 0 0.003 0 0.001 0 0 0 0 0 0 0 0 0 0 0 0 0 0 0 0.001 0 0 0 0 0 0 0 0 0 0 0 0 0 0.007 0 0.008 0.001 0 0 0 0 0 0 0 0 0 0 0 0 0 0 0 0 0.031 0 0 0 0 0 0 0 0 0 0 0 0 0 0 0 0 0 0 0 0 0 0 0 0 0 0 0 0 0 0 0 0 0 0 0 0 0 0 0.05 0 0 0 0 0 0 0 0

2 bet 25, 1 call 25
0 0 0 0 0.209 0.249 0.239 0.263 0.225 0.248 0 0 0.007 0 0.03 0.007 0 0.022 0.001 0.022 0.285 0.284 0.281 0.274 0.011 0.278 0.177 0.042 0.05 0.05 0.049 0.116 0.248 0.113 0.308 0.308 0.309 0.295 0.032 0.278 0.578 0.161 0.071 0.071 0.071 0.07 0.119 0.295 0.093 0.298 0.297 0.293 0.285 0.287 0.585 0.608 0.181 0.048 0.048 0.039 0.047 0.116 0.262 0 0.161 0 0.212 0.16 0 0.18 0.125 0.179 0 0 0.001 0.01 0.001 0 0 0.117 0 0 0 0.001 0.139 0.116 0.011 0.002 0.001 0.001 0.151 0.127 0.15 0.001 0.003 0.01 0 0.208 0.012 0.238 0.208 0.001 0.254 0.223 0.254 0 0 0.108 0 0.171 0.107 0 0.121 0.054 0.12

2 bet 25, 1 raise 90
0 0 0 0 0.707 0.398 0.61 0.504 0.226 0.389 0 0 0 0 0 0 0 0 0 0 0.605 0.606 0.608 0.581 0.989 0.556 0.684 0.958 0.95 0.95 0.951 0.884 0.655 0.886 0.629 0.628 0.625 0.603 0.968 0.558 0.422 0.733 0.928 0.927 0.928 0.928 0.879 0.618 0.907 0.582 0.583 0.586 0.561 0.547 0.415 0.392 0.673 0.952 0.952 0.961 0.953 0.884 0.641 0 0 0 0 0 0 0 0 0 0 0 0 0 0 0 0 0 0 0 0 0 0 0 0 0 0 0 0 0 0 0 0 0 0 0 0 0.007 0 0 0 0 0.001 0 0 0 0 0 0 0 0 0 0

2 bet 25, 1 raise 90, 2 call 90
0 0 0 0 0 0 1 1 1 0 0 0 0 0 0 0 0 0 0 0 0 0.001 0.001 0.001 0.003 1 1 1 1 1 1 1 1 1 1 0 0 0 0 1 1 1 1 1 1 1 1 1 1 0 0.001 0.001 0.001 1 1 1 1 1 1 1 1 0 0 0 0 0 0 0 0 0 0 0 0 0 0 0 0 0 0 0 0 0 0 0 0 0 0 0 0 0 0 0 0 0 0 0 0 0 0 0 0 0 0 0 0 0 0 0 0 0 0

root, 1 bet 7
0.319 0.344 0.251 0.296 0.255 0.081 0.387 0.182 0.124 0.293 0.521 0.386 0.098 0.475 0.15 0.086 0.579 0.172 0.145 0.167 0.178 0.189 0.213 0.219 0.307 0.252 0.417 0.22 0.221 0.227 0.272 0.33 0.324 0.204 0.214 0.225 0.241 0.213 0.414 0.283 0.381 0.37 0.216 0.203 0.212 0.252 0.379 0.373 0.359 0.159 0.173 0.203 0.213 0.25 0.434 0.392 0.429 0.216 0.201 0.2 0.26 0.365 0.313 0.255 0.198 0.037 0.262 0.205 0.242 0.205 0.107 0.199 0.17 0.029 0.249 0.09 0.228 0.001 0 0.419 0.001 0.001 0.046 0.254 0.473 0.417 0.11 0.24 0.187 0.265 0.422 0.364 0.42 0.294 0.341 0.318 0.188 0.344 0.32 0.404 0.345 0.42 0.375 0.323 0.373 0.315 0.022 0.162 0.311 0.261 0.15 0.307 0.27 0.205 0.273

1 bet 7, 2 call 7
0.767 0.979 0.983 0.561 0.561 0.673 0.465 0.816 0.536 0.671 0.829 0.762 0.681 0.659 0.748 0.488 0.63 0.474 0.429 0.33 0.427 1 1 1 0.995 0.69 0.999 0.989 0.828 0.427 0.717 0.714 0.667 0.998 0.734 0.888 0.901 0.887 0.758 0.347 0.935 0.906 0.976 0.809 0.816 0.732 0.668 0.997 0.68 0.97 0.974 0.962 0.997 0.999 0.999 0.897 0.751 0.677 0.548 0.656 0.999 0.435 0.904 0 0.679 0.923 0.412 0.386 0.567 0.381 0.666 0.004 0.731 0 0 0 0 0 0.487 0 0 0.003 0 0 0.703 0 0.005 0 0 0 0.723 0.152 0 0.998 0.168 0.999 0.998 0.123 0.999 0.999 0.999 0.727 0 0.472 0.72 0.525 0.469 0.998 0.189 0.264 0.197

1 bet 7, 2 raise 24
0.232 0.021 0.017 0.439 0.439 0.327 0.535 0.184 0.464 0.328 0.171 0.238 0.319 0.334 0.252 0.127 0.018 0.143 0.001 0.015 0.001 0 0 0 0.005 0.31 0.001 0.011 0.172 0.573 0.283 0.286 0.333 0.002 0.266 0.112 0.099 0.113 0.242 0.653 0.065 0.094 0.024 0.191 0.184 0.268 0.332 0.003 0.32 0.03 0.026 0.038 0.003 0.001 0.001 0.103 0.249 0.323 0.452 0.344 0.001 0.002 0.089 0.009 0 0.069 0.002 0 0 0 0 0.002 0.209 0 0 0 0.001 0 0.046 0 0 0.002 0 0 0.185 0 0 0 0 0 0.001 0 0 0.001 0 0 0.002 0 0 0 0 0.268 0.001 0.203 0.274 0 0.192 0.001 0 0.003 0

1 bet 7, 2 raise 24, 1 call  24
0 0 0 0 0.005 0.263 0.026 0.491 0.628 0.656 0 0 0.238 0 0.302 0.241 0 0.176 0.111 0.179 0.9 0.895 0.961 0.999 0.338 1 0.86 0.18 0.071 0.141 0.037 0.548 0.999 0.301 1 1 1 1 0.188 1 1 0.821 0.331 0.263 0.331 0.254 0.826 0.997 0 0.998 0.998 0.999 0.999 1 1 1 0.989 0.155 0.073 0.194 0.041 0.591 0.999 0 0.247 0 0.239 0.241 0 0.206 0.187 0.2 0 0 0 0 0 0 0 0.416 0 0 0 0 0.397 0.417 0 0 0 0 0.5 0.516 0.501 0 0 0 0 0.438 0 0.509 0.437 0 0.521 0.44 0.522 0 0 0.217 0 0.264 0.215 0 0.203 0.093 0.198

2 raise 24, 1 raise  83
0 0 0 0 0.995 0.737 0.974 0.509 0.37 0.344 0 0 0 0 0 0 0 0 0 0 0.1 0.105 0.039 0.001 0.662 0 0.14 0.82 0.929 0.859 0.963 0.452 0.001 0.699 0 0 0 0 0.812 0 0 0.179 0.669 0.737 0.669 0.746 0.174 0.003 1 0.002 0.002 0.001 0.001 0 0 0 0.011 0.845 0.927 0.806 0.959 0.409 0.001 0 0 0 0 0 0 0 0 0 0 0 0 0 0 0 0 0 0 0 0 0 0 0 0 0 0 0 0 0 0 0 0 0 0 0.055 0 0.031 0.052 0 0.081 0.122 0.076 0 0 0 0 0 0 0 0 0 0

root, 1 bet 10
0.086 0.011 0.089 0.048 0.071 0.026 0.048 0.073 0.017 0.068 0.069 0.003 0.001 0.065 0.002 0.001 0.02 0.007 0.002 0.003 0.003 0.003 0.004 0.004 0.124 0.006 0.014 0.03 0.009 0.013 0.005 0.008 0.006 0 0.004 0.004 0.006 0.005 0.081 0.011 0.004 0.013 0.03 0.021 0.028 0.013 0.012 0.006 0.005 0.002 0.002 0.003 0.005 0.007 0.007 0.006 0.014 0.03 0.019 0.054 0.01 0.01 0.005 0.001 0.007 0 0.006 0.002 0.002 0.019 0 0.01 0.022 0.001 0 0.002 0 0 0 0.002 0 0 0.001 0.001 0.002 0.004 0.004 0 0.001 0.023 0.021 0.001 0.016 0.012 0.002 0.03 0 0.008 0.037 0.003 0.008 0.04 0.003 0.007 0.003 0.033 0.001 0.003 0.049 0.017 0.002 0.092 0.042 0.01 0.025

1 bet 10, 2 call 10
0.997 0.997 0.996 0.995 0.947 0.991 0.993 0.999 0.992 0.737 0.816 0.714 0.722 0.637 0.699 0.388 0.449 0.384 0.376 0.301 0.37 1 1 1 1 1 1 1 0.999 0.995 0.997 0.997 0.998 1 0.999 0.999 0.999 0.999 0.999 0.999 0.999 0.999 0.999 0.996 0.997 0.996 0.997 0.999 1 1 1 1 1 1 1 0.999 0.997 0.997 0.996 0.998 1 0.004 0.568 0.001 0.572 0.574 0.003 0.462 0.443 0.457 0.333 0.257 0.716 0 0 0 0 0 0.047 0 0 0.258 0 0.002 0.7 0 0.335 0 0 0 0.707 0.151 0 0.998 0.124 0.992 0.998 0.301 0.791 0.769 0.781 0.24 0.003 0.405 0.226 0.455 0.398 0.566 0.348 0.279 0.341

1 bet 10, 2 raise 30
0.002 0.002 0.002 0.003 0.002 0.002 0.007 0.001 0.008 0.001 0.002 0.001 0.002 0.001 0.002 0 0 0 0 0 0 0 0 0 0 0 0 0 0.001 0.005 0.003 0.003 0.002 0 0.001 0.001 0.001 0.001 0.001 0.001 0.001 0.001 0.001 0.004 0.003 0.004 0.003 0.001 0 0 0 0 0 0 0 0.001 0.003 0.003 0.004 0.002 0 0 0 0 0 0 0 0 0 0 0 0.001 0.002 0 0 0 0.001 0.001 0.008 0.001 0 0.003 0.001 0.003 0.003 0 0 0 0 0 0 0 0 0 0 0 0 0 0 0 0 0 0 0 0 0 0 0 0 0 0

1 bet 10, 2 raise 30, 1 call  30
0.002 0.002 0.002 0.002 0.168 0.294 0.137 0.329 0.372 0.409 0.002 0.005 0.088 0.002 0.095 0.086 0.002 0.079 0.069 0.076 0.671 0.684 0.725 0.808 0.145 0.996 0.577 0.071 0.007 0.075 0.086 0.3 0.775 0.265 0.997 0.997 0.997 0.996 0.162 0.996 1 0.682 0.118 0.006 0.118 0.133 0.307 0.995 0.204 0.853 0.873 0.926 0.995 0.997 1 1 0.618 0.075 0.006 0.075 0.087 0.307 0.869 0.002 0.033 0.004 0.057 0.026 0.001 0.065 0.034 0.058 0.003 0.005 0.004 0.01 0.004 0.008 0.004 0.157 0.003 0.005 0.001 0.001 0.238 0.143 0.001 0.001 0.007 0.004 0.299 0.214 0.289 0.005 0.004 0.003 0.004 0.188 0.002 0.229 0.173 0.003 0.285 0.232 0.275 0.003 0.006 0.064 0.003 0.074 0.063 0.003 0.059 0.048 0.058

2 raise 30, 1 raise  80
0.004 0.004 0.005 0.006 0.831 0.483 0.862 0.562 0.259 0.563 0.005 0.009 0.006 0.007 0.006 0.006 0.008 0.007 0.007 0.007 0.328 0.315 0.274 0.191 0.855 0.003 0.421 0.923 0.911 0.909 0.904 0.696 0.224 0.733 0.001 0.001 0.001 0.002 0.838 0.002 0 0.315 0.872 0.919 0.866 0.858 0.619 0.003 0.795 0.146 0.126 0.073 0.004 0.003 0 0 0.378 0.914 0.925 0.914 0.904 0.689 0.13 0.005 0.007 0.009 0.005 0.005 0.003 0.007 0.007 0.006 0.006 0.011 0.007 0.022 0.007 0.019 0.009 0.002 0.006 0.012 0.002 0.001 0 0 0.001 0.002 0.013 0.007 0.002 0.002 0 0.005 0.008 0.021 0.009 0.002 0.003 0.029 0.002 0.006 0.011 0.002 0.003 0.005 0.011 0.007 0.005 0.006 0.006 0.006 0.007 0.007 0.007

root, 1 bet 15
0.562 0.424 0.591 0.644 0.507 0.559 0.525 0.5 0.495 0.518 0.401 0.236 0.316 0.449 0.316 0.309 0.395 0.286 0.275 0.269 0 0 0 0 0.398 0 0.012 0.433 0.493 0.456 0.381 0.058 0 0.017 0 0 0 0 0.389 0 0 0.014 0.449 0.44 0.462 0.389 0.045 0.001 0.082 0 0 0 0 0 0 0 0.004 0.481 0.54 0.504 0.418 0.05 0 0.072 0.091 0 0.138 0.061 0.138 0.117 0.039 0.102 0.147 0 0.062 0.097 0 0 0 0 0 0 0 0.089 0 0 0.1 0 0 0.158 0 0 0 0.168 0.013 0.164 0 0.01 0.151 0.002 0.011 0.113 0.009 0.018 0.009 0.284 0 0.229 0.316 0.214 0.222 0.354 0.211 0.202 0.197

1 bet 15, 2 call 15
0.809 0.825 0.709 0.782 0.978 0.984 0.997 0.998 0.997 0.605 0.613 0.566 0.575 0.527 0.538 0.047 0.083 0.022 0.039 0.012 0.023 1 1 1 1 0.999 1 0.999 0.999 0.998 0.997 0.997 0.997 0.999 0.999 0.999 0.999 0.999 0.998 0.999 0.999 0.999 0.999 0.996 0.998 0.996 0.997 0.999 0.999 1 1 1 1 0.999 0.999 0.999 0.997 0.997 0.998 0.997 0.999 0 0.243 0 0.187 0.229 0 0.122 0.174 0.113 0.003 0.25 0.695 0.001 0.001 0 0 0.001 0.046 0 0 0.191 0.001 0.001 0.63 0 0.328 0 0 0 0.578 0.001 0 0.504 0 0.484 0.496 0.016 0.327 0.335 0.319 0 0 0.07 0 0.11 0.041 0.019 0.045 0.003 0.014

1 bet 15, 2 raise 40
0 0 0 0 0 0 0.003 0.002 0.003 0 0 0 0 0 0 0 0 0 0 0 0 0 0 0 0 0.001 0 0.001 0.001 0.002 0.003 0.003 0.003 0.001 0.001 0.001 0.001 0.001 0.002 0.001 0.001 0.001 0.001 0.004 0.002 0.004 0.003 0.001 0.001 0 0 0 0 0.001 0.001 0.001 0.003 0.003 0.002 0.003 0.001 0 0 0 0 0 0 0 0 0 0 0 0.002 0 0.001 0 0 0.001 0.002 0 0 0 0.001 0 0.003 0 0 0 0 0 0 0 0 0 0 0 0 0 0 0 0 0 0 0 0 0 0 0 0 0 0

1 bet 15, 2 raise 40, 1 call  40
0 0 0 0 0.115 0.118 0.124 0.153 0.075 0.156 0 0 0.017 0 0.018 0.016 0 0.018 0.016 0.017 0.585 0.588 0.607 0.658 0.104 0.741 0.515 0.006 0 0.007 0.017 0.117 0.671 0.224 0.937 0.936 0.94 0.93 0.038 0.949 0.305 0.694 0.047 0.015 0.046 0.05 0.114 0.948 0.158 0.607 0.609 0.631 0.691 0.8 0.999 0.426 0.526 0.025 0 0.022 0.029 0.121 0.711 0 0.004 0 0.004 0.003 0 0.004 0.003 0.003 0 0 0 0 0 0 0 0 0 0 0 0 0 0 0 0 0 0 0.003 0 0 0.018 0 0 0 0 0 0 0 0.02 0.006 0.001 0.003 0 0 0.017 0 0.018 0.017 0 0.019 0.017 0.018

2 raise 40, 1 raise  75
0.021 0 0.022 0.027 0.846 0.366 0.863 0.81 0.174 0.834 0.037 0 0.025 0.038 0.024 0.025 0.044 0.026 0.027 0.026 0.41 0.406 0.387 0.333 0.896 0.254 0.478 0.994 1 0.993 0.983 0.883 0.324 0.776 0.063 0.064 0.06 0.07 0.962 0.051 0.695 0.066 0.953 0.985 0.954 0.95 0.886 0.043 0.842 0.388 0.386 0.363 0.302 0.196 0.001 0.574 0.467 0.975 1 0.978 0.971 0.879 0.284 0.027 0.009 0 0.009 0.009 0.027 0.009 0.009 0.009 0.035 0 0 0 0 0 0 0 0 0 0 0 0 0 0 0 0 0.009 0 0 0 0.039 0.008 0 0 0 0 0 0 0.085 0.01 0 0.001 0.024 0 0.026 0.025 0.025 0.026 0.034 0.028 0.028 0.028

root, 1 bet 20
0.028 0.213 0.065 0.011 0.121 0.247 0.04 0.196 0.327 0.099 0.001 0.001 0.285 0.004 0.269 0.289 0.002 0.217 0.175 0.218 0 0 0 0 0.029 0 0.001 0.165 0.18 0.197 0.178 0.018 0 0 0 0 0 0 0.008 0.006 0 0.003 0.193 0.189 0.194 0.178 0.02 0 0.002 0 0 0 0 0 0 0 0 0.192 0.18 0.157 0.181 0.02 0 0.002 0.019 0 0.022 0.01 0.003 0.013 0.006 0.006 0.017 0 0 0.012 0 0 0 0 0.002 0 0 0 0 0 0.016 0 0 0 0 0 0 0.063 0 0.007 0.001 0.005 0.014 0.004 0.005 0.007 0.002 0.002 0.002 0.001 0.001 0.26 0.002 0.23 0.272 0.005 0.149 0.129 0.152

1 bet 20, 2 call 20
0.085 0.187 0.041 0.205 0.067 0.173 0.969 0.977 0.948 0.223 0.238 0.202 0.225 0.188 0.205 0 0 0 0 0 0 1 1 0.999 0.999 0.994 0.999 0.998 0.997 0.992 0.987 0.989 0.985 0.998 0.995 0.998 0.998 0.998 0.995 0.99 0.994 0.997 0.997 0.989 0.991 0.989 0.984 0.997 0.996 1 1 0.999 0.997 0.998 0.998 0.997 0.989 0.988 0.992 0.988 0.998 0 0.008 0 0.027 0.006 0 0.024 0.005 0.016 0 0.219 0.415 0.002 0.003 0 0 0.035 0.077 0.037 0 0.173 0.002 0.002 0.39 0 0.342 0 0 0 0.347 0 0 0.233 0 0.267 0.235 0 0.119 0.069 0.125 0 0 0 0 0 0 0 0 0 0

1 bet 20, 2 raise 50
0 0 0 0 0 0 0.031 0.023 0.052 0 0 0 0 0 0 0 0 0 0 0 0 0 0 0.001 0.001 0.006 0.001 0.002 0.003 0.008 0.013 0.011 0.015 0.002 0.005 0.002 0.002 0.002 0.005 0.01 0.006 0.003 0.003 0.011 0.009 0.011 0.016 0.002 0.004 0 0 0.001 0.002 0.002 0.002 0.003 0.011 0.012 0.008 0.011 0.002 0 0 0 0 0 0 0 0 0 0 0 0.006 0.002 0.002 0 0 0.002 0.01 0.002 0 0 0.002 0.001 0.006 0 0 0 0 0 0 0 0 0 0 0 0 0 0 0 0 0 0 0 0 0 0 0 0 0 0

1 bet 20, 2 raise 50, 1 call  50
0 0 0 0 0.015 0.023 0.158 0.146 0.026 0.351 0 0 0 0 0 0 0 0.001 0 0.001 0.071 0.071 0.073 0.066 0.058 0.057 0.12 0 0.003 0.004 0.002 0.042 0.103 0.003 0.311 0.255 0.016 0.008 0 0.022 0.261 0.063 0.002 0.002 0.002 0.002 0.069 0.051 0.005 0.079 0.079 0.082 0.061 0.088 0.999 0.313 0.144 0.002 0.003 0.001 0.002 0.049 0.132 0 0 0 0 0 0 0 0 0 0 0 0 0 0 0 0 0 0 0 0 0 0 0 0 0 0 0 0 0 0 0 0 0 0 0 0 0 0 0 0 0 0 0 0 0 0 0 0 0 0 0 0

2 raise 50, 1 raise  70
0 0 0 0 0.966 0.284 0.841 0.839 0.263 0.648 0 0 0 0 0 0 0 0 0 0 0.827 0.827 0.827 0.759 0.942 0.867 0.832 0.997 0.985 0.991 0.995 0.947 0.842 0.994 0 0 0.001 0.001 1 0.003 0.739 0.148 0.987 0.976 0.987 0.99 0.854 0.037 0.994 0.694 0.695 0.693 0.585 0.766 0.001 0.687 0.745 0.988 0.982 0.992 0.99 0.937 0.748 0 0.001 0 0.001 0.001 0 0.001 0.001 0.001 0 0 0 0 0 0 0 0 0 0 0 0 0 0 0 0 0 0 0 0 0 0.002 0 0 0 0 0 0 0 0.001 0 0 0 0 0 0.001 0 0.001 0.001 0 0 0 0.001

root, 1 bet 25
0.002 0.006 0.002 0 0 0 0 0 0 0 0 0 0.002 0 0.004 0.002 0 0.002 0.002 0.002 0 0 0 0 0 0 0 0.002 0.001 0.002 0.001 0.001 0 0 0 0 0 0 0 0 0 0.001 0.002 0.003 0.002 0.001 0.002 0 0 0 0 0 0 0 0 0 0 0.002 0.001 0.002 0.001 0.001 0 0 0 0 0 0 0 0 0 0 0 0 0 0 0 0 0 0 0 0 0 0 0 0 0.001 0 0 0 0 0 0 0.001 0 0 0.001 0 0 0 0 0 0 0 0 0 0 0.001 0 0.002 0.001 0 0.001 0.001 0.001

1 bet 25, 2 call 25
0.061 0.156 0.065 0.147 0.057 0.153 0.81 0.837 0.804 0.096 0.155 0.098 0.139 0.08 0.141 0.001 0.002 0.001 0.002 0.004 0.002 0.929 0.933 0.938 0.951 0.997 0.95 0.994 0.995 0.692 0.633 0.607 0.577 0.991 0.886 0.679 0.694 0.756 0.721 0.877 0.935 0.742 0.898 0.547 0.599 0.562 0.543 0.678 0.962 0.946 0.95 0.954 0.966 0.965 0.987 0.991 0.635 0.697 0.715 0.595 0.988 0 0.022 0.001 0.037 0.022 0 0.042 0.022 0.043 0.001 0.001 0.103 0.001 0.001 0.001 0.007 0.005 0.006 0.005 0.005 0.002 0.001 0.001 0.103 0.001 0.003 0.002 0.002 0.002 0.003 0 0 0.054 0 0.077 0.059 0 0.007 0.025 0.012 0 0 0 0 0 0 0.001 0 0.003 0

1 bet 25, 2 raise 90
0 0.001 0 0.001 0 0.001 0.19 0.163 0.196 0.001 0.001 0.001 0.001 0.001 0.001 0.001 0.001 0.001 0.001 0.001 0.001 0.07 0.066 0.061 0.047 0.003 0.05 0.004 0.004 0.308 0.359 0.385 0.394 0.005 0.114 0.314 0.3 0.208 0.004 0.123 0.058 0.009 0.008 0.444 0.393 0.43 0.428 0.018 0.038 0.053 0.049 0.045 0.031 0.034 0.008 0.008 0.364 0.303 0.284 0.373 0.009 0.001 0.001 0.001 0.001 0.001 0.001 0 0 0 0 0.001 0.001 0.001 0.001 0 0.002 0.002 0.002 0.002 0 0.001 0.001 0.001 0.001 0 0 0 0 0 0 0.001 0.001 0.001 0.001 0.001 0.001 0 0 0 0 0.001 0.001 0.001 0.001 0.001 0.001 0 0 0 0

1 bet 25, 2 raise 90, 1 call  90
0 0 0 0 0 0 0 0 0 0 0 0 0 0 0 0 0 0 0 0 0.004 0.005 0.017 0.02 1 1 1 1 1 1 1 1 1 1 0.001 0.001 0.002 0.003 1 0.013 1 0.014 1 1 1 1 1 0.014 1 0.004 0.004 0.014 0.018 1 1 1 1 1 1 1 1 1 1 0 0 0 0 0 0 0 0 0 0 0 0 0 0 0 0 0 0 0 0 0 0 0 0 0 0 0 0 0 0 0 0 0 0 0 0 0 0 0 0 0 0 0 0 0 0 0 0 0 0 0 0
