game = '6-max Cash', preflop situation = 'EP openraise BB 3bet EP call', stack = '90', pot = '20', bets = '33 50 75 100 125'

OOP preflop range
6c5c_0.25 6d5d_0.25 6h5h_0.25 6s5s_0.25 7c6c_0.25 7d6d_0.25 7s6s_0.25 8c7c_0.25 8d7d_0.25 8s7s_0.25 9c8c_0.25 9d8d_0.25 9d9c_0.25 9h8h_0.25 9h9c_0.25 9h9d_0.25 9s8s_0.25 9s9c_0.25 9s9d_0.25 9s9h_0.25 Ac2c_0.50 Ac3c_0.25 Ac4c_0.25 Ac5c_0.25 Ac6c_0.50 Ac7c_0.50 Ac8c_0.25 AcKc_1 AcKd_0.50 AcKh_0.50 AcKs_0.50 AcQc_1 AcTc_0.25 Ad2d_0.50 Ad3d_0.25 Ad4d_0.25 Ad5d_0.25 Ad6d_0.50 Ad7d_0.50 Ad8d_0.25 AdAc_1 AdJd_0.50 AdKc_0.50 AdKd_1 AdKh_0.50 AdKs_0.50 AdQd_1 Ah2h_0.50 Ah3h_0.25 Ah4h_0.25 Ah5h_0.25 Ah6h_0.50 Ah8h_0.25 AhAc_1 AhAd_1 AhJh_0.50 AhKc_0.50 AhKd_0.50 AhKh_1 AhKs_0.50 AhQh_1 AhTh_0.25 As2s_0.50 As3s_0.25 As4s_0.25 As5s_0.25 As6s_0.50 As7s_0.50 As8s_0.25 AsAc_1 AsAd_1 AsAh_1 AsJs_0.50 AsKc_0.50 AsKd_0.50 AsKh_0.50 AsKs_1 AsQs_1 AsTs_0.25 JhJd_0.75 JhTh_0.25 JsJd_0.75 JsJh_0.75 JsTs_0.25 Kc9c_0.25 KcQc_1 KcTc_0.25 Kd9d_0.25 KdJd_0.50 KdKc_1 KdQd_1 Kh9h_0.25 KhJh_0.50 KhKc_1 KhKd_1 KhQh_1 KhTh_0.25 Ks9s_0.25 KsJs_0.50 KsKc_1 KsKd_1 KsKh_1 KsQs_1 KsTs_0.25 QdJd_0.50 QdQc_1 QhJh_0.50 QhQc_1 QhQd_1 QsJs_0.50 QsQc_1 QsQd_1 QsQh_1 Tc9c_0.25 Th9h_0.25 ThTc_0.50 Ts9s_0.25 TsTc_0.50 TsTh_0.50

IP preflop range
6d6c_0.25 6h6c_0.25 6h6d_0.25 6s6c_0.25 6s6d_0.25 6s6h_0.25 7d7c_0.50 7s7c_0.50 7s7d_0.50 8d8c_1 8h8c_1 8h8d_1 8s8c_1 8s8d_1 8s8h_1 9d9c_1 9h9c_1 9h9d_1 9s9c_1 9s9d_1 9s9h_1 Ac2c_1 Ac3c_1 Ac4c_1 Ac5c_1 Ac6c_1 Ac7c_1 Ac8c_1 Ac9c_1 AcQc_0.75 AcQd_1 AcQh_1 AcQs_1 AcTc_1 Ad2d_1 Ad3d_1 Ad4d_1 Ad5d_1 Ad6d_1 Ad7d_1 Ad8d_1 Ad9d_1 AdJd_1 AdQc_1 AdQd_0.75 AdQh_1 AdQs_1 Ah2h_1 Ah3h_1 Ah4h_1 Ah5h_1 Ah6h_1 Ah8h_1 Ah9h_1 AhJh_1 AhQc_1 AhQd_1 AhQh_0.75 AhQs_1 AhTh_1 As2s_1 As3s_1 As4s_1 As5s_1 As6s_1 As7s_1 As8s_1 As9s_1 AsJs_1 AsQc_1 AsQd_1 AsQh_1 AsQs_0.75 AsTs_1 JhJd_1 JhTh_0.50 JsJd_1 JsJh_1 JsTs_0.50 KcQc_1 KcQd_0.50 KcQh_0.50 KcQs_0.50 KdJd_1 KdQc_0.50 KdQd_1 KdQh_0.50 KdQs_0.50 KhJh_1 KhQc_0.50 KhQd_0.50 KhQh_1 KhQs_0.50 KsJs_1 KsQc_0.50 KsQd_0.50 KsQh_0.50 KsQs_1 QdJd_0.50 QdQc_1 QhJh_0.50 QhQc_1 QhQd_1 QsJs_0.50 QsQc_1 QsQd_1 QsQh_1 Tc9c_0.25 Th9h_0.25 ThTc_1 Ts9s_0.25 TsTc_1 TsTh_1

root, 1 check
0 0 0 0 0 0 0 0.071 0.061 0 0.023 0.008 0.159 0.034 0.142 0.16 0.023 0.122 0.143 0.14 0.024 0.029 0.031 0.044 0.168 0.118 0.006 0.005 0.036 0.036 0.028 0.027 0.306 0.007 0.013 0.016 0.027 0.15 0.138 0.007 0 0.069 0.041 0.01 0.042 0.031 0.032 0.008 0.013 0.016 0.025 0.128 0.023 0 0 0.046 0.045 0.04 0.006 0.034 0.03 0.275 0.362 0.376 0.383 0.391 0.816 0.258 0.077 0.011 0 0 0.1 0.055 0.063 0.063 0.066 0.065 0.311 0.021 0.03 0.078 0.08 0.065 0 0.026 0.022 0 0.017 0.001 0.031 0 0.013 0.001 0.011 0.031 0.023 0 0.027 0 0 0 0.033 0.105 0.11 0.014 0.105 0.013 0.012 0.12 0.009 0 0 0.011 0.021 0.07 0.005 0.008 0.026

1 check, 2 check
0.511 0.51 0.506 0.541 0.535 0.534 0.063 0.006 0.006 0.828 0.775 0.779 0.82 0.822 0.769 0.891 0.811 0.854 0.875 0.907 0.83 0.442 0.44 0.443 0.448 0.467 1 0.765 0.758 0.943 0.697 0.695 0.67 1 0.393 0.392 0.393 0.397 0.415 1 0.693 0.721 0.508 0.672 0.88 0.613 0.609 0.378 0.377 0.378 0.383 0.397 0.681 0.691 0.429 0.615 0.557 0.796 0.56 1 0.991 0.992 0.992 0.992 0.987 0.928 0.983 0.897 0.654 0.786 0.7 0.694 0.762 0.738 0.004 0.004 0.004 0.006 0.004 0.297 0.474 0.478 0.5 0.42 0.419 0.283 0.436 0.455 0.423 0.411 0.423 0.301 0.443 0.377 0.387 0.41 0.416 0.406 0.794 0.205 0.72 0.207 0.353 0.789 0.275 0.461 0.452 0.451 0.344 0.029 0.591 0.086 0.117

1 check, 2 bet 7
0.212 0.212 0.212 0.199 0.199 0.199 0.321 0.23 0.215 0.108 0.129 0.125 0.111 0.109 0.127 0.073 0.094 0.085 0.074 0.064 0.086 0.222 0.221 0.222 0.224 0.232 0 0.106 0.129 0.045 0.151 0.148 0.102 0 0.212 0.212 0.212 0.214 0.223 0 0.129 0.148 0.203 0.171 0.067 0.159 0.121 0.193 0.192 0.192 0.193 0.2 0.098 0.133 0.231 0.171 0.181 0.124 0.132 0 0.004 0.004 0.004 0.004 0.008 0.071 0.001 0.07 0.159 0.088 0.124 0.121 0.159 0.176 0.464 0.298 0.45 0.452 0.29 0.25 0.264 0.262 0.225 0.252 0.27 0.282 0.268 0.228 0.251 0.271 0.271 0.276 0.228 0.185 0.259 0.251 0.248 0.233 0.077 0.206 0.107 0.223 0.247 0.149 0.218 0.253 0.26 0.153 0.191 0.229 0.082 0.221 0.232

2 bet 7, 1 call 7
0 0 0 0 0.564 0.482 0.012 1 1 0.999 0 0 0.996 0 0.96 0.979 0 0.985 0.996 0.945 0 0 0 0 0 0.996 0.992 0.647 0.994 0.994 0.995 0.824 0.999 0 0 0 0 0 0.995 0.994 0 1 0.985 0.377 0.778 0.762 0.96 0 0 0 0 0 0.996 0 0 0.969 0.996 0.971 0.687 0.994 0.998 0.999 0 0 0 0 0 0.43 0.961 0 0 0 0.817 0.662 0.532 0.548 0.475 0.728 0.981 0.496 0.014 0.025 0.199 0.002 0.742 0.633 0.997 0.359 0.791 0 0.804 0.432 0.721 0 0.001 0.841 0.826 0.001 0.998 0 0 0 0.894 0.052 0.806 0.02 0.844 0.163 0.002 0.872 0.461 0.001 0.002 0.798 0.668 0.323 0.996 0.287 0.726

2 bet 7, 1 raise 24
0.558 0.503 0.528 0.466 0.436 0.518 0.985 0 0 0.001 1 1 0.004 1 0.04 0.021 1 0.015 0.004 0.055 0 0 0 0 0 0 0 0.353 0.005 0.005 0.005 0.176 0 0 0 0 0 0 0.003 0 1 0 0.014 0.623 0.221 0.237 0.04 0 0 0 0 0 0 1 1 0.031 0.003 0.029 0.313 0.005 0.002 0 0 0 0 0 0 0.501 0.001 1 1 1 0.183 0.337 0.467 0.451 0.524 0.271 0.018 0.504 0.986 0.975 0.801 0.998 0.258 0.367 0.003 0.641 0.209 1 0.196 0.568 0.279 1 0.999 0.159 0.174 0.999 0.002 1 1 1 0.106 0.947 0.194 0.98 0.156 0.837 0.998 0.128 0.539 0.999 0.998 0.202 0.332 0.677 0.004 0.713 0.274

2 bet 7, 1 raise 24, 2 call 24
0 0 0 0 0 0 0.52 0.397 0.395 0.389 0.384 0.391 0.383 0.378 0.381 0.436 0.429 0.434 0.429 0.438 0.427 0 0 0 0 0 0.232 0.001 0.231 0.451 0.222 0.23 0.144 0.548 0 0 0 0 0 0.2 0.001 0.21 0.692 0.235 0.407 0.215 0.127 0 0 0 0 0 0.001 0.248 0.695 0.253 0.23 0.426 0.15 0.508 0 0 0 0 0 0 0 0.002 0.546 0.016 0.008 0.009 0.004 0 0.424 0.134 0.413 0.434 0.002 0.431 0.746 0.74 0.791 0.645 0.651 0.499 0.727 0.772 0.661 0.687 0.775 0.525 0.824 0.613 0.616 0.686 0.68 0.693 0.438 0.531 0.444 0.533 0.535 0.445 0.54 0.551 0.548 0.504 0.441 0.54 0.609 0.437 0.462

1 raise 24, 2 raise 83
0 0 0 0 0 0 0.48 0.603 0.605 0.009 0.068 0.03 0.013 0.003 0.044 0.254 0.314 0.275 0.273 0.233 0.295 0 0 0 0 0 0.001 0 0 0.007 0 0 0 0.182 0 0 0 0 0 0 0 0.001 0.308 0 0.004 0 0 0 0 0 0 0 0.001 0.001 0.305 0.001 0.001 0.006 0 0.307 0 0 0 0 0 0 0 0 0.012 0 0 0 0 0 0.576 0.866 0.587 0.566 0.998 0.569 0.254 0.259 0.209 0.355 0.348 0.501 0.273 0.228 0.339 0.313 0.224 0.475 0.176 0.387 0.384 0.314 0.32 0.307 0.562 0.469 0.556 0.467 0.465 0.555 0.459 0.448 0.451 0.496 0.559 0.46 0.391 0.563 0.538

1 check, 2 bet 10
0.171 0.171 0.173 0.162 0.164 0.164 0.279 0.349 0.324 0.061 0.079 0.077 0.056 0.056 0.074 0.035 0.058 0.047 0.042 0.028 0.054 0.146 0.146 0.145 0.144 0.14 0 0.081 0.086 0.007 0.097 0.096 0.1 0 0.144 0.145 0.144 0.143 0.141 0 0.095 0.097 0.194 0.098 0.042 0.119 0.117 0.164 0.164 0.164 0.163 0.162 0.126 0.121 0.204 0.135 0.15 0.071 0.142 0 0.001 0.001 0.001 0.001 0.001 0.001 0.016 0.033 0.134 0.05 0.08 0.084 0.07 0.086 0.345 0.285 0.327 0.335 0.21 0.205 0.188 0.19 0.169 0.201 0.203 0.227 0.209 0.186 0.198 0.206 0.211 0.215 0.19 0.159 0.203 0.212 0.213 0.177 0.092 0.208 0.095 0.223 0.223 0.059 0.207 0.191 0.195 0.175 0.198 0.254 0.145 0.195 0.187

2 bet 10, 1 call 10
0 0 0 0 0.681 0.575 0 0.998 0.998 0.998 0 0 0.999 0 0.999 0.999 0 0.996 0.999 0.997 0 0 0 0 0 0.412 0.96 0.995 0.992 0.992 0.946 0.994 0.999 0 0 0 0 0 0.708 0.99 0 0.999 0.987 0.872 0.992 0.982 0.998 0 0 0 0 0 0.979 0 0 0.999 0.961 0.991 0.998 0.961 0.999 0.999 0 0 0 0 0 0 0.362 0 0 0 0.998 0.776 0.564 0.56 0.447 0.727 0.889 0.82 0.27 0.085 0.287 0.001 0.001 0.539 0.97 0.001 0.99 0 0.663 0.001 0.881 0 0 0.676 0.587 0.002 0.997 0 0 0 0.847 0.024 0.78 0.024 0.792 0.004 0.003 0.853 0.279 0.005 0.006 0.004 0.001 0.335 0.075 0.183 0.48

2 bet 10, 1 raise 30
0 0 0 0 0.315 0.421 0.975 0.002 0.002 0.001 1 1 0 1 0 0 1 0.004 0 0.003 0 0 0 0 0 0 0 0.004 0 0 0 0.006 0 0 0 0 0 0 0 0 1 0.001 0 0.127 0.004 0.001 0.002 0 0 0 0 0 0 1 1 0.001 0 0 0.001 0 0.001 0.001 0 0 0 0 0 0.112 0 1 1 1 0.001 0.222 0.435 0.439 0.552 0.273 0.111 0.18 0.73 0.915 0.713 0.999 0.999 0.461 0.03 0.999 0.01 1 0.337 0.999 0.119 1 1 0.324 0.413 0.998 0.003 1 1 1 0.152 0.976 0.22 0.976 0.208 0.996 0.997 0.147 0.721 0.995 0.994 0.996 0.999 0.665 0.925 0.817 0.52

2 bet 10, 1 raise 30, 2 call 30
0 0 0 0 0 0 0.538 0.45 0.451 0.109 0.128 0.125 0.103 0.093 0.118 0.254 0.257 0.25 0.256 0.25 0.253 0 0 0 0 0 0.002 0 0.125 0.378 0.002 0.002 0.001 0.279 0 0 0 0 0 0.001 0 0.087 0.687 0.003 0.303 0.002 0.001 0 0 0 0 0 0 0.112 0.689 0.002 0.001 0.279 0.001 0.266 0 0 0 0 0 0 0 0 0.444 0.001 0.001 0.001 0.001 0 0.257 0.001 0.135 0.183 0 0.456 0.704 0.724 0.724 0.691 0.616 0.542 0.727 0.733 0.697 0.625 0.718 0.563 0.753 0.672 0.586 0.671 0.689 0.639 0.47 0.509 0.467 0.51 0.528 0.532 0.512 0.524 0.526 0.47 0.424 0.447 0.694 0.079 0.139

1 raise 30, 2 raise 80
0 0 0 0 0 0 0.462 0.55 0.549 0.017 0.092 0.051 0.029 0.009 0.073 0.28 0.338 0.305 0.297 0.263 0.322 0 0 0 0 0 0.117 0 0.001 0.007 0 0 0 0.364 0 0 0 0 0 0.061 0.001 0.001 0.313 0.001 0.002 0.001 0 0 0 0 0 0 0 0.001 0.311 0.001 0 0.002 0 0.419 0 0 0 0 0 0 0 0 0.013 0 0 0 0 0 0.743 0.999 0.865 0.817 1 0.544 0.229 0.21 0.193 0.309 0.365 0.458 0.213 0.196 0.303 0.35 0.213 0.437 0.171 0.328 0.348 0.218 0.2 0.244 0.53 0.491 0.533 0.49 0.472 0.462 0.488 0.47 0.465 0.53 0.576 0.553 0.306 0.921 0.861

1 check, 2 bet 15
0.105 0.106 0.109 0.098 0.102 0.103 0.235 0.286 0.292 0.003 0.016 0.019 0.013 0.014 0.03 0.001 0.032 0.012 0.008 0.001 0.027 0.122 0.123 0.122 0.121 0.115 0 0.048 0.028 0 0.054 0.055 0.108 0 0.15 0.15 0.149 0.148 0.144 0 0.082 0.034 0.094 0.059 0.01 0.108 0.141 0.162 0.162 0.161 0.16 0.157 0.095 0.055 0.131 0.079 0.112 0.009 0.152 0 0.002 0.002 0.002 0.002 0.002 0 0.001 0 0.052 0.045 0.057 0.054 0.009 0 0.181 0.26 0.189 0.189 0.24 0.162 0.073 0.069 0.092 0.11 0.104 0.169 0.086 0.116 0.103 0.108 0.093 0.166 0.119 0.112 0.122 0.12 0.118 0.105 0.016 0.236 0.011 0.24 0.169 0.002 0.194 0.093 0.09 0.198 0.215 0.304 0.146 0.318 0.304

2 bet 15, 1 call 15
0 0 0 0 0.966 0.886 0 0.994 0.995 0.996 0 0 0.982 0 0.91 0.988 0 0.858 0.971 0.872 0 0 0 0 0 0.004 0.097 0.993 0.414 0.422 0.331 0.996 0.671 0 0 0 0 0 0.026 0.204 0 0.997 0.37 0.994 0.476 0.414 0.996 0 0 0 0 0 0.023 0 0 0.996 0.062 0.255 0.993 0.165 0.996 0.498 0 0 0 0 0 0 0 0 0 0 0.995 0.836 0.724 0.712 0.467 0.562 0.627 0.332 0.237 0.188 0.391 0.008 0.059 0.119 0.995 0.015 0.935 0 0.363 0.016 0.852 0 0 0.398 0.993 0.299 0.738 0 0 0 0.767 0.518 0.961 0.121 0.869 0.04 0.011 0.659 0.561 0.328 0.267 0.038 0.021 0.211 0.022 0.226 0.42

2 bet 15, 1 raise 40
0 0 0 0 0 0 0 0.005 0.005 0.003 1 1 0.015 1 0.088 0.01 1 0.139 0.026 0.125 0 0 0 0 0 0 0 0.002 0 0 0.001 0.002 0 0 0 0 0 0 0 0 1 0.003 0 0.001 0 0 0.001 0 0 0 0 0 0 1 1 0.003 0 0 0.001 0 0 0.001 0 0 0 0 0 0 0 1 1 1 0.004 0.142 0.264 0.277 0.522 0.435 0.025 0.668 0.763 0.812 0.609 0.992 0.941 0.881 0.004 0.985 0.065 1 0.637 0.984 0.148 1 1 0.602 0.006 0.701 0.261 1 1 1 0.233 0.477 0.038 0.879 0.131 0.96 0.989 0.158 0.439 0.672 0.733 0.962 0.979 0.789 0.978 0.774 0.58

2 bet 15, 1 raise 40, 2 call 40
0 0 0 0 0 0 0.299 0.269 0.265 0.002 0.012 0.007 0.002 0.001 0.007 0.339 0.371 0.35 0.346 0.325 0.358 0 0 0 0 0 0 0 0.004 0.155 0 0 0 0.366 0 0 0 0 0 0 0 0.004 0.696 0 0.041 0 0 0 0 0 0 0 0 0.003 0.686 0 0 0.016 0 0.367 0 0 0 0 0 0 0 0 0.542 0 0 0 0 0 0.23 0 0.001 0.001 0 0.374 0.444 0.456 0.561 0.626 0.39 0.404 0.438 0.546 0.623 0.39 0.425 0.414 0.548 0.619 0.4 0.436 0.448 0.495 0.434 0.415 0.417 0.418 0.444 0.585 0.342 0.368 0.352 0.465 0.43 0.217 0.566 0.044 0.061

1 raise 40, 2 raise 75
0 0 0 0 0 0 0.701 0.731 0.735 0 0.003 0.002 0.001 0 0.002 0.306 0.337 0.32 0.314 0.297 0.329 0 0 0 0 0 0.16 0.001 0.003 0.26 0.002 0.002 0.001 0.617 0 0 0 0 0 0.135 0.001 0.003 0.304 0.007 0.116 0.002 0.001 0 0 0 0 0 0.001 0.003 0.314 0.007 0.002 0.076 0.001 0.629 0 0 0 0 0 0 0 0 0.22 0.013 0.003 0.003 0.001 0.002 0.77 1 0.999 0.999 1 0.626 0.356 0.341 0.185 0.374 0.429 0.596 0.363 0.207 0.377 0.432 0.382 0.586 0.207 0.381 0.394 0.343 0.327 0.262 0.566 0.585 0.583 0.582 0.556 0.415 0.583 0.551 0.516 0.535 0.57 0.783 0.434 0.956 0.939

1 check, 2 bet 20
0 0 0 0 0 0 0.08 0.108 0.134 0 0 0 0 0 0 0 0.005 0.001 0.001 0 0.004 0.045 0.046 0.045 0.044 0.034 0 0 0 0.006 0.002 0.006 0.019 0 0.058 0.057 0.058 0.056 0.046 0 0 0 0.001 0 0 0.002 0.013 0.069 0.07 0.069 0.069 0.06 0 0 0.004 0 0 0 0.013 0 0.001 0.001 0.001 0.001 0.001 0 0 0 0 0.031 0.04 0.047 0 0 0.002 0.111 0.023 0.012 0.108 0.078 0 0 0.001 0.016 0.003 0.036 0 0.008 0.018 0.003 0 0.039 0.011 0.092 0.027 0.006 0.004 0.062 0.021 0.109 0.067 0.084 0.007 0.001 0.075 0.001 0.001 0.023 0.051 0.117 0.035 0.098 0.089

2 bet 20, 1 call 20
0 0 0 0 0.307 0.283 0 0.98 0.979 0.982 0 0 0.603 0 0.584 0.611 0 0.565 0.586 0.567 0 0 0 0 0 0.001 0 0.885 0.042 0.08 0.114 0.701 0.492 0 0 0 0 0 0.001 0 0 0.963 0.002 0.712 0.02 0.044 0.971 0 0 0 0 0 0 0 0 0.757 0.001 0.001 0.589 0.001 0.968 0.359 0 0 0 0 0 0.001 0 0 0 0 0.987 0.363 0.354 0.348 0.262 0.283 0.508 0.159 0.169 0.199 0.292 0.174 0.929 0.129 0.968 0.708 0.647 0 0.1 0.725 0.604 0 0 0.157 0.849 0.806 0.444 0 0 0 0.217 0.7 0.781 0.094 0.686 0.106 0.009 0.39 0.092 0.001 0.007 0.427 0.376 0.139 0.334 0.142 0.242

2 bet 20, 1 raise 50
0 0 0 0 0 0 0 0.019 0.02 0.009 1 1 0.019 1 0.123 0.06 1 0.077 0.023 0.128 0 0 0 0 0 0 0 0.009 0.001 0.001 0.001 0.29 0 0 0 0 0 0 0 0 1 0.007 0 0.002 0 0 0.011 0 0 0 0 0 0 1 1 0.009 0 0 0.001 0 0.006 0.001 0 0 0 0 0 0 0 1 1 1 0.006 0.255 0.314 0.351 0.548 0.684 0.001 0.841 0.831 0.801 0.708 0.826 0.07 0.871 0.023 0.291 0.353 1 0.899 0.274 0.396 1 1 0.842 0.148 0.193 0.203 1 1 1 0.782 0.249 0.203 0.906 0.308 0.894 0.991 0.103 0.908 0.999 0.993 0.573 0.624 0.861 0.666 0.858 0.758

2 bet 20, 1 raise 50, 2 call 50
0 0 0 0 0 0 0.114 0.085 0.081 0.424 0.455 0.45 0.421 0.415 0.442 0.587 0.591 0.586 0.587 0.582 0.586 0 0 0 0 0 0.233 0 0.028 0.418 0 0 0 0.478 0 0 0 0 0 0.248 0 0.013 0.623 0 0.291 0 0 0 0 0 0 0 0 0.007 0.621 0 0 0.264 0 0.435 0 0 0 0 0 0 0 0 0.642 0 0 0 0 0.001 0.201 0 0 0 0.001 0.371 0.417 0.434 0.636 0.582 0.39 0.399 0.427 0.633 0.595 0.388 0.408 0.423 0.637 0.586 0.404 0.423 0.44 0.679 0.457 0.426 0.454 0.43 0.458 0.605 0.393 0.414 0.42 0.458 0.446 0.059 0.476 0.027 0.039

1 raise 50, 2 raise 70
0 0 0 0 0 0 0.886 0.915 0.919 0.027 0.063 0.053 0.043 0.034 0.079 0.391 0.393 0.394 0.393 0.393 0.396 0 0 0 0 0 0.306 0 0.017 0.45 0.048 0.032 0 0.519 0 0 0 0 0 0.322 0 0.011 0.377 0.107 0.383 0.035 0 0 0 0 0 0 0 0.017 0.379 0.108 0.052 0.37 0 0.564 0 0 0 0 0 0 0 0 0.358 0.225 0.164 0.134 0 0.006 0.799 1 1 1 0.999 0.629 0.495 0.476 0.284 0.418 0.541 0.601 0.471 0.275 0.405 0.547 0.495 0.577 0.274 0.414 0.526 0.474 0.453 0.319 0.543 0.574 0.546 0.57 0.542 0.395 0.607 0.586 0.58 0.542 0.554 0.941 0.524 0.973 0.961

1 check, 2 bet 25
0 0 0 0 0 0 0.021 0.022 0.029 0 0 0 0 0 0 0 0 0 0 0 0 0.023 0.024 0.023 0.021 0.013 0 0 0 0 0 0 0 0 0.044 0.044 0.043 0.042 0.03 0 0 0 0 0 0 0 0 0.035 0.036 0.035 0.033 0.024 0 0 0 0 0 0 0 0 0.001 0.001 0.001 0.001 0.001 0 0 0 0 0 0 0 0 0 0.004 0.042 0.007 0.006 0.147 0.008 0.001 0.001 0.013 0 0.001 0.002 0.001 0.007 0.007 0.001 0.001 0.002 0.008 0.075 0.001 0.001 0.001 0.017 0 0.036 0 0.021 0.001 0 0.031 0.002 0.002 0 0 0.067 0 0.082 0.071

2 bet 25, 1 call 25
0 0 0 0 0.014 0.011 0.001 0.561 0.564 0.338 0.425 0.585 0.235 0.526 0.235 0.238 0.173 0.227 0.23 0.229 0 0 0 0 0 0.003 0 0.214 0.113 0.113 0.109 0.309 0.15 0 0 0 0 0 0 0 0.084 0.104 0.003 0.16 0.002 0.001 0.333 0 0 0 0 0 0 0.1 0.065 0.134 0.002 0.002 0.171 0.001 0.354 0.061 0 0 0 0 0 0.113 0.044 0.102 0.097 0.1 0.217 0.169 0.171 0.17 0.14 0.21 0.299 0.123 0.068 0.168 0.183 0.084 0.541 0.001 0.274 0.481 0.151 0 0 0.485 0.163 0 0 0 0.27 0.503 0.078 0 0 0 0.001 0.234 0.177 0.004 0.193 0.004 0.006 0.134 0.004 0.006 0.007 0.001 0.002 0.143 0.006 0.149 0.16

2 bet 25, 1 raise 90
0 0 0 0 0 0 0 0.423 0.417 0.22 0.575 0.415 0.225 0.474 0.231 0.228 0.827 0.228 0.225 0.231 0 0 0 0 0 0 0 0.285 0.013 0.013 0.021 0.486 0.001 0 0 0 0 0 0 0 0.795 0.312 0.002 0.088 0.002 0.003 0.147 0 0 0 0 0 0 0.809 0.728 0.371 0.002 0.001 0.053 0.002 0.11 0 0 0 0 0 0 0 0.001 0.898 0.903 0.9 0.442 0.407 0.403 0.405 0.45 0.779 0.082 0.877 0.932 0.832 0.817 0.916 0.449 0.999 0.351 0.51 0.634 1 1 0.505 0.714 1 1 1 0.454 0.283 0.449 1 1 1 0.999 0.215 0.571 0.996 0.62 0.996 0.994 0.428 0.996 0.994 0.993 0.998 0.998 0.857 0.993 0.851 0.84

2 bet 25, 1 raise 90, 2 call 90
0 0 0 0 0 0 1 1 1 0.47 0.59 0.606 0.57 0.584 0.724 0.997 0.998 0.997 0.997 0.997 0.997 0 0 0 0 0 0.93 0 0.004 0.995 0.893 0.886 0.004 0.999 0 0 0 0 0 0.967 0 0.004 1 0.868 0.982 0.88 0.004 0 0 0 0 0 0 0.005 1 0.869 0.888 0.982 0.004 0.999 0 0 0 0 0 0 0 0 1 0.962 0.948 0.947 0.962 0.326 1 1 1 1 1 1 1 1 1 1 1 1 1 1 1 1 1 1 1 1 1 1 1 1 1 1 1 1 1 0.999 1 1 1 1 1 1 1 1 1

root, 1 bet 7
0.001 0.001 0.001 0 0.096 0.12 0.006 0.017 0.002 0.002 0.054 0.005 0.32 0.055 0.28 0.328 0.002 0.22 0.287 0.239 0.001 0.001 0.001 0.002 0.021 0.238 0.168 0.082 0.07 0.068 0.016 0.035 0.362 0.002 0.002 0.002 0.002 0.027 0.271 0.125 0.006 0.174 0.059 0.049 0.116 0.057 0.037 0.001 0.001 0.001 0.002 0.07 0.134 0.011 0.005 0.104 0.066 0.118 0.055 0.074 0.042 0.284 0.008 0.009 0.009 0.01 0.016 0.327 0.088 0 0 0 0.073 0.106 0.128 0.124 0.117 0.068 0.304 0.112 0.2 0.139 0.12 0.103 0.001 0.085 0.114 0.001 0.108 0.001 0.109 0.001 0.1 0.001 0.035 0.113 0.018 0.001 0.118 0.001 0.027 0.024 0.127 0.166 0.253 0.066 0.207 0.072 0.034 0.247 0.064 0.024 0.036 0.17 0.219 0.219 0.111 0.122 0.056

1 bet 7, 2 call 7
0.331 0.303 0.323 0.21 0.233 0.189 0.483 0.526 0.516 0.997 0.994 0.995 0.94 0.971 0.909 1 0.998 1 1 1 1 0 0 0 0 0 1 0.717 1 0.887 0.877 0.863 0.943 1 0 0 0 0 0 1 0.738 1 1 0.889 1 0.763 0.844 0 0 0 0 0 0.971 1 0.942 0.883 0.778 0.998 0.86 1 0 0 0 0 0 0.741 0 0.468 1 0.9 0.892 0.883 0.961 1 0.779 0.001 0.5 0.771 0 0.519 0.999 0.999 0.999 0.955 0.895 0.556 0.999 0.943 0.922 0.908 0.994 0.523 0.938 0.906 0.85 0.994 0.978 0.635 1 0.965 0.998 0.992 0.953 1 0.813 0.688 0.83 0.498 0.049 0.677 0.779 0.484 0.724

1 bet 7, 2 raise 24
0.368 0.5 0.479 0.51 0.487 0.651 0.517 0.474 0.484 0.002 0.005 0.004 0.058 0.027 0.09 0 0.002 0 0 0 0 0 0 0 0 0 0 0 0 0.113 0.119 0.133 0.052 0 0 0 0 0 0 0 0 0 0 0.109 0 0.235 0.153 0.002 0.002 0.002 0.002 0.002 0 0 0.058 0.115 0.221 0.002 0.139 0 0 0 0 0 0 0 0 0 0 0.025 0.086 0.104 0.028 0 0.221 0.999 0.5 0.229 1 0.481 0.001 0.001 0.001 0.045 0.105 0.444 0.001 0.057 0.078 0.092 0.006 0.477 0.062 0.094 0.15 0.006 0.022 0.365 0 0.035 0.002 0.008 0.047 0 0.187 0.312 0.17 0.502 0.951 0.323 0.221 0.516 0.276

1 bet 7, 2 raise 24, 1 call  24
0 0 0 0 0 0 0 0.888 0.796 0 0 0 0.153 0 0.28 0.239 0 0.196 0.131 0.273 0 0 0 0 0 0 0 0.029 0 0 0 0.268 0.103 0 0 0 0 0 0 0 0 0.405 0.052 0.054 0.048 0.05 0.314 0 0 0 0 0 0 0 0 0.569 0.005 0.019 0.016 0.02 0.3 0.001 0 0 0 0 0 0 0 0 0 0 0.648 0.074 0.074 0.041 0.001 0.011 0 0 0 0 0.079 0 0.999 0.001 0.441 0.999 0.001 0 0.005 0.999 0 0 0.003 0.031 0.285 0.998 0.001 0 0.036 0.008 0.277 0 0.196 0.111 0.195 0.137 0.075 0.17 0.164 0.208 0.19 0.004 0 0.001 0.003 0 0.168

2 raise 24, 1 raise  83
0 0 0 0 0 0 0 0.001 0.007 0 1 1 0 1 0.08 0.011 1 0 0 0.026 0 0 0 0 0 0 0 0.969 0.006 0.005 0.068 0.556 0 0 0 0 0 0 0 0 1 0.303 0 0.941 0 0.005 0.437 0 0 0 0 0 0 1 1 0.397 0 0 0.976 0.005 0.268 0 0 0 0 0 0 0 0 1 1 1 0.326 0.372 0.391 0.417 0.597 0.609 0 1 1 1 0.921 1 0 0.999 0.007 0 0.998 1 0.995 0 1 1 0.997 0.969 0.343 0 0.992 1 0.964 0.992 0.723 0 0.325 0.505 0.484 0.429 0.477 0.336 0.506 0.547 0.445 0.996 1 0.999 0.997 1 0.832

root, 1 bet 10
0.078 0.051 0.031 0.001 0.247 0.237 0.004 0.083 0.029 0.004 0.11 0.027 0.352 0.025 0.338 0.355 0.027 0.288 0.325 0.31 0.036 0.031 0.028 0.036 0.019 0.274 0.406 0.14 0.104 0.122 0.104 0.088 0.329 0.033 0.032 0.03 0.035 0.018 0.283 0.356 0.048 0.312 0.126 0.109 0.145 0.131 0.067 0.061 0.063 0.061 0.066 0.045 0.34 0.063 0.044 0.257 0.138 0.151 0.116 0.136 0.086 0.364 0.033 0.036 0.038 0.036 0.003 0.233 0.2 0.007 0.002 0.001 0.122 0.162 0.181 0.183 0.179 0.122 0.193 0.243 0.296 0.25 0.238 0.169 0.104 0.122 0.227 0.088 0.209 0.003 0.173 0.09 0.182 0.002 0.062 0.164 0.165 0.098 0.228 0.013 0.07 0.061 0.175 0.195 0.332 0.113 0.302 0.118 0.12 0.312 0.093 0.104 0.109 0.186 0.219 0.325 0.294 0.21 0.148

1 bet 10, 2 call 10
0 0 0 0 0 0 0.324 0.471 0.487 0.898 0.95 0.972 0.79 0.848 0.872 1 1 1 1 1 1 0 0 0 0 0 0.999 0.001 0.999 0.817 0.583 0.608 0.563 1 0 0 0 0 0 1 0.018 0.999 1 0.626 0.975 0.634 0.589 0 0 0 0 0 0.26 1 0.998 0.7 0.693 0.971 0.687 1 0 0 0 0 0 0.011 0 0.025 1 0.547 0.609 0.646 0.643 0.999 0.971 0.002 0.711 0.996 0 0.487 0.996 0.992 0.967 0.992 0.952 0.487 0.983 0.954 0.921 0.944 0.998 0.481 0.94 1 0.973 0.998 0.999 0.59 1 0.935 0.955 0.999 0.977 0.99 0.77 0.809 0.892 0.615 0.029 0.861 0.445 0.712 0.986

1 bet 10, 2 raise 30
0 0 0.001 0 0 0.003 0.676 0.529 0.513 0.001 0.012 0.001 0.039 0.019 0.097 0 0 0 0 0 0 0 0 0 0 0 0 0 0 0.182 0.027 0.034 0.009 0 0 0 0 0 0 0 0 0 0 0 0.025 0.116 0.05 0 0 0 0 0 0 0 0.002 0.001 0.101 0.028 0.031 0 0 0 0 0 0 0 0 0 0 0 0 0 0 0 0.029 0.998 0.289 0.004 1 0.513 0.004 0.008 0.033 0.008 0.048 0.513 0.017 0.046 0.079 0.056 0.002 0.519 0.06 0 0.027 0.002 0.001 0.41 0 0.065 0.045 0.001 0.023 0.01 0.23 0.191 0.108 0.385 0.971 0.139 0.555 0.288 0.014

1 bet 10, 2 raise 30, 1 call  30
0 0 0 0 0 0 0 0.328 0.334 0 0 0 0.001 0 0.232 0.125 0 0.144 0.009 0.292 0 0 0 0 0 0 0 0.143 0 0 0.001 0.104 0.006 0 0 0 0 0 0 0 0 0.311 0 0.038 0 0 0.183 0 0 0 0 0 0 0 0 0.385 0 0 0.075 0 0.162 0.001 0 0 0 0 0 0 0 0 0 0 0.397 0.004 0.025 0.011 0.018 0.03 0 0 0 0 0 0 0.916 0.114 0.21 0.905 0.149 0 0.284 0.939 0.091 0 0 0.309 0.02 0.612 0.138 0 0 0 0.343 0 0.111 0.016 0.119 0.025 0.065 0.146 0.066 0.047 0.069 0.445 0.35 0 0.516 0 0

2 raise 30, 1 raise  80
0 0 0 0 0 0 0 0 0 0 1 1 0 1 0 0 1 0 0 0.002 0 0 0 0 0 0 0 0.823 0.001 0.001 0.046 0.557 0 0 0 0 0 0 0 0 1 0.385 0 0.911 0 0.019 0.541 0 0 0 0 0 0 1 1 0.385 0.005 0.001 0.757 0.037 0.498 0 0 0 0 0 0 0 0 1 1 1 0.262 0.194 0.219 0.224 0.459 0.393 0 1 1 1 1 1 0 0.886 0.064 0 0.687 1 0.716 0 0.908 1 1 0.691 0.244 0 0.441 1 1 1 0.398 0 0.418 0.527 0.544 0.469 0.617 0.491 0.749 0.94 0.857 0.555 0.65 1 0.484 1 1

root, 1 bet 15
0.24 0.236 0.288 0.003 0.295 0.302 0.075 0.304 0.36 0.017 0.403 0.423 0.156 0.395 0.165 0.155 0.424 0.244 0.218 0.207 0.159 0.156 0.158 0.154 0.12 0.215 0.162 0.19 0.219 0.211 0.259 0.157 0.003 0.148 0.148 0.149 0.144 0.112 0.178 0.155 0.187 0.219 0.279 0.147 0.218 0.266 0.129 0.172 0.174 0.174 0.171 0.131 0.173 0.183 0.203 0.247 0.273 0.213 0.157 0.234 0.146 0.077 0.148 0.142 0.145 0.14 0.01 0.142 0.013 0.062 0.058 0.014 0.24 0.258 0.233 0.234 0.214 0.172 0.149 0.334 0.255 0.295 0.31 0.217 0.206 0.143 0.279 0.237 0.27 0.079 0.201 0.214 0.242 0.075 0.154 0.188 0.317 0.165 0.243 0.05 0.14 0.138 0.174 0.157 0.187 0.113 0.207 0.111 0.153 0.162 0.126 0.159 0.158 0.228 0.227 0.26 0.333 0.283 0.304

1 bet 15, 2 call 15
0 0 0 0 0 0 0.001 0.159 0.167 0.269 0.403 0.45 0.152 0.225 0.424 0.988 0.992 0.982 0.965 0.961 0.963 0 0 0 0 0 0.998 0 0.396 0.947 0.185 0.243 0.143 1 0 0 0 0 0 0.999 0 0.441 1 0.188 0.98 0.312 0.19 0 0 0 0 0 0 0.608 1 0.263 0.358 0.983 0.344 1 0 0 0 0 0 0 0 0 1 0.119 0.258 0.36 0.488 0.798 0.999 0.237 0.807 0.999 0 0.505 0.999 0.997 0.982 1 0.982 0.5 0.998 0.985 1 0.999 0.999 0.492 0.999 1 0.991 0.999 0.993 0.782 0.995 0.927 0.869 0.997 0.976 0.999 0.82 0.836 0.999 0.513 0.125 0.973 0.003 0.997 0.997

1 bet 15, 2 raise 40
0 0 0 0 0 0 0.999 0.841 0.833 0 0 0 0 0 0.016 0.011 0.007 0.017 0.034 0.039 0.037 0 0 0 0 0 0 0 0 0.053 0 0 0 0 0 0 0 0 0 0 0 0 0 0 0.019 0 0 0 0 0 0 0 0 0 0 0 0 0.017 0 0 0 0 0 0 0 0 0 0 0 0 0 0 0 0 0.001 0.763 0.193 0.001 1 0.495 0.001 0.003 0.018 0 0.017 0.5 0.001 0.015 0 0.001 0.001 0.508 0.001 0 0.008 0.001 0.007 0.218 0.005 0.073 0.131 0.003 0.024 0.001 0.18 0.164 0.001 0.487 0.875 0.027 0.997 0.003 0.003

1 bet 15, 2 raise 40, 1 call  40
0 0 0 0 0 0 0 0.364 0.381 0 0 0 0 0 0.214 0.035 0 0.123 0 0.287 0 0 0 0 0 0.003 0 0.084 0 0 0.038 0.139 0 0 0 0 0 0 0 0 0 0.444 0 0.066 0 0.048 0.029 0 0 0 0 0 0 0 0 0.467 0 0 0.067 0.039 0.031 0.079 0 0 0 0 0 0 0 0 0 0 0.345 0 0 0 0.048 0.272 0 0 0 0 0 0 0.846 0.65 0 0.954 0.221 0.002 0.606 0.842 0.166 0.004 0 0.561 0.006 0.001 0.296 0 0 0 0.988 0 0.137 0 0.235 0.001 0.006 0.269 0 0 0 0.996 0.989 0 0.998 0 0

2 raise 40, 1 raise  75
0 0 0 0 0 0 0 0 0 0 1 1 0 1 0 0 1 0 0 0 0 0 0 0 0 0 0 0.557 0 0 0.033 0.705 0 0 0 0 0 0 0 0 1 0.417 0 0.703 0 0.061 0.961 0 0 0 0 0 0 1 1 0.484 0 0 0.639 0.081 0.942 0 0 0 0 0 0 0 0 1 1 1 0.006 0 0 0 0.18 0.337 0 1 1 1 1 1 0 0.35 0 0 0.606 0.998 0.394 0 0.779 0.996 1 0.439 0.002 0 0.325 1 1 1 0.011 0 0.379 0.988 0.639 0.831 0.782 0.381 1 1 0.999 0.004 0.011 1 0.002 1 1

root, 1 bet 20
0.678 0.708 0.678 0.784 0.341 0.34 0.582 0.525 0.548 0.976 0.41 0.536 0.013 0.491 0.075 0.002 0.524 0.127 0.027 0.104 0.504 0.506 0.509 0.489 0.433 0.124 0.258 0.45 0.571 0.563 0.575 0.484 0 0.503 0.5 0.502 0.486 0.429 0.074 0.357 0.64 0.225 0.495 0.466 0.479 0.462 0.481 0.462 0.458 0.458 0.446 0.381 0.33 0.601 0.59 0.307 0.477 0.476 0.456 0.419 0.467 0 0.277 0.265 0.255 0.254 0.126 0.002 0.623 0.669 0.691 0.71 0.428 0.328 0.343 0.341 0.265 0.325 0.043 0.289 0.219 0.237 0.252 0.442 0.688 0.35 0.235 0.673 0.293 0.636 0.323 0.692 0.289 0.64 0.565 0.309 0.4 0.736 0.339 0.554 0.495 0.502 0.306 0.237 0.1 0.364 0.148 0.369 0.4 0.158 0.378 0.415 0.416 0.351 0.299 0.125 0.173 0.377 0.466

1 bet 20, 2 call 20
0 0 0 0 0 0 0.104 0.017 0.017 0.001 0.001 0.001 0.001 0.001 0.001 0.974 0.927 0.97 0.963 0.985 0.968 0 0 0 0 0 0.62 0 0.003 0.997 0 0 0 0.999 0 0 0 0 0 0.784 0 0.075 0.999 0 0.996 0 0 0 0 0 0 0 0 0.193 0.999 0 0 0.996 0 0.999 0 0 0 0 0 0 0 0 0.904 0.001 0.005 0.006 0.135 0.119 0.997 0.079 0.656 0.85 0.003 0.529 0.961 0.953 0.971 0.999 0.938 0.537 0.985 0.992 0.999 0.97 0.992 0.531 0.993 0.999 0.971 0.988 0.975 0.801 0.999 0.997 0.953 0.996 0.974 0.988 0.995 0.968 0.93 0.578 0.02 0.847 0.056 0.824 0.973

1 bet 20, 2 raise 50
0 0 0 0 0 0 0.896 0.983 0.983 0 0 0 0 0 0 0.023 0.07 0.027 0.034 0.012 0.029 0 0 0 0 0 0 0 0 0 0 0 0 0 0 0 0 0 0 0 0 0 0.001 0 0 0 0 0 0 0 0 0 0 0 0.001 0 0 0 0 0 0 0 0 0 0 0 0 0 0.093 0 0 0 0 0 0.003 0.921 0.344 0.15 0.997 0.47 0.038 0.046 0.025 0.001 0.061 0.463 0.014 0.007 0.001 0.029 0.008 0.469 0.006 0 0.027 0.011 0.024 0.197 0.001 0.001 0.047 0.001 0.001 0.011 0.001 0.001 0.001 0.422 0.98 0.153 0.944 0.176 0.027

1 bet 20, 2 raise 50, 1 call  50
0 0 0 0 0 0 0 0.289 0.3 0 0 0 0 0 0 0 0 0 0 0.002 0 0 0 0 0 0 0 0.048 0 0 0.024 0 0.395 0 0 0 0 0 0 0 0 0.279 0 0.031 0 0.02 0 0 0 0 0 0 0 0 0 0.304 0 0 0.02 0.03 0 0.459 0 0 0 0 0 0 0 0.002 0.002 0.002 0.206 0 0 0 0.045 0.019 0 0 0 0 0 0 0.014 0.238 0.008 0.109 0.06 0 0.256 0.014 0.018 0 0 0.318 0.082 0 0.229 0 0 0 0.424 0.007 0.008 0 0.015 0 0 0.239 0 0 0 0.749 0.683 0 0.902 0 0

2 raise 50, 1 raise  70
0 0 0 0 0 0 0 0 0 0 1 1 0 1 0 0 1 0 0 0 0 0 0 0 0 0 0 0.481 0 0 0.222 0.988 0.016 0 0 0 0 0 0 0 1 0.714 0 0.897 0 0.268 0.998 0 0 0 0 0 0 1 1 0.695 0 0 0.908 0.308 0.998 0.016 0 0 0 0 0 0 0 0.998 0.998 0.998 0.04 0 0 0.001 0.392 0.824 0 1 1 1 1 1 0 0.762 0.007 0 0.76 0.999 0.744 0 0.961 1 1 0.682 0.069 0 0.319 1 1 1 0.576 0.002 0.488 0.724 0.777 0.711 0.836 0.406 1 1 1 0.251 0.317 1 0.098 1 1

root, 1 bet 25
0.003 0.004 0.002 0.211 0.022 0.001 0.333 0 0 0 0 0 0 0 0 0 0 0 0 0 0.276 0.277 0.273 0.276 0.238 0.031 0 0.134 0 0 0.018 0.209 0 0.307 0.306 0.302 0.307 0.264 0.056 0.001 0.119 0.001 0.001 0.218 0 0.053 0.253 0.296 0.291 0.29 0.291 0.246 0 0.142 0.159 0.038 0.001 0.001 0.209 0.104 0.23 0 0.171 0.171 0.171 0.169 0.029 0.039 0 0.251 0.249 0.275 0.038 0.09 0.052 0.055 0.158 0.248 0 0 0 0 0 0.004 0.001 0.273 0.123 0.001 0.104 0.28 0.163 0.003 0.174 0.281 0.172 0.195 0.077 0.001 0.045 0.382 0.268 0.274 0.185 0.139 0.018 0.33 0.031 0.316 0.281 0 0.331 0.299 0.281 0.054 0.015 0 0.083 0 0

1 bet 25, 2 call 25
0 0 0 0 0 0 0.584 0.621 0.633 0.002 0.002 0.003 0.001 0.001 0.001 0.856 0.827 0.879 0.863 0.907 0.887 0 0 0 0 0 0.022 0 0 0.649 0 0 0 0.735 0 0 0 0 0 0.005 0 0 0.997 0 0.663 0 0 0 0 0 0 0 0 0 0.852 0 0 0.776 0 0.257 0 0 0 0 0 0 0 0 0.689 0 0 0 0 0 0.918 0.001 0.292 0.55 0.001 0.246 0.904 0.893 0.714 0.98 0.908 0.269 0.941 0.827 0.905 0.915 0.92 0.26 0.837 0.997 0.817 0.947 0.979 0.237 0.998 0.993 0.997 0.995 0.992 0.7 0.943 0.781 0.82 0.228 0.181 0.304 0.818 0.196 0.125

1 bet 25, 2 raise 90
0 0 0 0 0 0 0.416 0.379 0.367 0 0 0 0 0 0 0.047 0.075 0.038 0.041 0.014 0.031 0 0 0 0 0 0.001 0 0 0 0 0 0 0 0 0 0 0 0 0 0 0 0.003 0 0 0 0 0 0 0 0 0 0 0 0.148 0 0 0 0 0.002 0 0 0 0 0 0 0 0 0 0 0 0 0 0 0.082 0.999 0.708 0.45 0.999 0.754 0.002 0.002 0.001 0.02 0.003 0.731 0.002 0.001 0.094 0.002 0.002 0.74 0.001 0.002 0.001 0.001 0.001 0.263 0.002 0.004 0.003 0.004 0.004 0.296 0.008 0.009 0.024 0.772 0.819 0.696 0.182 0.804 0.875

1 bet 25, 2 raise 90, 1 call  90
0 0 0 0 0 0 0 0.021 0.017 0 1 1 0 1 0 0 1 0 0 0 0 0 0 0 0 0 0 1 0.002 0.004 0.999 1 0 0 0 0 0 0 0 0 1 1 0.002 1 0.006 0.999 1 0 0 0 0 0 0 1 1 0.971 0.002 0.002 1 0.999 1 0.264 0 0 0 0 0 0 0 1 1 1 0.011 0.003 0.005 0.014 0.999 0.999 0 1 1 1 1 1 0.002 1 0 0.002 0.734 1 1 0.001 0.945 0.997 0.984 1 0.104 0 0.029 1 1 1 1 0.07 0.002 0.736 0.024 0.772 0.798 0.001 0.996 0.999 1 1 1 1 1 1 1
