game = '6-max Cash', preflop situation = 'EP openraise BB 3bet EP call', stack = '90', pot = '20', bets = '33 50 75 100 125'

OOP preflop range
6c5c_0.25 6d5d_0.25 6h5h_0.25 7c6c_0.25 7d6d_0.25 7h6h_0.25 7s6s_0.25 8c7c_0.25 8d7d_0.25 8h7h_0.25 9c8c_0.25 9d8d_0.25 9d9c_0.25 9h8h_0.25 9h9c_0.25 9h9d_0.25 9s9c_0.25 9s9d_0.25 9s9h_0.25 Ac2c_0.50 Ac3c_0.25 Ac4c_0.25 Ac5c_0.25 Ac6c_0.50 Ac7c_0.50 Ac8c_0.25 AcJc_0.50 AcKc_1 AcKd_0.50 AcKh_0.50 AcQc_1 AcTc_0.25 Ad2d_0.50 Ad3d_0.25 Ad4d_0.25 Ad5d_0.25 Ad6d_0.50 Ad7d_0.50 Ad8d_0.25 AdAc_1 AdJd_0.50 AdKc_0.50 AdKd_1 AdKh_0.50 AdQd_1 AdTd_0.25 Ah2h_0.50 Ah3h_0.25 Ah4h_0.25 Ah5h_0.25 Ah6h_0.50 Ah7h_0.50 Ah8h_0.25 AhAc_1 AhAd_1 AhJh_0.50 AhKc_0.50 AhKd_0.50 AhKh_1 AhQh_1 AhTh_0.25 As2s_0.50 As3s_0.25 As4s_0.25 As6s_0.50 As7s_0.50 AsAc_1 AsAd_1 AsAh_1 AsJs_0.50 AsKc_0.50 AsKd_0.50 AsKh_0.50 AsQs_1 AsTs_0.25 JcTc_0.25 JdJc_0.75 JdTd_0.25 JhJc_0.75 JhJd_0.75 JhTh_0.25 JsJc_0.75 JsJd_0.75 JsJh_0.75 JsTs_0.25 Kc9c_0.25 KcJc_0.50 KcQc_1 KcTc_0.25 Kd9d_0.25 KdJd_0.50 KdKc_1 KdQd_1 KdTd_0.25 Kh9h_0.25 KhJh_0.50 KhKc_1 KhKd_1 KhQh_1 KhTh_0.25 QcJc_0.50 QdJd_0.50 QdQc_1 QhJh_0.50 QhQc_1 QhQd_1 QsJs_0.50 QsQc_1 QsQd_1 QsQh_1 Tc9c_0.25 Td9d_0.25 TdTc_0.50 Th9h_0.25 ThTc_0.50 ThTd_0.50 Ts9s_0.25 TsTc_0.50 TsTd_0.50 TsTh_0.50

IP preflop range
6d6c_0.25 6h6c_0.25 6h6d_0.25 6s6c_0.25 6s6d_0.25 6s6h_0.25 7d7c_0.50 7h7c_0.50 7h7d_0.50 7s7c_0.50 7s7d_0.50 7s7h_0.50 8d8c_1 8h8c_1 8h8d_1 9d9c_1 9h9c_1 9h9d_1 9s9c_1 9s9d_1 9s9h_1 Ac2c_1 Ac3c_1 Ac4c_1 Ac5c_1 Ac6c_1 Ac7c_1 Ac8c_1 Ac9c_1 AcJc_1 AcQc_0.75 AcQd_1 AcQh_1 AcQs_1 AcTc_1 Ad2d_1 Ad3d_1 Ad4d_1 Ad5d_1 Ad6d_1 Ad7d_1 Ad8d_1 Ad9d_1 AdJd_1 AdQc_1 AdQd_0.75 AdQh_1 AdQs_1 AdTd_1 Ah2h_1 Ah3h_1 Ah4h_1 Ah5h_1 Ah6h_1 Ah7h_1 Ah8h_1 Ah9h_1 AhJh_1 AhQc_1 AhQd_1 AhQh_0.75 AhQs_1 AhTh_1 As2s_1 As3s_1 As4s_1 As6s_1 As7s_1 As9s_1 AsJs_1 AsQc_1 AsQd_1 AsQh_1 AsQs_0.75 AsTs_1 JcTc_0.50 JdJc_1 JdTd_0.50 JhJc_1 JhJd_1 JhTh_0.50 JsJc_1 JsJd_1 JsJh_1 JsTs_0.50 KcJc_1 KcQc_1 KcQd_0.50 KcQh_0.50 KcQs_0.50 KdJd_1 KdQc_0.50 KdQd_1 KdQh_0.50 KdQs_0.50 KhJh_1 KhQc_0.50 KhQd_0.50 KhQh_1 KhQs_0.50 QcJc_0.50 QdJd_0.50 QdQc_1 QhJh_0.50 QhQc_1 QhQd_1 QsJs_0.50 QsQc_1 QsQd_1 QsQh_1 Tc9c_0.25 Td9d_0.25 TdTc_1 Th9h_0.25 ThTc_1 ThTd_1 Ts9s_0.25 TsTc_1 TsTd_1 TsTh_1

root, 1 check
0 0 0 0.176 0.175 0.175 0.477 0 0 0 0.011 0.011 0.151 0.011 0.152 0.151 0.697 0.697 0.698 0.228 0.217 0.223 0.363 0.308 0.285 0.399 0.598 0.443 0.452 0.453 0.613 0.805 0.228 0.217 0.223 0.364 0.308 0.285 0.399 0.416 0.598 0.452 0.443 0.452 0.612 0.804 0.228 0.217 0.223 0.363 0.307 0.285 0.399 0.416 0.416 0.599 0.451 0.451 0.443 0.612 0.804 0.006 0.005 0.009 0.065 0.052 0.115 0.115 0.114 0.286 0.521 0.521 0.522 0.414 0.271 0.368 0.338 0.367 0.337 0.337 0.368 0.373 0.373 0.372 0.482 0.236 0.057 0.078 0.278 0.235 0.057 0.179 0.078 0.279 0.237 0.058 0.179 0.18 0.078 0.279 0.07 0.07 0.346 0.071 0.345 0.345 0.425 0.434 0.434 0.434 0.459 0.458 0.421 0.459 0.42 0.421 0.769 0.434 0.435 0.434

1 check, 2 check
0.077 0.076 0.076 0.65 0.65 0.651 0.087 0.086 0.084 0.625 0.622 0.617 0.461 0.46 0.461 0.263 0.263 0.263 0.785 0.788 0.787 0.708 0.705 0.522 0.834 0.688 0.722 0.997 0.996 0.998 0.575 0.999 0.999 0.316 0.998 0.707 0.706 0.522 0.836 0.688 0.723 0.997 0.996 0.998 0.999 0.576 0.999 0.316 0.998 0.709 0.706 0.522 0.835 0.688 0.724 0.997 0.996 0.998 0.999 0.999 0.576 0.315 0.998 0.068 0.066 0.054 0.113 0.111 0.219 0.629 0.212 0.212 0.212 0.667 0.37 0.578 0.906 0.578 0.907 0.906 0.578 0.824 0.822 0.824 0.996 0.86 0.718 0.783 0.783 0.925 0.859 0.784 0.717 0.783 0.925 0.859 0.783 0.783 0.717 0.926 0.315 0.315 0.752 0.315 0.752 0.751 0.853 0.822 0.823 0.823 0.194 0.193 0.929 0.193 0.93 0.93 0.842 0.841 0.841 0.841

1 check, 2 bet 7
0.233 0.233 0.233 0.165 0.165 0.165 0.196 0.196 0.196 0.142 0.143 0.144 0.23 0.23 0.23 0.085 0.085 0.085 0.088 0.087 0.088 0.069 0.07 0.178 0.062 0.121 0.108 0 0.001 0.001 0.191 0 0 0.212 0 0.069 0.07 0.178 0.062 0.121 0.108 0 0.001 0.001 0 0.19 0 0.212 0 0.069 0.07 0.178 0.062 0.121 0.108 0 0.001 0.001 0 0 0.191 0.211 0 0.175 0.175 0.178 0.184 0.19 0.193 0.126 0.237 0.237 0.237 0.147 0.183 0.138 0.055 0.138 0.055 0.056 0.138 0.09 0.09 0.09 0.001 0.085 0.142 0.098 0.098 0.036 0.086 0.098 0.143 0.098 0.036 0.086 0.097 0.097 0.142 0.036 0.136 0.136 0.143 0.136 0.143 0.143 0.097 0.059 0.058 0.059 0.111 0.111 0.011 0.111 0.011 0.012 0.151 0.063 0.064 0.064

2 bet 7, 1 call 7
0.306 0.306 0.306 0.999 0.999 0.999 0.853 0 0 0 0 0 0.984 0 0.985 0.985 0.995 0.995 0.995 0 0 0.001 0.996 0.002 0.007 0.935 0.001 0.991 0.993 0.993 0.441 0 0 0 0.001 0.996 0.002 0.007 0.932 0.99 0.001 0.993 0.991 0.993 0.442 0 0 0 0.001 0.996 0.002 0.007 0.936 0.99 0.99 0.001 0.993 0.993 0.991 0.442 0 0.239 0.238 0.276 0.704 0.962 0.853 0.854 0.855 0.957 0.975 0.975 0.974 1 0.946 0.014 0.995 0.014 0.995 0.995 0.015 0.999 0.999 0.999 0.962 0.999 0.994 0.772 0.984 0.999 0.994 0.951 0.773 0.984 0.999 0.994 0.95 0.95 0.775 0.985 0.563 0.564 0.996 0.565 0.996 0.996 1 0.991 0.99 0.991 0.001 0.001 0.933 0.001 0.933 0.933 0.999 0.985 0.985 0.985

2 bet 7, 1 raise 24
0.694 0.694 0.693 0.001 0.001 0.001 0.147 1 1 1 1 1 0.005 1 0.005 0.005 0.005 0.005 0.005 0 0 0 0 0 0 0.064 0 0.009 0.007 0.007 0 0 0 0 0 0 0 0 0.067 0.01 0 0.007 0.009 0.007 0 0 0 0 0 0 0 0 0.064 0.01 0.01 0 0.007 0.007 0.009 0 0 0.761 0.762 0.724 0.296 0.038 0.147 0.146 0.145 0.043 0.025 0.025 0.026 0 0.054 0.003 0.005 0.003 0.005 0.005 0.003 0.001 0.001 0.001 0.038 0.001 0.006 0.227 0.015 0.001 0.006 0.049 0.227 0.016 0.001 0.006 0.05 0.05 0.224 0.015 0 0 0.004 0 0.004 0.004 0 0.009 0.01 0.009 0.001 0.001 0.045 0.001 0.045 0.045 0.001 0.015 0.015 0.015

2 bet 7, 1 raise 24, 2 call 24
0.001 0.001 0.001 0.995 0.995 0.995 0.001 0.001 0.001 0.971 0.971 0.971 0.652 0.652 0.652 0 0 0 0.809 0.808 0.809 0 0 0 0.18 0 0 0.261 0 0 0 0 0 0.634 0 0 0 0 0.18 0 0 0.261 0 0 0 0 0 0.634 0 0 0 0 0.18 0 0 0.261 0 0 0 0 0 0.634 0 0.58 0.577 0.567 0.611 0.611 0.579 0.688 0.016 0.016 0.016 0.657 0.66 0 0 0 0 0 0 0.945 0.945 0.943 0.982 0.986 0.996 0.981 0.981 1 0.986 0.981 0.996 0.981 1 0.986 0.981 0.981 0.997 1 0 0 0 0 0 0 0.985 0.999 0.999 0.999 0 0 0 0 0 0 0.988 0.902 0.902 0.902

1 raise 24, 2 raise 83
0 0 0 0.002 0.002 0.002 0 0 0 0.002 0.002 0.002 0.348 0.348 0.348 0 0 0 0.001 0.001 0.001 0 0 0 0 0 0 0 0 0 0 0 0 0.241 0 0 0 0 0 0 0 0 0 0 0 0 0 0.242 0 0 0 0 0 0 0 0 0 0 0 0 0 0.242 0 0.42 0.423 0.433 0.389 0.389 0.421 0.312 0.984 0.983 0.984 0.343 0.34 0 0 0 0 0 0 0.055 0.055 0.057 0.018 0 0 0 0 0 0 0 0 0 0 0 0 0 0 0 0 0 0 0 0 0 0.015 0 0 0 0 0 0 0 0 0 0.012 0.002 0.002 0.001

1 check, 2 bet 10
0.37 0.371 0.37 0.182 0.182 0.182 0.345 0.346 0.346 0.202 0.204 0.206 0.252 0.254 0.252 0.243 0.243 0.243 0.079 0.078 0.078 0.107 0.108 0.188 0.084 0.138 0.13 0.001 0 0 0.229 0 0 0.285 0 0.107 0.108 0.188 0.083 0.138 0.13 0.001 0 0 0 0.229 0 0.285 0 0.106 0.108 0.189 0.084 0.139 0.13 0.001 0 0 0 0 0.229 0.286 0 0.323 0.324 0.328 0.321 0.325 0.292 0.156 0.305 0.305 0.305 0.185 0.242 0.121 0.031 0.121 0.031 0.031 0.121 0.049 0.049 0.048 0.001 0.04 0.118 0.067 0.069 0.018 0.041 0.067 0.118 0.068 0.018 0.041 0.069 0.068 0.119 0.016 0.17 0.169 0.084 0.17 0.084 0.084 0.049 0.086 0.086 0.086 0.187 0.187 0.029 0.187 0.028 0.028 0.004 0.074 0.074 0.073

2 bet 10, 1 call 10
0.934 0.935 0.934 1 1 1 0.998 0.375 0.379 0.376 0.491 0.491 0.427 0.489 0.428 0.428 1 1 1 0 0 0 0.432 0 0.001 0.991 0 0.999 0.999 0.999 0.036 0 0 0 0 0.43 0 0.001 0.991 0.775 0 0.999 0.999 0.999 0.037 0 0 0 0 0.432 0 0.001 0.991 0.776 0.776 0 0.999 0.999 0.999 0.037 0 0.991 0.992 0.993 0.995 0.997 0.939 0.939 0.938 0.996 0.972 0.972 0.972 1 0.997 0.001 0.764 0.002 0.762 0.764 0.002 0.998 0.998 0.998 0.994 1 0.997 0.927 0.998 1 0.997 0.994 0.926 0.998 1 0.997 0.994 0.994 0.926 0.998 0.097 0.1 0.994 0.1 0.994 0.994 1 1 1 1 0.001 0.001 0.473 0.001 0.472 0.473 0.999 0.997 0.997 0.996

2 bet 10, 1 raise 30
0.056 0.056 0.056 0 0 0 0.002 0.624 0.62 0.623 0.507 0.507 0 0.509 0 0 0 0 0 0.001 0.001 0.001 0.001 0 0 0.006 0 0.001 0.001 0.001 0 0 0.001 0.001 0.001 0.001 0 0 0.006 0.001 0 0.001 0.001 0.001 0 0 0.001 0.001 0.001 0.001 0 0 0.006 0.001 0.001 0 0.001 0.001 0.001 0 0 0.009 0.008 0.007 0.005 0.003 0.061 0.061 0.062 0.004 0.028 0.028 0.028 0 0.003 0.002 0.007 0.002 0.007 0.007 0.002 0.002 0.002 0.002 0.006 0 0.003 0.073 0.002 0 0.003 0.006 0.074 0.002 0 0.003 0.006 0.006 0.074 0.002 0.007 0.007 0.006 0.007 0.006 0.006 0 0 0 0 0.001 0.001 0.007 0.001 0.007 0.007 0.001 0.003 0.003 0.004

2 bet 10, 1 raise 30, 2 call 30
0.003 0.003 0.003 0.541 0.541 0.541 0.002 0.002 0.002 0.484 0.484 0.484 0.479 0.478 0.479 0.002 0.002 0.002 0.486 0.486 0.486 0.006 0.006 0.008 0.077 0.006 0.006 0.085 0.004 0.001 0 0 0 0.281 0.002 0.006 0.006 0.008 0.078 0.006 0.005 0.085 0.004 0.001 0 0 0 0.281 0.002 0.006 0.006 0.008 0.078 0.006 0.006 0.086 0.004 0.001 0 0 0 0.281 0.002 0.358 0.356 0.351 0.38 0.382 0.369 0.506 0.003 0.003 0.003 0.535 0.451 0 0.001 0 0.001 0.001 0 0.362 0.362 0.362 0.855 0.977 0.986 0.844 0.845 0.987 0.977 0.845 0.986 0.846 0.987 0.977 0.846 0.845 0.986 0.987 0 0 0.001 0 0.001 0.001 0.933 0.753 0.753 0.755 0.001 0.001 0.001 0.001 0.001 0.001 0.835 0.636 0.635 0.636

1 raise 30, 2 raise 80
0.005 0.005 0.005 0.241 0.241 0.24 0.006 0.006 0.006 0.263 0.263 0.263 0.521 0.522 0.521 0.002 0.002 0.002 0.089 0.089 0.089 0.013 0.013 0.015 0.037 0.015 0.015 0.034 0.009 0.007 0.001 0.001 0.001 0.463 0.007 0.013 0.013 0.015 0.036 0.015 0.014 0.033 0.009 0.007 0.001 0.001 0.001 0.463 0.007 0.013 0.013 0.015 0.037 0.015 0.015 0.034 0.009 0.007 0.001 0.001 0.001 0.464 0.007 0.642 0.644 0.649 0.62 0.618 0.631 0.494 0.997 0.997 0.997 0.465 0.549 0.003 0.008 0.003 0.008 0.008 0.003 0.478 0.479 0.479 0.145 0.017 0.009 0.003 0.003 0.013 0.017 0.003 0.009 0.003 0.013 0.017 0.003 0.003 0.009 0.013 0.001 0.001 0.001 0.001 0.001 0.001 0.067 0.077 0.076 0.075 0.002 0.002 0.004 0.002 0.004 0.004 0.165 0.111 0.111 0.11

1 check, 2 bet 15
0.301 0.301 0.301 0.002 0.002 0.002 0.311 0.311 0.311 0.03 0.031 0.032 0.048 0.047 0.048 0.305 0.305 0.305 0.047 0.046 0.047 0.069 0.071 0.079 0.019 0.041 0.029 0 0.001 0 0.002 0 0 0.156 0 0.069 0.07 0.079 0.018 0.041 0.028 0 0.001 0 0 0.002 0 0.156 0 0.069 0.07 0.079 0.018 0.04 0.028 0 0.001 0 0 0 0.002 0.156 0 0.283 0.284 0.287 0.266 0.267 0.196 0.06 0.174 0.174 0.174 0.001 0.139 0.091 0.003 0.092 0.003 0.003 0.093 0.035 0.035 0.035 0.001 0.011 0.021 0.05 0.05 0.013 0.01 0.05 0.022 0.05 0.013 0.011 0.05 0.051 0.022 0.013 0.164 0.164 0.006 0.164 0.006 0.006 0 0.028 0.028 0.027 0.26 0.26 0.017 0.26 0.016 0.016 0.001 0.022 0.021 0.022

2 bet 15, 1 call 15
0.265 0.265 0.265 0.997 0.997 0.997 0.995 0.7 0.701 0.701 0.195 0.197 0 0.195 0 0 0.989 0.989 0.989 0 0 0 0.007 0 0 0.311 0 0.989 0.989 0.99 0.002 0 0 0 0 0.007 0 0 0.312 0.215 0 0.989 0.988 0.99 0.002 0 0 0 0 0.007 0 0 0.312 0.216 0.216 0 0.99 0.989 0.989 0.002 0 0.987 0.987 0.988 0.989 0.991 0.788 0.788 0.789 0.995 0.94 0.941 0.937 1 0.994 0 0.095 0 0.095 0.097 0 0.998 0.998 0.998 0.997 0.778 0.986 0.984 0.827 0.779 0.986 0.991 0.984 0.828 0.778 0.986 0.991 0.991 0.984 0.827 0.004 0.004 0.773 0.004 0.772 0.772 1 0.999 0.999 0.999 0 0 0.001 0 0.001 0.001 0.998 0.998 0.998 0.998

2 bet 15, 1 raise 40
0.004 0.004 0.004 0 0 0 0.005 0.028 0.028 0.028 0.003 0.003 0 0.003 0 0 0 0 0 0.001 0.001 0.001 0.001 0 0 0.002 0 0.008 0.008 0.007 0.001 0 0.001 0.001 0.001 0.001 0 0 0.002 0.001 0 0.008 0.009 0.007 0.001 0 0.001 0.001 0.001 0.001 0 0 0.002 0.001 0.001 0 0.007 0.008 0.008 0.001 0 0.013 0.013 0.012 0.011 0.009 0.212 0.212 0.211 0.005 0.06 0.059 0.063 0 0.006 0.001 0.001 0.001 0.001 0.001 0.001 0.002 0.002 0.002 0.003 0 0.001 0.013 0.001 0 0.001 0.009 0.013 0.001 0 0.001 0.009 0.009 0.013 0.001 0.012 0.012 0.054 0.013 0.055 0.055 0 0.001 0.001 0.001 0 0 0.001 0 0.001 0.001 0.002 0.001 0.001 0.001

2 bet 15, 1 raise 40, 2 call 40
0 0 0 0.36 0.36 0.36 0 0 0 0.302 0.302 0.302 0.114 0.114 0.114 0 0 0 0.326 0.326 0.326 0 0 0 0.039 0 0 0.076 0 0 0 0 0 0.143 0 0 0 0 0.039 0 0 0.076 0 0 0 0 0 0.144 0 0 0 0 0.04 0 0 0.077 0 0 0 0 0 0.143 0 0.183 0.183 0.182 0.187 0.189 0.195 0.293 0.001 0.001 0.001 0.35 0.226 0 0 0 0 0 0 0.088 0.088 0.088 0.392 0.99 0.623 0.556 0.557 0.523 0.99 0.557 0.621 0.556 0.522 0.99 0.558 0.556 0.622 0.524 0 0 0 0 0 0 0.948 0.216 0.216 0.216 0 0 0 0 0 0 0.361 0.408 0.408 0.408

1 raise 40, 2 raise 75
0 0 0 0.566 0.566 0.566 0 0 0 0.616 0.616 0.616 0.886 0.886 0.886 0 0 0 0.571 0.571 0.571 0 0 0 0.001 0 0 0.001 0 0 0 0 0 0.642 0 0 0 0 0.001 0 0 0.001 0 0 0 0 0 0.641 0 0 0 0 0.001 0 0 0.001 0 0 0 0 0 0.642 0 0.817 0.817 0.818 0.813 0.811 0.805 0.707 0.999 0.999 0.999 0.65 0.774 0 0 0 0 0 0 0.717 0.717 0.717 0.608 0.008 0.004 0.003 0.003 0.474 0.008 0.003 0.004 0.003 0.474 0.008 0.003 0.003 0.004 0.473 0 0 0 0 0 0 0.052 0.31 0.31 0.31 0 0 0 0 0 0 0.639 0.482 0.482 0.482

1 check, 2 bet 20
0.019 0.019 0.019 0 0 0 0.06 0.06 0.06 0 0 0 0.009 0.009 0.009 0.096 0.095 0.095 0 0 0 0.046 0.046 0.033 0.002 0.012 0.011 0.001 0.003 0.001 0.003 0.001 0.001 0.031 0.001 0.046 0.046 0.033 0.002 0.012 0.01 0.001 0.003 0.001 0.001 0.003 0.001 0.031 0.001 0.046 0.046 0.033 0.002 0.012 0.01 0.001 0.003 0.001 0.001 0.001 0.003 0.031 0.001 0.126 0.126 0.127 0.103 0.096 0.094 0.028 0.072 0.072 0.072 0.001 0.063 0.059 0.005 0.059 0.005 0.005 0.059 0.003 0.003 0.003 0.002 0.004 0.001 0.001 0.001 0.008 0.004 0.001 0.001 0.001 0.009 0.004 0.001 0.001 0.001 0.009 0.16 0.16 0.015 0.16 0.015 0.015 0.001 0.005 0.005 0.005 0.196 0.196 0.014 0.196 0.014 0.014 0.002 0.001 0.001 0.001

2 bet 20, 1 call 20
0.15 0.15 0.15 0.555 0.555 0.555 0.954 0.291 0.291 0.291 0.169 0.169 0.044 0.169 0.044 0.044 0.588 0.588 0.588 0.009 0.009 0.012 0.078 0.015 0.014 0.112 0.005 0.682 0.687 0.687 0.052 0.008 0.009 0.009 0.012 0.079 0.016 0.014 0.113 0.055 0.005 0.688 0.683 0.687 0.052 0.008 0.009 0.009 0.012 0.079 0.016 0.014 0.113 0.055 0.056 0.005 0.688 0.688 0.682 0.053 0.008 0.954 0.954 0.955 0.957 0.961 0.549 0.55 0.55 0.978 0.734 0.735 0.735 0.997 0.974 0.05 0.06 0.05 0.06 0.06 0.051 0.964 0.964 0.964 0.97 0.461 0.473 0.567 0.459 0.461 0.474 0.688 0.568 0.459 0.461 0.474 0.688 0.688 0.567 0.46 0.07 0.071 0.273 0.071 0.273 0.274 0.998 0.875 0.875 0.875 0.037 0.037 0.067 0.038 0.067 0.067 0.98 0.731 0.731 0.731

2 bet 20, 1 raise 50
0.165 0.165 0.165 0.021 0.021 0.021 0.046 0.137 0.138 0.137 0.023 0.023 0.004 0.023 0.004 0.004 0.012 0.012 0.012 0.01 0.01 0.01 0.008 0.008 0.006 0.01 0.004 0.101 0.098 0.098 0.009 0.004 0.01 0.01 0.01 0.008 0.009 0.006 0.01 0.002 0.004 0.098 0.1 0.098 0.009 0.004 0.01 0.01 0.01 0.008 0.009 0.006 0.01 0.002 0.003 0.004 0.098 0.098 0.101 0.009 0.004 0.046 0.046 0.045 0.043 0.039 0.451 0.45 0.45 0.022 0.266 0.265 0.265 0.003 0.026 0.015 0.007 0.015 0.007 0.007 0.015 0.009 0.009 0.009 0.03 0.005 0.023 0.087 0.009 0.005 0.023 0.312 0.086 0.009 0.005 0.023 0.312 0.312 0.086 0.009 0.245 0.243 0.16 0.244 0.161 0.159 0.002 0.122 0.122 0.122 0.007 0.007 0.006 0.007 0.006 0.006 0.02 0.039 0.039 0.039

2 bet 20, 1 raise 50, 2 call 50
0.001 0.001 0.001 0.372 0.372 0.372 0.001 0.001 0.001 0.355 0.355 0.355 0.003 0.003 0.003 0.001 0.001 0.001 0.327 0.327 0.327 0 0 0 0.026 0 0 0.037 0 0 0 0 0 0.23 0 0 0 0 0.026 0 0 0.037 0 0 0 0 0 0.23 0 0 0 0 0.025 0 0 0.036 0 0 0 0 0 0.23 0 0.085 0.085 0.084 0.085 0.085 0.089 0.108 0.003 0.003 0.003 0.475 0.088 0 0.001 0 0.001 0.001 0 0.231 0.23 0.231 0.09 0.51 0.567 0.562 0.562 0.178 0.508 0.562 0.567 0.561 0.177 0.508 0.562 0.562 0.567 0.177 0 0 0.001 0 0.001 0.001 0.983 0.026 0.025 0.025 0 0 0.001 0 0.001 0.001 0.062 0.344 0.344 0.344

1 raise 50, 2 raise 70
0.001 0.001 0.001 0.616 0.616 0.616 0.001 0.001 0.001 0.633 0.632 0.633 0.997 0.997 0.997 0.001 0.001 0.001 0.653 0.653 0.653 0 0 0 0.001 0 0 0.001 0 0 0 0 0 0.749 0 0 0 0 0.001 0 0 0.001 0 0 0 0 0 0.749 0 0 0 0 0.001 0 0 0.001 0 0 0 0 0 0.749 0 0.915 0.915 0.916 0.915 0.915 0.911 0.892 0.997 0.997 0.997 0.525 0.912 0 0 0 0 0 0 0.76 0.76 0.76 0.91 0.488 0.396 0.399 0.398 0.822 0.49 0.398 0.397 0.399 0.823 0.489 0.398 0.399 0.398 0.823 0 0 0.001 0 0.001 0.001 0.017 0.923 0.925 0.924 0 0 0 0 0 0 0.938 0.639 0.639 0.639

1 check, 2 bet 25
0.001 0.001 0.001 0 0 0 0.001 0.001 0.001 0 0 0 0 0 0 0.009 0.009 0.009 0 0 0 0.001 0.001 0.001 0 0 0 0 0 0 0 0 0 0 0 0.001 0.001 0.001 0 0 0 0 0 0 0 0 0 0 0 0.001 0.001 0.001 0 0 0 0 0 0 0 0 0 0 0 0.025 0.025 0.025 0.012 0.01 0.006 0.001 0 0 0 0 0.003 0.012 0 0.012 0 0 0.012 0 0 0 0 0 0 0 0 0 0 0 0 0 0 0 0 0 0 0 0.055 0.055 0 0.056 0 0 0 0 0 0 0.053 0.053 0 0.053 0 0 0 0 0 0

2 bet 25, 1 call 25
0.156 0.156 0.156 0.177 0.177 0.177 0.427 0.131 0.131 0.131 0.047 0.047 0.027 0.047 0.027 0.027 0.354 0.354 0.354 0.003 0.003 0.003 0.005 0.003 0.004 0.008 0.001 0.377 0.377 0.377 0.001 0.003 0.003 0.003 0.003 0.005 0.003 0.004 0.008 0.263 0.001 0.377 0.377 0.377 0.001 0.003 0.003 0.003 0.003 0.005 0.003 0.004 0.008 0.262 0.262 0.001 0.377 0.377 0.377 0.001 0.003 0.498 0.499 0.499 0.496 0.495 0.239 0.239 0.239 0.489 0.342 0.342 0.342 0.567 0.487 0 0.136 0 0.136 0.136 0 0.436 0.436 0.436 0.494 0.291 0.292 0.308 0.273 0.291 0.292 0.271 0.308 0.273 0.291 0.292 0.271 0.271 0.308 0.273 0.016 0.016 0.312 0.016 0.311 0.311 0.563 0.471 0.471 0.471 0.001 0.001 0.081 0.001 0.081 0.081 0.494 0.395 0.394 0.394

2 bet 25, 1 raise 90
0.075 0.075 0.075 0.002 0.002 0.002 0.572 0.14 0.14 0.14 0.001 0.001 0 0.001 0 0 0.099 0.099 0.099 0.003 0.003 0.003 0.014 0.003 0.003 0.015 0 0.225 0.225 0.225 0 0.001 0.003 0.003 0.003 0.014 0.003 0.003 0.015 0.002 0 0.225 0.225 0.225 0 0.001 0.003 0.003 0.003 0.014 0.003 0.003 0.015 0.002 0.002 0 0.225 0.225 0.225 0 0.001 0.502 0.501 0.501 0.504 0.505 0.761 0.761 0.761 0.511 0.658 0.658 0.658 0.433 0.513 0 0 0 0 0 0 0.282 0.282 0.282 0.504 0.001 0.057 0.341 0.001 0.001 0.057 0.729 0.34 0.001 0.001 0.057 0.729 0.729 0.34 0.001 0 0 0 0 0 0 0.435 0.52 0.52 0.519 0.001 0.001 0 0.001 0 0 0.505 0.167 0.167 0.168

2 bet 25, 1 raise 90, 2 call 90
0 0 0 0 0 0 0 0 0 0 0 0 1 1 1 0 0 0 0 0 0 0 0 0 0 0 0 0 0 0 0 0 0 0.002 0 0 0 0 0 0 0 0 0 0 0 0 0 0.002 0 0 0 0 0 0 0 0 0 0 0 0 0 0.002 0 1 1 1 1 1 1 1 1 1 1 1 1 0 0 0 0 0 0 0 0 0 1 0.002 0.003 0.002 0.002 1 0.002 0.002 0.003 0.002 1 0.002 0.002 0.002 0.003 1 0 0 0 0 0 0 1 1 1 1 0 0 0 0 0 0 1 0 0 0

root, 1 bet 7
0.588 0.588 0.588 0.539 0.54 0.54 0.373 0.624 0.623 0.623 0.64 0.64 0.771 0.64 0.77 0.771 0.3 0.3 0.299 0.58 0.609 0.626 0.4 0.551 0.673 0.375 0.402 0.485 0.481 0.48 0.379 0.194 0.58 0.609 0.626 0.4 0.551 0.673 0.375 0.513 0.401 0.481 0.485 0.48 0.379 0.196 0.58 0.609 0.626 0.4 0.552 0.673 0.375 0.513 0.512 0.401 0.481 0.481 0.485 0.38 0.195 0.644 0.649 0.652 0.646 0.694 0.647 0.647 0.647 0.644 0.476 0.476 0.475 0.547 0.622 0.626 0.643 0.626 0.644 0.644 0.625 0.565 0.565 0.565 0.364 0.755 0.925 0.823 0.641 0.755 0.924 0.78 0.823 0.64 0.754 0.923 0.78 0.78 0.823 0.639 0.859 0.86 0.632 0.859 0.633 0.633 0.545 0.548 0.548 0.548 0.538 0.539 0.454 0.539 0.455 0.454 0.214 0.517 0.516 0.517

1 bet 7, 2 call 7
0.992 0.992 0.992 1 1 1 0.812 0.812 0.812 0.999 0.999 0.999 0.831 0.831 0.831 0.489 0.487 0.487 0.972 0.973 0.971 0 0 0 0.93 0 0 0.999 0 0 0.255 0.001 0.001 0.848 0 0 0 0 0.929 0 0 0.999 0 0 0.001 0.255 0.001 0.848 0 0 0 0 0.929 0 0 0.999 0 0 0.001 0.001 0.255 0.847 0 0.669 0.655 0.633 0.739 0.75 0.843 0.987 0.628 0.629 0.628 0.793 0.982 0 0.975 0 0.976 0.976 0 0.935 0.935 0.935 0.998 0.985 0.986 0.901 0.901 0.886 0.985 0.9 0.986 0.901 0.886 0.985 0.901 0.901 0.986 0.886 0.004 0.004 0.995 0.004 0.995 0.995 0.962 1 1 1 0 0 0.452 0 0.452 0.453 0.999 0.893 0.895 0.895

1 bet 7, 2 raise 24
0.007 0.007 0.007 0 0 0 0.187 0.187 0.187 0.001 0.001 0.001 0.169 0.169 0.169 0.152 0.153 0.153 0.028 0.027 0.029 0.001 0.001 0.25 0.07 0.002 0.005 0.001 0 0 0 0 0 0.152 0 0.001 0.001 0.249 0.071 0.002 0.005 0.001 0 0 0 0 0 0.152 0 0.001 0.001 0.25 0.071 0.002 0.005 0.001 0 0 0 0 0 0.153 0 0.331 0.345 0.367 0.261 0.25 0.157 0.013 0.372 0.371 0.372 0.207 0.018 0 0 0 0 0 0 0.065 0.065 0.065 0.002 0.015 0.014 0.099 0.099 0.114 0.015 0.1 0.014 0.099 0.114 0.015 0.099 0.099 0.014 0.114 0 0 0.005 0 0.005 0.005 0.038 0 0 0 0 0 0.007 0 0.007 0.007 0.001 0.107 0.105 0.105

1 bet 7, 2 raise 24, 1 call  24
0 0 0 0.232 0.232 0.232 0.124 0 0 0 0 0 0 0 0 0 0.541 0.541 0.541 0 0 0 0 0 0 0 0 0.515 0.517 0.517 0 0 0 0 0 0 0 0 0 0.848 0 0.517 0.515 0.517 0 0 0 0 0 0 0 0 0 0.849 0.848 0 0.517 0.517 0.515 0 0 0.991 0.992 0.993 0.992 0.993 0.185 0.186 0.185 0.999 0.998 0.998 0.998 1 0.998 0 0.001 0 0.001 0.001 0 0.933 0.932 0.933 0.135 0.561 0.583 0.802 0.584 0.561 0.583 0.143 0.803 0.584 0.561 0.582 0.143 0.142 0.802 0.584 0 0 0.462 0 0.462 0.462 1 0.963 0.963 0.963 0 0 0 0 0 0 0.126 0.675 0.675 0.675

2 raise 24, 1 raise  83
0 0 0 0 0 0 0.876 0.265 0.266 0.266 0.02 0.021 0 0.019 0 0 0.452 0.452 0.452 0 0 0 0 0 0 0.186 0 0.485 0.482 0.482 0 0 0 0 0 0 0 0 0.186 0.007 0 0.482 0.484 0.482 0 0 0 0 0 0 0 0 0.186 0.007 0.007 0 0.482 0.482 0.484 0 0 0.009 0.008 0.007 0.008 0.007 0.815 0.814 0.815 0.001 0.002 0.002 0.002 0 0.002 0 0.001 0 0.001 0.001 0 0.067 0.067 0.067 0.865 0.001 0.184 0.072 0.053 0.001 0.184 0.857 0.071 0.054 0.001 0.185 0.857 0.858 0.072 0.054 0 0 0 0 0 0 0 0.037 0.037 0.037 0 0 0 0 0 0 0.874 0.324 0.325 0.325

root, 1 bet 10
0.377 0.377 0.377 0.277 0.278 0.278 0.149 0.354 0.354 0.354 0.321 0.321 0.077 0.321 0.077 0.077 0.003 0.003 0.003 0.182 0.171 0.149 0.207 0.14 0.042 0.2 0 0.071 0.067 0.067 0.008 0 0.182 0.171 0.149 0.207 0.141 0.042 0.2 0.071 0 0.067 0.071 0.067 0.008 0 0.182 0.171 0.149 0.207 0.141 0.042 0.2 0.071 0.071 0 0.067 0.068 0.071 0.008 0 0.308 0.308 0.306 0.283 0.253 0.224 0.224 0.224 0.069 0.003 0.003 0.002 0.039 0.106 0.006 0.019 0.006 0.018 0.018 0.006 0.062 0.062 0.062 0.153 0.009 0.018 0.098 0.081 0.009 0.019 0.04 0.098 0.081 0.009 0.019 0.04 0.04 0.098 0.081 0.07 0.07 0.022 0.07 0.022 0.022 0.03 0.017 0.017 0.017 0.003 0.003 0.12 0.003 0.12 0.12 0.016 0.049 0.048 0.048

1 bet 10, 2 call 10
0.617 0.617 0.617 1 1 1 0.583 0.583 0.584 1 1 1 0.995 0.995 0.995 0.279 0.279 0.279 1 1 1 0 0 0 0.996 0 0 0.998 0 0 0 0 0 1 0 0 0 0 0.996 0 0 0.998 0 0 0 0 0 1 0 0 0 0 0.996 0 0 0.998 0 0 0 0 0 1 0 0.997 0.997 0.996 0.997 0.997 0.995 0.998 0.994 0.993 0.994 0.999 0.996 0.002 0.417 0.002 0.417 0.417 0.002 1 1 1 0.999 0.999 1 0.998 0.998 0.993 0.999 0.998 1 0.998 0.993 0.999 0.998 0.997 1 0.993 0 0 0.862 0 0.862 0.861 0.999 1 1 1 0.002 0.002 0.259 0.002 0.259 0.259 0.999 1 1 1

1 bet 10, 2 raise 30
0 0 0 0 0 0 0.001 0.001 0.001 0 0 0 0.005 0.005 0.005 0.002 0.002 0.002 0 0 0 0.001 0.001 0.003 0 0 0 0 0 0 0 0 0 0 0 0.001 0.001 0.003 0 0 0 0 0 0 0 0 0 0 0 0.001 0.001 0.003 0 0 0 0 0 0 0 0 0 0 0 0.003 0.003 0.004 0.003 0.003 0.005 0.002 0.006 0.007 0.006 0.001 0.004 0 0 0 0 0 0 0 0 0 0.001 0.001 0 0.002 0.002 0.007 0.001 0.002 0 0.002 0.007 0.001 0.002 0.002 0 0.007 0 0 0.005 0 0.005 0.005 0.001 0 0 0 0.001 0.001 0.002 0.001 0.002 0.002 0.001 0 0 0

1 bet 10, 2 raise 30, 1 call  30
0.008 0.008 0.008 0.121 0.121 0.121 0.02 0.024 0.024 0.024 0.013 0.013 0.005 0.013 0.005 0.005 0.328 0.328 0.328 0.005 0.005 0.005 0.003 0.005 0.004 0.006 0.004 0.284 0.285 0.285 0.002 0.003 0.005 0.005 0.005 0.003 0.005 0.004 0.006 0.378 0.004 0.285 0.284 0.285 0.001 0.003 0.005 0.005 0.005 0.003 0.005 0.004 0.006 0.378 0.378 0.004 0.285 0.285 0.284 0.001 0.003 0.22 0.226 0.225 0.226 0.234 0.017 0.017 0.018 0.365 0.27 0.27 0.271 0.989 0.339 0.002 0.056 0.002 0.056 0.056 0.002 0.51 0.51 0.51 0.015 0.293 0.257 0.331 0.265 0.293 0.257 0.047 0.331 0.265 0.293 0.257 0.047 0.047 0.331 0.265 0.001 0.001 0.236 0.001 0.236 0.236 0.632 0.422 0.422 0.422 0.002 0.002 0.015 0.002 0.015 0.015 0.017 0.458 0.458 0.458

2 raise 30, 1 raise  80
0.118 0.118 0.118 0.02 0.02 0.02 0.98 0.324 0.324 0.324 0.218 0.218 0.011 0.218 0.011 0.011 0.269 0.269 0.269 0.01 0.01 0.01 0.012 0.01 0.01 0.268 0.011 0.675 0.674 0.674 0.005 0.01 0.01 0.01 0.01 0.012 0.01 0.01 0.268 0.344 0.011 0.674 0.675 0.674 0.005 0.01 0.01 0.01 0.01 0.012 0.01 0.01 0.268 0.344 0.344 0.011 0.674 0.674 0.675 0.005 0.01 0.78 0.774 0.775 0.774 0.766 0.981 0.981 0.981 0.635 0.726 0.726 0.726 0.011 0.661 0.01 0.011 0.01 0.011 0.011 0.01 0.356 0.356 0.356 0.985 0.166 0.295 0.274 0.214 0.166 0.295 0.953 0.274 0.214 0.166 0.295 0.953 0.953 0.274 0.214 0.003 0.003 0.002 0.003 0.002 0.002 0.368 0.577 0.577 0.577 0.01 0.01 0.01 0.01 0.01 0.01 0.983 0.281 0.281 0.281

root, 1 bet 15
0.025 0.025 0.025 0.007 0.007 0.007 0 0.019 0.019 0.019 0.024 0.024 0 0.024 0 0 0 0 0 0.007 0.001 0.001 0.027 0 0 0.018 0 0.001 0 0 0 0 0.007 0.001 0.001 0.027 0 0 0.018 0 0 0 0.001 0 0 0 0.007 0.001 0.001 0.028 0 0 0.018 0 0 0 0 0 0.001 0 0 0.04 0.036 0.032 0.005 0.001 0.009 0.009 0.009 0 0 0 0 0 0 0 0 0 0 0 0 0 0 0 0.001 0 0 0 0 0 0 0 0 0 0 0 0 0 0 0 0 0 0 0 0 0 0 0 0 0 0 0 0.004 0 0.004 0.004 0 0 0 0

1 bet 15, 2 call 15
0.216 0.216 0.216 1 1 1 0.242 0.242 0.242 1 1 1 0.998 0.998 0.998 0.003 0.003 0.003 1 1 1 0 0 0 0.612 0 0 0.748 0 0 0 0 0 0.868 0 0 0 0 0.612 0 0 0.748 0 0 0 0 0 0.869 0 0 0 0 0.612 0 0 0.748 0 0 0 0 0 0.869 0 1 1 1 1 1 1 1 0.982 0.982 0.982 1 1 0.001 0.007 0.001 0.007 0.007 0.001 1 1 1 1 0.998 0.924 0.926 0.926 0.845 0.998 0.926 0.924 0.926 0.845 0.998 0.925 0.925 0.923 0.845 0.001 0.001 0.087 0.001 0.087 0.087 1 0.996 0.996 0.996 0.001 0.001 0.003 0.001 0.003 0.003 1 1 1 1

1 bet 15, 2 raise 40
0 0 0 0 0 0 0 0 0 0 0 0 0.002 0.002 0.002 0.001 0.001 0.001 0 0 0 0 0 0 0 0 0 0 0 0 0 0 0 0 0 0 0 0 0 0 0 0 0 0 0 0 0 0 0 0 0 0 0 0 0 0 0 0 0 0 0 0 0 0 0 0 0 0 0 0 0.018 0.018 0.018 0 0 0 0.005 0 0.005 0.005 0 0 0 0 0 0 0.017 0.015 0.015 0.154 0 0.015 0.018 0.015 0.154 0 0.016 0.016 0.018 0.155 0 0 0.005 0 0.005 0.005 0 0.001 0.001 0.001 0 0 0.001 0 0.001 0.001 0 0 0 0

1 bet 15, 2 raise 40, 1 call  40
0.001 0.001 0.001 0.272 0.272 0.272 0.035 0.157 0.157 0.157 0.131 0.131 0 0.131 0 0 0.34 0.34 0.34 0 0 0 0.011 0 0 0.238 0 0.001 0.001 0.001 0 0 0 0 0 0.011 0 0 0.238 0.04 0 0.001 0.001 0.001 0 0 0 0 0 0.011 0 0 0.238 0.04 0.041 0 0.001 0.001 0.001 0 0 0.047 0.047 0.046 0.047 0.047 0.023 0.023 0.023 0.231 0.024 0.024 0.024 0.587 0.11 0 0 0 0 0 0 0.002 0.002 0.002 0.033 0.157 0.125 0.01 0.151 0.157 0.125 0.008 0.01 0.151 0.157 0.126 0.008 0.008 0.01 0.151 0 0 0 0 0 0 0.03 0 0 0 0 0 0 0 0 0 0.033 0.292 0.292 0.292

2 raise 40, 1 raise  75
0.019 0.019 0.019 0.036 0.036 0.036 0.965 0.256 0.256 0.256 0.257 0.257 0.001 0.257 0.001 0.001 0.369 0.369 0.369 0 0 0 0.132 0 0 0.448 0 0.999 0.999 0.999 0 0 0 0 0 0.132 0 0 0.448 0.96 0 0.999 0.999 0.999 0 0 0 0 0 0.132 0 0 0.448 0.96 0.959 0 0.999 0.999 0.999 0 0 0.953 0.953 0.954 0.953 0.953 0.977 0.977 0.977 0.769 0.976 0.976 0.976 0.413 0.89 0 0 0 0 0 0 0.91 0.91 0.91 0.967 0.479 0.479 0.402 0.444 0.479 0.479 0.992 0.401 0.444 0.479 0.478 0.992 0.992 0.401 0.443 0 0 0 0 0 0 0.97 1 1 1 0 0 0 0 0 0 0.967 0.53 0.53 0.53

root, 1 bet 20
0.01 0.01 0.01 0 0 0 0 0.003 0.003 0.003 0.004 0.004 0 0.004 0 0 0 0 0 0.002 0.001 0 0.002 0 0 0.008 0 0 0 0 0 0 0.002 0.001 0 0.002 0 0 0.008 0 0 0 0 0 0 0 0.002 0.001 0 0.002 0 0 0.008 0 0 0 0 0 0 0 0 0.003 0.002 0.001 0 0 0.005 0.005 0.005 0 0 0 0 0 0 0 0 0 0 0 0 0 0 0 0 0 0 0 0 0 0 0 0 0 0 0 0 0 0 0 0 0 0 0 0 0 0 0 0 0 0 0 0.001 0 0.001 0.001 0 0 0 0

1 bet 20, 2 call 20
0.001 0.001 0.001 0.94 0.94 0.94 0.001 0.001 0.001 0.959 0.959 0.959 0.955 0.955 0.955 0.001 0.001 0.001 0.772 0.772 0.772 0 0 0.005 0.468 0 0.006 0.467 0 0 0 0 0 0.767 0 0 0 0.005 0.468 0 0.006 0.467 0 0 0 0 0 0.767 0 0 0 0.005 0.468 0 0.006 0.467 0 0 0 0 0 0.767 0 1 1 1 1 1 1 1 0.752 0.752 0.752 1 1 0.004 0 0.004 0 0 0.004 0.853 0.853 0.853 0.999 0.828 0.815 0.771 0.771 0.574 0.828 0.771 0.814 0.771 0.574 0.828 0.771 0.771 0.815 0.573 0.004 0.004 0 0.004 0 0 0.999 0.782 0.782 0.782 0.007 0.007 0 0.007 0 0 0.999 0.74 0.74 0.74

1 bet 20, 2 raise 50
0.001 0.001 0.001 0 0 0 0.001 0.001 0.001 0 0 0 0.045 0.045 0.045 0 0 0 0 0 0 0 0 0 0 0 0 0 0 0.002 0 0 0 0 0.001 0 0 0 0 0 0 0 0 0.002 0 0 0 0 0.001 0 0 0 0 0 0 0 0 0.002 0 0 0 0 0.001 0 0 0 0 0 0 0 0.248 0.248 0.248 0 0 0.008 0 0.008 0 0 0.008 0.001 0.001 0.001 0.001 0.022 0.045 0.043 0.043 0.423 0.022 0.043 0.045 0.043 0.423 0.022 0.042 0.042 0.045 0.423 0.008 0.008 0 0.008 0 0 0.001 0.047 0.047 0.047 0.007 0.007 0 0.007 0 0 0.001 0 0 0

1 bet 20, 2 raise 50, 1 call  50
0.209 0.209 0.209 0.84 0.84 0.84 0 0.021 0.021 0.021 0.007 0.007 0 0.007 0 0 0.192 0.192 0.192 0 0 0 0.284 0 0 0.234 0 0.001 0.001 0.001 0 0 0 0 0 0.282 0 0 0.235 0 0 0.001 0.001 0.001 0 0 0 0 0 0.282 0 0 0.234 0 0 0 0.001 0.001 0.001 0 0 0 0 0 0 0 0 0 0 0 0 0 0 0 0 0 0 0 0 0 0 0.222 0.222 0.222 0 0.385 0.397 0.341 0.355 0.385 0.397 0 0.342 0.355 0.385 0.398 0 0 0.341 0.355 0 0 0 0 0 0 0 0 0 0 0 0 0 0 0 0 0 0.184 0.184 0.184

2 raise 50, 1 raise  70
0 0 0 0 0 0 1 0.003 0.003 0.003 0.002 0.002 0 0.002 0 0 0.428 0.427 0.427 0 0 0 0 0 0 0.13 0 0.999 0.999 0.999 0 0 0 0 0 0 0 0 0.123 1 0 0.999 0.999 0.999 0 0 0 0 0 0 0 0 0.124 1 1 0 0.999 0.999 0.999 0 0 1 1 1 1 1 1 1 1 1 1 1 1 1 1 0 0 0 0 0 0 0.665 0.664 0.664 1 0.602 0.562 0.626 0.488 0.602 0.561 1 0.626 0.488 0.602 0.561 1 1 0.626 0.487 0 0 0 0 0 0 1 1 1 1 0 0 0 0 0 0 1 0.741 0.741 0.741

root, 1 bet 25
0 0 0 0 0 0 0 0 0 0 0 0 0 0 0 0 0 0 0 0.001 0 0 0 0 0 0 0 0 0 0 0 0 0.001 0 0 0 0 0 0 0 0 0 0 0 0 0 0.001 0 0 0 0 0 0 0 0 0 0 0 0 0 0 0 0 0 0 0 0 0 0 0 0 0 0 0 0 0 0 0 0 0 0 0 0 0 0 0 0 0 0 0 0 0 0 0 0 0 0 0 0 0 0 0 0 0 0 0 0 0 0 0 0 0 0 0 0 0 0 0 0 0

1 bet 25, 2 call 25
0.034 0.034 0.034 0.426 0.426 0.426 0.037 0.037 0.037 0.428 0.428 0.428 0.337 0.337 0.337 0.034 0.034 0.034 0.392 0.392 0.392 0.048 0.047 0.049 0.205 0.046 0.044 0.215 0.04 0.038 0.036 0.03 0.03 0.345 0.032 0.048 0.047 0.049 0.204 0.046 0.044 0.215 0.04 0.038 0.03 0.036 0.03 0.345 0.032 0.048 0.047 0.049 0.205 0.046 0.044 0.215 0.04 0.038 0.03 0.03 0.036 0.345 0.032 0.653 0.652 0.651 0.654 0.654 0.657 0.666 0 0 0 0.704 0.668 0.046 0.034 0.046 0.034 0.034 0.046 0.52 0.52 0.52 0.701 0.543 0.567 0.556 0.556 0.451 0.543 0.556 0.567 0.556 0.451 0.543 0.556 0.556 0.567 0.451 0.046 0.046 0.067 0.046 0.067 0.067 0.713 0.529 0.529 0.529 0.045 0.045 0.025 0.045 0.025 0.025 0.716 0.415 0.415 0.415

1 bet 25, 2 raise 90
0.009 0.009 0.009 0.053 0.053 0.053 0.01 0.01 0.01 0.048 0.048 0.048 0.663 0.663 0.663 0.008 0.008 0.008 0.007 0.007 0.007 0.008 0.008 0.008 0.007 0.008 0.008 0.005 0.007 0.006 0.007 0.006 0.006 0.347 0.005 0.008 0.008 0.008 0.007 0.008 0.008 0.005 0.007 0.006 0.006 0.007 0.006 0.347 0.005 0.008 0.008 0.008 0.007 0.008 0.008 0.005 0.007 0.006 0.006 0.006 0.007 0.347 0.005 0.347 0.348 0.349 0.346 0.346 0.343 0.334 1 1 1 0.296 0.332 0.007 0.006 0.007 0.006 0.006 0.007 0.13 0.13 0.129 0.299 0.048 0.052 0.052 0.052 0.516 0.048 0.052 0.052 0.052 0.516 0.048 0.052 0.052 0.052 0.516 0.009 0.009 0.007 0.009 0.007 0.007 0.287 0.354 0.354 0.354 0.008 0.008 0.004 0.008 0.004 0.004 0.284 0.005 0.005 0.005

1 bet 25, 2 raise 90, 1 call  90
0 0 0 0 0 0 1 0 0 0 0 0 0 0 0 0 0.008 0.008 0.008 0 0 0 0 0 0 0 0 1 1 1 0 0 0 0 0 0 0 0 0 1 0 1 1 1 0 0 0 0 0 0 0 0 0 1 1 0 1 1 1 0 0 1 1 1 1 1 1 1 1 1 1 1 1 1 1 0 0 0 0 0 0 0.996 0.996 0.996 1 0.789 0.568 0.04 0.583 0.789 0.568 1 0.04 0.583 0.789 0.569 1 1 0.04 0.583 0 0 0 0 0 0 1 1 1 1 0 0 0 0 0 0 1 0.033 0.033 0.033
