game = '6-max Cash', preflop situation = 'EP openraise BB 3bet EP call', stack = '90', pot = '20', bets = '33 50 75 100 125'

OOP preflop range
6c5c_0.25 6h5h_0.25 6s5s_0.25 7c6c_0.25 7d6d_0.25 7h6h_0.25 7s6s_0.25 8c7c_0.25 8d7d_0.25 8h7h_0.25 8s7s_0.25 9c8c_0.25 9d8d_0.25 9d9c_0.25 9h8h_0.25 9h9c_0.25 9h9d_0.25 9s8s_0.25 9s9c_0.25 9s9d_0.25 9s9h_0.25 Ac2c_0.50 Ac3c_0.25 Ac4c_0.25 Ac5c_0.25 Ac6c_0.50 Ac7c_0.50 Ac8c_0.25 AcJc_0.50 AcKc_1 AcKd_0.50 AcKh_0.50 AcQc_1 AcTc_0.25 Ad2d_0.50 Ad3d_0.25 Ad4d_0.25 Ad6d_0.50 Ad7d_0.50 Ad8d_0.25 AdAc_1 AdJd_0.50 AdKc_0.50 AdKd_1 AdKh_0.50 AdQd_1 AdTd_0.25 Ah2h_0.50 Ah3h_0.25 Ah4h_0.25 Ah5h_0.25 Ah6h_0.50 Ah7h_0.50 Ah8h_0.25 AhAc_1 AhAd_1 AhJh_0.50 AhKc_0.50 AhKd_0.50 AhKh_1 AhQh_1 AhTh_0.25 As2s_0.50 As3s_0.25 As4s_0.25 As5s_0.25 As6s_0.50 As7s_0.50 As8s_0.25 AsAc_1 AsAd_1 AsAh_1 AsJs_0.50 AsKc_0.50 AsKd_0.50 AsKh_0.50 AsTs_0.25 JcTc_0.25 JdJc_0.75 JdTd_0.25 JhJc_0.75 JhJd_0.75 JhTh_0.25 JsJc_0.75 JsJd_0.75 JsJh_0.75 JsTs_0.25 Kc9c_0.25 KcJc_0.50 KcQc_1 KcTc_0.25 Kd9d_0.25 KdJd_0.50 KdKc_1 KdQd_1 KdTd_0.25 Kh9h_0.25 KhJh_0.50 KhKc_1 KhKd_1 KhQh_1 KhTh_0.25 QcJc_0.50 QdJd_0.50 QdQc_1 QhJh_0.50 QhQc_1 QhQd_1 Tc9c_0.25 Td9d_0.25 TdTc_0.50 Th9h_0.25 ThTc_0.50 ThTd_0.50 Ts9s_0.25 TsTc_0.50 TsTd_0.50 TsTh_0.50

IP preflop range
6d6c_0.25 6h6c_0.25 6h6d_0.25 6s6c_0.25 6s6d_0.25 6s6h_0.25 7d7c_0.50 7h7c_0.50 7h7d_0.50 7s7c_0.50 7s7d_0.50 7s7h_0.50 8d8c_1 8h8c_1 8h8d_1 8s8c_1 8s8d_1 8s8h_1 9d9c_1 9h9c_1 9h9d_1 9s9c_1 9s9d_1 9s9h_1 Ac2c_1 Ac3c_1 Ac4c_1 Ac5c_1 Ac6c_1 Ac7c_1 Ac8c_1 Ac9c_1 AcJc_1 AcQc_0.75 AcQd_1 AcQh_1 AcTc_1 Ad2d_1 Ad3d_1 Ad4d_1 Ad6d_1 Ad7d_1 Ad8d_1 Ad9d_1 AdJd_1 AdQc_1 AdQd_0.75 AdQh_1 AdTd_1 Ah2h_1 Ah3h_1 Ah4h_1 Ah5h_1 Ah6h_1 Ah7h_1 Ah8h_1 Ah9h_1 AhJh_1 AhQc_1 AhQd_1 AhQh_0.75 AhTh_1 As2s_1 As3s_1 As4s_1 As5s_1 As6s_1 As7s_1 As8s_1 As9s_1 AsJs_1 AsQc_1 AsQd_1 AsQh_1 AsTs_1 JcTc_0.50 JdJc_1 JdTd_0.50 JhJc_1 JhJd_1 JhTh_0.50 JsJc_1 JsJd_1 JsJh_1 JsTs_0.50 KcJc_1 KcQc_1 KcQd_0.50 KcQh_0.50 KdJd_1 KdQc_0.50 KdQd_1 KdQh_0.50 KhJh_1 KhQc_0.50 KhQd_0.50 KhQh_1 QcJc_0.50 QdJd_0.50 QdQc_1 QhJh_0.50 QhQc_1 QhQd_1 Tc9c_0.25 Td9d_0.25 TdTc_1 Th9h_0.25 ThTc_1 ThTd_1 Ts9s_0.25 TsTc_1 TsTd_1 TsTh_1

root, 1 check
0 0 0 0 0 0 0.001 0 0 0 0 0.001 0 0.004 0.001 0.003 0.004 0.001 0 0 0 0 0 0 0.001 0 0.001 0.019 0.001 0 0 0 0.004 0 0 0 0 0 0.006 0.009 0.001 0.001 0 0 0 0.003 0 0 0 0 0.001 0 0.001 0.019 0.001 0.001 0.001 0 0 0 0.004 0 0 0 0 0.004 0 0 0.002 0.001 0.001 0.001 0.004 0.001 0.001 0.001 0.003 0 0.001 0 0.001 0.001 0 0.005 0.004 0.005 0.001 0.001 0 0 0.002 0 0 0 0 0.001 0.001 0 0 0 0 0.002 0.002 0.002 0.003 0.002 0.002 0.003 0 0 0.001 0 0.001 0.001 0 0.004 0.001 0.004

1 check, 2 check
0.83 0.847 0.83 0.88 0.864 0.88 0.872 0.914 0.872 0.867 0.837 0.867 0.952 0.982 0.952 0.875 0.84 0.875 0.773 0.772 0.773 0.773 0.777 0.773 0.725 0.722 0.722 0.98 0.741 0.762 0.797 0.937 0.988 0.922 0.931 0.906 0.998 0.682 0.681 0.681 0.641 0.658 0.691 0.776 0.988 0.971 0.874 0.971 0.999 0.725 0.722 0.722 0.98 0.741 0.762 0.797 0.937 0.988 0.906 0.931 0.922 0.998 0.62 0.622 0.622 0.415 0.786 0.784 0.846 0.98 0.507 0.836 0.846 0.836 0.424 0.92 0.772 0.867 0.775 0.772 0.92 0.803 0.792 0.803 0.857 0.881 0.284 0.276 0.282 0.707 0.301 0.28 0.301 0.881 0.282 0.276 0.284 0.972 0.998 0.294 0.972 0.318 0.294 0.913 0.927 0.799 0.913 0.819 0.799 0.88 0.819 0.807 0.819

1 check, 2 bet 7
0.057 0.053 0.057 0.063 0.07 0.063 0.051 0.038 0.051 0.065 0.08 0.065 0.032 0.014 0.032 0.065 0.083 0.065 0.072 0.068 0.072 0.081 0.087 0.081 0.113 0.114 0.114 0.004 0.111 0.101 0.081 0.017 0.003 0.051 0.041 0.052 0.001 0.123 0.123 0.123 0.142 0.128 0.109 0.079 0.012 0.014 0.041 0.014 0.001 0.113 0.114 0.114 0.004 0.111 0.101 0.081 0.017 0.003 0.052 0.041 0.051 0.001 0.17 0.168 0.17 0.398 0.097 0.105 0.089 0.008 0.369 0.136 0.137 0.136 0.279 0.07 0.199 0.103 0.204 0.199 0.07 0.179 0.169 0.179 0.115 0.077 0.261 0.286 0.264 0.18 0.286 0.284 0.286 0.077 0.264 0.286 0.261 0.016 0 0.309 0.016 0.3 0.309 0.078 0.07 0.08 0.078 0.081 0.08 0.108 0.088 0.093 0.088

2 bet 7, 1 call 7
0.286 0.286 0.983 0 0.465 0 0.999 0 0.022 0 0.999 0 0.001 0.67 0 0.553 0.67 0.999 0.871 0.944 0.871 0 0 0 0.992 0 0 0 0.998 0 0 0 0.716 0.996 0.678 0.693 0.693 0.443 0.434 0.393 0.602 0.999 0.002 0 0.002 0.937 0.998 0 0 0 0.992 0 0 0 0.217 0.602 0.998 0 0 0 0.715 0.996 0.992 0.993 0.993 0.996 0.993 0.995 0.997 0.999 0.999 0.999 0.999 0.999 0.999 0.999 0.998 1 0.998 1 0.997 0.998 1 0.999 0.999 0.999 0.998 0.999 0.999 0.016 0.999 0.999 0.999 0.001 0.1 0.999 0.999 0.999 0.001 0.001 0.016 0.999 1 0.999 0.294 1 0.221 0.293 0.846 0.983 0.493 0.846 0.435 0.493 0.999 0.342 0.404 0.342

2 bet 7, 1 raise 24
0.712 0.712 0.017 0.544 0.417 0.544 0.001 0.144 0.266 0.144 0.001 0.004 0.006 0.13 0.004 0.272 0.13 0.001 0.128 0.055 0.128 0.001 0.001 0.001 0.001 0.001 0.001 0.001 0.001 1 1 1 0.284 0.001 0.002 0.002 0.002 0.002 0.002 0.001 0.398 0.001 0.998 1 0.998 0.063 0.001 0.001 0.001 0.001 0.001 0.001 0.001 0.001 0.783 0.398 0.001 1 1 1 0.285 0.001 0.008 0.007 0.007 0.004 0.007 0.005 0.003 0.001 0.001 0.001 0.001 0.001 0.001 0.001 0.002 0 0.001 0 0.001 0.001 0 0.001 0.001 0.001 0.002 0.001 0.001 0.984 0.001 0.001 0.001 0.999 0.9 0.001 0.001 0.001 0.999 0.999 0.984 0.001 0 0.001 0.706 0 0.779 0.707 0.154 0.017 0.503 0.154 0.56 0.503 0.001 0.658 0.596 0.658

2 bet 7, 1 raise 24, 2 call 24
0 0 0 0.001 0.001 0.001 0 0 0 0.001 0.001 0.001 0 0 0 0.001 0.001 0.001 0 0 0 0 0 0 0.001 0.001 0.001 0 0.001 0.001 0.001 0 0.275 0.498 0.489 0.471 0.185 0.001 0.001 0.001 0.001 0 0 0 0.495 0.515 0.671 0.515 0.43 0.001 0.001 0.001 0 0.001 0.001 0.001 0 0.275 0.471 0.489 0.498 0.185 0.166 0.165 0.165 0.038 0.224 0.241 0.223 0.24 0.207 0.278 0.281 0.278 0.251 1 0.004 1 0.005 0.004 1 0.03 0.028 0.03 0.391 0.569 0.123 0.077 0.091 0.545 0.069 0.195 0.069 0.569 0.091 0.077 0.123 0.216 0.582 0.425 0.216 0.471 0.425 0.13 0.349 0 0.13 0 0 0.827 0 0 0

1 raise 24, 2 raise 83
0 0 0 0 0 0 0 0 0 0 0 0 0 0 0 0 0 0 0 0 0 0 0 0 0 0 0 0 0 0 0 0 0 0.15 0.147 0.098 0 0 0 0 0 0 0 0 0 0.158 0.228 0.158 0 0 0 0 0 0 0 0 0 0 0.098 0.147 0.15 0 0.833 0.834 0.834 0.961 0.773 0.756 0.775 0.758 0.793 0.629 0.607 0.629 0.749 0 0 0 0 0 0 0 0 0 0.609 0.39 0.877 0.923 0.909 0.445 0.931 0.805 0.931 0.39 0.909 0.923 0.877 0.001 0 0.575 0.001 0.529 0.575 0 0 0 0 0 0 0.173 0 0 0

1 check, 2 bet 10
0.038 0.031 0.038 0.034 0.04 0.034 0.027 0.014 0.027 0.04 0.049 0.04 0.002 0.001 0.002 0.037 0.047 0.037 0.053 0.053 0.053 0.061 0.06 0.061 0.06 0.061 0.061 0.004 0.042 0.031 0.022 0 0.009 0.026 0.022 0.04 0 0.099 0.099 0.099 0.092 0.086 0.079 0.061 0 0.014 0.025 0.014 0 0.06 0.061 0.061 0.004 0.042 0.032 0.022 0 0.009 0.04 0.022 0.026 0 0.085 0.084 0.084 0.172 0.071 0.055 0.031 0.005 0.123 0.022 0.014 0.022 0.202 0.01 0.029 0.03 0.021 0.029 0.01 0.018 0.04 0.018 0.015 0.035 0.132 0.146 0.133 0.075 0.136 0.15 0.136 0.035 0.133 0.146 0.132 0.012 0.001 0.191 0.012 0.18 0.191 0.009 0.003 0.061 0.009 0.059 0.061 0.005 0.047 0.052 0.047

2 bet 10, 1 call 10
0.413 0.413 0.849 0 0.295 0 0.997 0 0 0 0.997 0 0 0.49 0 0.537 0.49 0.997 0.922 0.901 0.922 0 0 0 0.986 0 0 0 0.993 0.997 0.997 0.997 0.73 0.99 0.043 0.059 0.059 0.001 0.001 0.003 0.998 0.997 0.998 0.998 0.998 0.983 0.997 0 0 0 0.986 0 0 0 0.998 0.998 0.993 0.997 0.997 0.997 0.73 0.99 0.924 0.927 0.929 0.986 0.922 0.95 0.975 0.998 0.998 0.998 0.996 0.996 0.996 0.996 0.995 0.999 0.991 0.998 0.989 0.991 0.999 0.994 0.994 0.994 0.996 0.997 0.997 0.479 0.997 0.998 0.998 0.398 0.486 0.998 0.997 0.997 0.38 0.398 0.479 0.997 0.998 0.998 0.507 0.998 0.47 0.507 0.925 0.985 0.835 0.925 0.77 0.835 0.996 0.901 0.946 0.901

2 bet 10, 1 raise 30
0.571 0.571 0.151 0.032 0.003 0.032 0.003 0.006 0.001 0.006 0.002 0 0.001 0.001 0 0.001 0.001 0.002 0.002 0.002 0.002 0 0 0 0.002 0 0 0 0 0.003 0.003 0.003 0.27 0.001 0.001 0.001 0.001 0.001 0.001 0 0.001 0 0.002 0.002 0.002 0.017 0.001 0 0 0 0.002 0 0 0 0.002 0.001 0 0.003 0.003 0.003 0.27 0.001 0.076 0.073 0.071 0.014 0.078 0.05 0.025 0.002 0.002 0.002 0.004 0.004 0.004 0.004 0.005 0.001 0.001 0.002 0.001 0.001 0.001 0.001 0.001 0.001 0.004 0.003 0.003 0.521 0.003 0.002 0.002 0.602 0.514 0.002 0.003 0.003 0.62 0.602 0.521 0.003 0.002 0.001 0.493 0.002 0.53 0.493 0.003 0.003 0.002 0.003 0.002 0.002 0.004 0.095 0.049 0.095

2 bet 10, 1 raise 30, 2 call 30
0 0 0 0 0 0 0 0 0 0 0 0 0 0 0 0 0 0 0 0 0 0 0 0 0 0 0 0 0 0 0 0 0 0.117 0.092 0.091 0 0 0 0 0 0 0 0 0.082 0.122 0.497 0.122 0.035 0 0 0 0 0 0 0 0 0 0.091 0.092 0.117 0 0.306 0.306 0.306 0.017 0.388 0.423 0.426 0.403 0.063 0.321 0.348 0.321 0.069 0.889 0 1 0 0 0.889 0 0 0 0.268 0.551 0.001 0.002 0.001 0.562 0.059 0.058 0.059 0.551 0.001 0.002 0.001 0.124 0.341 0.247 0.124 0.257 0.247 0 0.001 0 0 0 0 0.691 0 0 0

1 raise 30, 2 raise 80
0 0 0 0 0 0 0 0 0 0 0 0 0 0 0 0 0 0 0 0 0 0 0 0 0 0 0 0 0 0 0 0 0 0.137 0.101 0.108 0 0 0 0 0 0 0 0 0 0.144 0.165 0.144 0 0 0 0 0 0 0 0 0 0 0.108 0.101 0.137 0 0.633 0.633 0.633 0.978 0.552 0.521 0.518 0.541 0.936 0.535 0.604 0.535 0.93 0 0 0 0 0 0 0 0 0 0.732 0.444 0.999 0.998 0.999 0.437 0.941 0.942 0.941 0.444 0.999 0.998 0.999 0 0.001 0.753 0 0.743 0.753 0 0 0 0 0 0 0.309 0 0 0

1 check, 2 bet 15
0.045 0.042 0.045 0.021 0.023 0.021 0.033 0.026 0.033 0.025 0.029 0.025 0.013 0.002 0.013 0.022 0.029 0.022 0.062 0.065 0.062 0.059 0.055 0.059 0.053 0.053 0.053 0.011 0.052 0.053 0.051 0.028 0 0.001 0.004 0.001 0 0.061 0.061 0.061 0.067 0.07 0.069 0.055 0 0.001 0.048 0.001 0 0.053 0.053 0.053 0.011 0.052 0.053 0.051 0.028 0 0.001 0.004 0.001 0 0.091 0.091 0.091 0.01 0.028 0.033 0.024 0.002 0 0.006 0.003 0.006 0.073 0 0 0 0 0 0 0 0 0 0.014 0.007 0.172 0.174 0.171 0.037 0.169 0.168 0.169 0.007 0.171 0.174 0.172 0 0 0.125 0 0.124 0.125 0 0 0.049 0 0.04 0.049 0.007 0.044 0.047 0.044

2 bet 15, 1 call 15
0.929 0.929 0.059 0.01 0.499 0.01 0.997 0 0.019 0 0.997 0 0 0.209 0 0.213 0.209 0.998 0.402 0.398 0.402 0.149 0.159 0.167 0.963 0.011 0.012 0.011 0.985 0.645 0.805 0.652 0.443 0.975 0.473 0.481 0.487 0.102 0.119 0.066 0.959 0.99 0.901 0.93 0.901 0.623 0.984 0.148 0.159 0.167 0.963 0.011 0.012 0.011 0.938 0.959 0.985 0.652 0.805 0.645 0.443 0.975 0.953 0.954 0.952 0.379 0.939 0.937 0.952 0.986 0.991 0.986 0.833 0.957 0.939 0.957 0.887 0.998 0.481 0.999 0.438 0.481 0.998 0.692 0.764 0.692 0.987 0.963 0.949 0.226 0.967 0.984 0.966 0.266 0.348 0.976 0.963 0.949 0.267 0.266 0.226 0.967 0.576 0.854 0.541 0.576 0.484 0.541 0.957 0.974 0.346 0.957 0.335 0.346 0.995 0.537 0.56 0.537

2 bet 15, 1 raise 40
0 0 0.941 0 0 0 0.003 0 0 0 0.002 0 0 0 0 0 0 0.001 0.001 0.001 0.001 0 0 0 0 0 0 0 0 0.354 0.194 0.347 0.557 0 0 0 0 0 0 0 0.04 0 0.098 0.07 0.098 0.377 0 0 0 0 0 0 0 0 0.061 0.04 0 0.347 0.194 0.354 0.557 0 0.047 0.046 0.048 0.621 0.061 0.063 0.048 0.013 0.008 0.013 0.167 0.042 0.06 0.042 0.113 0 0.013 0.001 0.004 0.013 0 0.003 0.005 0.003 0.013 0.025 0.05 0.774 0.029 0.014 0.033 0.734 0.652 0.023 0.025 0.05 0.733 0.734 0.774 0.029 0.422 0.146 0.459 0.422 0.516 0.459 0 0 0.001 0 0.001 0.001 0.005 0.001 0.001 0.001

2 bet 15, 1 raise 40, 2 call 40
0 0 0 0 0 0 0 0 0 0 0 0 0 0 0 0 0 0 0 0 0 0 0 0 0 0 0 0 0 0 0 0 0 0.28 0.271 0.275 0 0 0 0 0 0 0 0 0.045 0.256 0.372 0.256 0.032 0 0 0 0 0 0 0 0 0 0.275 0.271 0.28 0 0.016 0.016 0.016 0.003 0.148 0.181 0.164 0.153 0.372 0.21 0.226 0.21 0.003 0.659 0 0.999 0 0 0.659 0 0 0 0.632 0.339 0 0.002 0 0.358 0 0.109 0 0.339 0 0.002 0 0.184 0.281 0.003 0.184 0.001 0.003 0 0.022 0 0 0 0 0.637 0 0 0

1 raise 40, 2 raise 75
0 0 0 0 0 0 0 0 0 0 0 0 0 0 0 0 0 0 0 0 0 0 0 0 0 0 0 0 0 0 0 0 0 0.472 0.467 0.39 0 0 0 0 0 0 0 0 0.001 0.447 0.628 0.447 0.001 0 0 0 0 0 0 0 0 0 0.39 0.467 0.472 0 0.984 0.984 0.984 0.997 0.851 0.818 0.835 0.846 0.628 0.79 0.774 0.79 0.997 0 0 0 0 0 0 0 0 0 0.368 0.66 1 0.998 1 0.642 1 0.891 1 0.66 1 0.998 1 0.026 0.135 0.997 0.026 0.999 0.997 0 0 0 0 0 0 0.363 0 0 0

1 check, 2 bet 20
0.03 0.027 0.03 0.003 0.003 0.003 0.017 0.008 0.017 0.003 0.005 0.003 0.001 0.001 0.001 0.001 0.001 0.001 0.04 0.042 0.04 0.026 0.021 0.026 0.037 0.037 0.037 0.001 0.041 0.041 0.039 0.018 0 0 0.001 0 0 0.035 0.035 0.035 0.045 0.048 0.046 0.029 0 0 0.011 0 0 0.037 0.037 0.037 0.001 0.041 0.041 0.039 0.018 0 0 0.001 0 0 0.034 0.034 0.034 0.004 0.018 0.022 0.01 0.005 0 0 0.001 0 0.022 0 0 0 0 0 0 0 0 0 0 0.001 0.112 0.111 0.111 0.001 0.103 0.105 0.103 0.001 0.111 0.111 0.112 0 0 0.079 0 0.077 0.079 0 0 0.011 0 0.002 0.011 0 0.002 0.002 0.002

2 bet 20, 1 call 20
0.003 0.003 0.11 0 0.003 0 0.981 0 0 0 0.98 0 0 0 0 0 0 0.984 0.028 0.027 0.028 0 0 0 0.115 0 0 0 0.921 0.535 0.563 0.538 0.294 0.862 0 0 0 0 0 0 0.527 0.929 0.497 0.756 0.497 0.364 0.885 0 0 0 0.115 0 0 0 0.811 0.527 0.921 0.538 0.563 0.535 0.294 0.862 0.73 0.738 0.734 0.069 0.651 0.603 0.562 0.708 0.849 0.708 0.32 0.629 0.664 0.629 0.342 0.994 0.056 0.996 0.036 0.056 0.994 0.202 0.221 0.202 0.484 0.281 0.385 0.218 0.328 0.567 0.703 0.046 0.209 0.665 0.281 0.385 0.1 0.046 0.218 0.328 0.237 0.38 0.269 0.237 0.255 0.269 0.864 0.987 0.02 0.864 0.016 0.02 0.97 0.15 0.158 0.15

2 bet 20, 1 raise 50
0.002 0.002 0.89 0.002 0.001 0.002 0.017 0.001 0 0.001 0.018 0 0 0 0 0 0 0.012 0 0 0 0 0 0 0 0 0 0 0 0.261 0.225 0.26 0.705 0 0 0 0 0 0 0 0.021 0 0.077 0.179 0.077 0.635 0 0 0 0 0 0 0 0 0.06 0.021 0 0.26 0.225 0.261 0.705 0 0.27 0.262 0.266 0.931 0.348 0.397 0.438 0.29 0.141 0.29 0.68 0.367 0.332 0.367 0.657 0.002 0.002 0.001 0.002 0.002 0.002 0.005 0.006 0.005 0.516 0.176 0.423 0.782 0.364 0.041 0.273 0.954 0.791 0.217 0.176 0.423 0.9 0.954 0.782 0.364 0.755 0.617 0.731 0.755 0.745 0.731 0 0 0.001 0 0.001 0.001 0.03 0.001 0.001 0.001

2 bet 20, 1 raise 50, 2 call 50
0 0 0 0 0 0 0 0 0 0 0 0 0 0 0 0 0 0 0 0 0 0 0 0 0 0 0 0 0 0 0 0 0.015 0.306 0.287 0.244 0.024 0 0 0 0 0 0 0 0.105 0.264 0.338 0.264 0.092 0 0 0 0 0 0 0 0 0.015 0.244 0.287 0.306 0.024 0.171 0.171 0.171 0.171 0.204 0.213 0.212 0.199 0.372 0.261 0.273 0.261 0.114 0.459 0 0.996 0 0 0.459 0 0 0 0.576 0.353 0.003 0.046 0.005 0.404 0.007 0.152 0.007 0.353 0.005 0.046 0.003 0.181 0.254 0.103 0.181 0.002 0.103 0.025 0.069 0 0.025 0 0 0.657 0 0 0

1 raise 50, 2 raise 70
0 0 0 0 0 0 0 0 0 0 0 0 0 0 0 0 0 0 0 0 0 0 0 0 0 0 0 0 0 0 0 0 0 0.687 0.656 0.565 0 0 0 0 0 0 0 0 0.001 0.624 0.662 0.624 0.001 0 0 0 0 0 0 0 0 0 0.565 0.656 0.687 0 0.829 0.829 0.829 0.829 0.796 0.787 0.788 0.801 0.628 0.739 0.727 0.739 0.886 0 0 0.001 0 0 0 0 0 0 0.424 0.647 0.997 0.954 0.995 0.596 0.993 0.848 0.993 0.647 0.995 0.954 0.997 0.135 0.212 0.897 0.135 0.998 0.897 0 0 0 0 0 0 0.343 0 0 0

1 check, 2 bet 25
0 0 0 0 0 0 0 0 0 0 0 0 0 0 0 0 0 0 0 0 0 0 0 0 0.013 0.013 0.013 0 0.013 0.012 0.01 0 0 0 0 0 0 0.001 0.001 0.001 0.012 0.011 0.005 0 0 0 0.001 0 0 0.013 0.013 0.013 0 0.013 0.012 0.01 0 0 0 0 0 0 0 0 0 0 0 0 0 0 0 0 0 0 0 0 0 0 0 0 0 0 0 0 0 0 0.04 0.006 0.039 0 0.004 0.014 0.004 0 0.039 0.006 0.04 0 0 0.002 0 0.002 0.002 0 0 0 0 0 0 0 0 0 0

2 bet 25, 1 call 25
0.1 0.1 0.003 0 0 0 0.14 0 0 0 0.142 0 0 0.135 0 0.134 0.135 0.137 0.153 0.151 0.153 0 0 0 0.09 0 0 0.004 0.071 0.078 0.076 0.078 0.087 0.058 0 0 0 0.003 0.02 0.042 0.064 0.126 0.103 0.173 0.103 0.129 0.11 0 0 0 0.09 0 0 0.004 0.054 0.064 0.071 0.078 0.076 0.078 0.087 0.058 0.067 0.07 0.07 0 0.131 0.159 0.197 0.144 0.171 0.144 0.004 0.209 0.205 0.209 0.005 0.22 0.154 0.206 0.151 0.154 0.22 0.145 0.145 0.145 0 0.102 0.101 0.123 0.098 0.102 0.112 0.061 0.245 0.101 0.102 0.101 0.295 0.061 0.123 0.098 0.131 0.146 0.104 0.131 0.385 0.104 0 0.002 0.168 0 0.165 0.168 0.012 0.172 0.175 0.172

2 bet 25, 1 raise 90
0.007 0.007 0.997 0 0.003 0 0.567 0 0.003 0 0.509 0.002 0.008 0.025 0.002 0.024 0.025 0.494 0.059 0.06 0.059 0 0 0 0.077 0 0 0 0.001 0.623 0.574 0.623 0.673 0.001 0.001 0.001 0.001 0 0 0 0.593 0.062 0.625 0.603 0.625 0.697 0.063 0 0 0 0.077 0 0 0 0.582 0.593 0.001 0.623 0.574 0.623 0.673 0.001 0.926 0.923 0.923 1 0.855 0.827 0.789 0.606 0.609 0.606 0.996 0.595 0.555 0.595 0.995 0.299 0.053 0.408 0.052 0.053 0.299 0.153 0.162 0.153 1 0.459 0.501 0.877 0.503 0.472 0.508 0.939 0.755 0.514 0.459 0.501 0.705 0.939 0.877 0.503 0.437 0.452 0.896 0.437 0.615 0.896 0.1 0.121 0.037 0.1 0.037 0.037 0.987 0.112 0.112 0.112

2 bet 25, 1 raise 90, 2 call 90
0 0 0 0 0 0 0 0 0 0 0 0 0 0 0 0 0 0 0 0 0 0 0 0 0 0 0 0 0 0 0 0 0 0.934 0.915 0.852 0 0 0 0 0 0 0 0 0 0.9 1 0.9 0 0 0 0 0 0 0 0 0 0 0.852 0.915 0.934 0 1 1 1 1 1 1 1 1 1 1 1 1 1 0.001 0 0.615 0 0 0.001 0 0 0 1 1 1 1 1 1 1 1 1 1 1 1 1 0.505 0.722 1 0.505 1 1 0 0 0 0 0 0 1 0 0 0

root, 1 bet 7
0.206 0.206 0.001 0.249 0.375 0.249 0.355 0.234 0.385 0.234 0.408 0.17 0.329 0.247 0.17 0.249 0.247 0.491 0.301 0.289 0.301 0.338 0.341 0.326 0.186 0.338 0.366 0.456 0.435 0.19 0.166 0.194 0.443 0.36 0.334 0.344 0.332 0.305 0.334 0.4 0.276 0.389 0.237 0.26 0.237 0.41 0.345 0.338 0.341 0.326 0.186 0.338 0.366 0.456 0.224 0.276 0.435 0.194 0.166 0.19 0.443 0.36 0.503 0.562 0.539 0.568 0.393 0.339 0.36 0.495 0.543 0.495 0.652 0.447 0.434 0.447 0.537 0.469 0.516 0.405 0.598 0.516 0.469 0.766 0.752 0.766 0.308 0.487 0.422 0.18 0.571 0.514 0.428 0.274 0.182 0.504 0.487 0.422 0.255 0.274 0.18 0.571 0.599 0.541 0.481 0.599 0.482 0.481 0.169 0.225 0.437 0.169 0.573 0.437 0.251 0.345 0.345 0.345

1 bet 7, 2 call 7
0 0 0 0.822 0.98 0.822 0 0 0 0.612 0.951 0.612 0 0 0 0.504 0.727 0.504 0 0 0 0.22 0.403 0.22 0 0 0 0.106 0 0 0 0 0.999 1 1 0.997 0.969 0.043 0.044 0.051 0 0 0 0 1 1 1 1 1 0 0 0 0.106 0 0 0 0 0.999 0.997 1 1 0.969 0.833 0.859 0.803 1 0.991 0.998 0.997 1 1 0.967 1 0.967 0.547 1 0.455 1 0.414 0.455 1 0.997 0.998 0.997 1 1 0.679 0.602 0.692 1 0.503 0.897 0.503 1 0.692 0.602 0.679 1 1 0.991 1 0.991 0.991 0.989 0.999 0 0.989 0 0 1 0.564 0.637 0.564

1 bet 7, 2 raise 24
0 0 0 0.05 0.012 0.05 0 0 0 0.052 0.003 0.052 0 0 0 0.052 0.004 0.052 0 0 0 0.001 0.002 0.001 0 0 0 0.211 0 0 0 0 0 0 0 0.003 0.029 0.097 0.099 0.1 0 0 0 0 0 0 0 0 0 0 0 0 0.211 0 0 0 0 0 0.003 0 0 0.029 0.167 0.141 0.197 0 0.009 0.002 0.003 0 0 0.032 0 0.032 0.453 0 0 0 0 0 0 0 0 0 0 0 0.321 0.398 0.308 0 0.497 0.103 0.497 0 0.308 0.398 0.321 0 0 0.009 0 0.009 0.009 0.009 0 0 0.009 0 0 0 0.003 0.123 0.003

1 bet 7, 2 raise 24, 1 call  24
0 0 0 0 0 0 0.999 0 0 0 0.999 0 0 0 0 0 0 1 0.403 0.437 0.403 0 0 0 0.467 0 0 0 0.56 0.278 0.387 0.281 0.218 0.585 0 0 0 0 0 0 0.263 0.6 0.353 0.421 0.353 0.331 0.508 0 0 0 0.467 0 0 0 0.099 0.263 0.56 0.281 0.387 0.278 0.218 0.585 0.001 0.001 0.001 0 0.495 0.494 0.669 0.973 0.987 0.973 0 0.996 0.996 0.996 0 1 0 1 0 0 1 0.258 0.297 0.258 0 0.656 0.738 0 0.763 0.983 0.987 0.239 0 0.993 0.656 0.738 0.276 0.239 0 0.763 0.547 0.847 0.172 0.547 0.194 0.172 0 0.002 0 0 0 0 0.995 0.241 0.266 0.241

2 raise 24, 1 raise  83
0 0 1 0 0 0 0.001 0 0 0 0 0 0 0 0 0 0 0 0 0 0 0 0 0 0.116 0 0 0 0 0.722 0.613 0.719 0.782 0 0 0 0 0 0 0 0.737 0 0.647 0.579 0.647 0.669 0 0 0 0 0.116 0 0 0 0.901 0.737 0 0.719 0.613 0.722 0.782 0 0.999 0.999 0.999 1 0.505 0.506 0.331 0.026 0.011 0.026 1 0.003 0.003 0.003 1 0 0 0 0 0 0 0 0 0 1 0.001 0.018 1 0.006 0.002 0.009 0.761 1 0.005 0.001 0.018 0.724 0.761 1 0.006 0.051 0.106 0.828 0.051 0.806 0.828 0 0 0 0 0 0 0.005 0 0 0

root, 1 bet 10
0.263 0.263 0.007 0.19 0.301 0.19 0.369 0.144 0.293 0.144 0.365 0.076 0.227 0.244 0.076 0.232 0.244 0.384 0.319 0.331 0.319 0.217 0.222 0.218 0.17 0.243 0.261 0.284 0.315 0.225 0.227 0.228 0.212 0.394 0.229 0.234 0.225 0.233 0.247 0.278 0.248 0.341 0.267 0.293 0.267 0.255 0.427 0.217 0.222 0.218 0.17 0.243 0.261 0.284 0.209 0.248 0.315 0.228 0.227 0.225 0.212 0.394 0.349 0.373 0.385 0.215 0.318 0.293 0.314 0.317 0.349 0.317 0.298 0.302 0.32 0.302 0.27 0.436 0.236 0.399 0.27 0.236 0.436 0.228 0.237 0.228 0.267 0.342 0.382 0.175 0.36 0.396 0.404 0.327 0.186 0.369 0.342 0.382 0.324 0.327 0.175 0.36 0.298 0.301 0.2 0.298 0.198 0.2 0.279 0.31 0.309 0.279 0.398 0.309 0.254 0.222 0.222 0.222

1 bet 10, 2 call 10
0 0 0 0.513 0.988 0.513 0 0 0 0.3 0.735 0.3 0 0 0 0.28 0.594 0.28 0 0 0 0 0.168 0 0 0 0 0 0 0 0 0 0.998 1 0.994 0.968 0.922 0 0 0 0 0 0 0 0.999 0.999 1 0.999 0.999 0 0 0 0 0 0 0 0 0.998 0.968 0.994 1 0.922 0.874 0.939 0.877 1 0.993 0.998 0.999 1 1 0.999 0.976 0.999 0.761 1 0 1 0 0 1 0.97 0.984 0.97 1 1 0.82 0.795 0.922 1 0.741 0.994 0.741 1 0.922 0.795 0.82 0.999 1 0.999 0.999 0.999 0.999 1 1 0 1 0 0 1 0.254 0.379 0.254

1 bet 10, 2 raise 30
0 0 0 0.002 0.002 0.002 0 0 0 0.002 0 0.002 0 0 0 0.002 0 0.002 0 0 0 0 0 0 0 0 0 0.023 0 0 0 0 0 0 0.005 0.032 0.047 0.024 0.033 0.033 0 0 0 0 0 0 0 0 0 0 0 0 0.023 0 0 0 0 0 0.032 0.005 0 0.047 0.126 0.061 0.123 0 0.007 0.002 0.001 0 0 0.001 0.024 0.001 0.239 0 0 0 0 0 0 0 0 0 0 0 0.18 0.205 0.078 0 0.259 0.006 0.259 0 0.078 0.205 0.18 0 0 0.001 0 0.001 0.001 0 0 0 0 0 0 0 0 0 0

1 bet 10, 2 raise 30, 1 call  30
0 0 0 0 0 0 0.998 0 0 0 0.996 0 0 0 0 0 0 0.984 0 0 0 0 0 0 0.002 0 0 0 0.223 0.299 0.372 0.304 0.081 0.23 0 0 0 0 0 0 0.118 0.263 0.333 0.401 0.333 0.079 0.238 0 0 0 0.002 0 0 0 0.075 0.118 0.223 0.304 0.372 0.299 0.081 0.23 0.001 0.001 0.001 0 0.257 0.235 0.273 0.816 0.772 0.816 0.022 0.819 0.664 0.819 0 1 0 1 0 0 1 0 0 0 0 0.505 0.703 0 0.654 0.714 0.923 0.001 0 0.933 0.505 0.703 0.003 0.001 0 0.654 0.172 0.284 0 0.172 0 0 0 0 0 0 0 0 0.98 0 0 0

2 raise 30, 1 raise  80
0 0 1 0 0 0 0 0 0 0 0 0 0 0 0 0 0 0 0 0 0 0 0 0 0.438 0 0 0 0 0.701 0.628 0.696 0.919 0 0 0 0 0 0 0 0.882 0 0.667 0.599 0.667 0.921 0 0 0 0 0.438 0 0 0 0.925 0.882 0 0.696 0.628 0.701 0.919 0 0.999 0.999 0.999 1 0.743 0.765 0.727 0.087 0.019 0.087 0.978 0.001 0.001 0.001 1 0 0 0 0 0 0 0 0.001 0 1 0.001 0.031 1 0.007 0.001 0.007 0.999 1 0.004 0.001 0.031 0.997 0.999 1 0.007 0.154 0.173 1 0.154 1 1 0 0 0 0 0 0 0.02 0 0 0

root, 1 bet 15
0.235 0.235 0.287 0.159 0.13 0.159 0.22 0.126 0.093 0.126 0.168 0.154 0.143 0.267 0.154 0.238 0.267 0.121 0.195 0.233 0.195 0.179 0.191 0.186 0.283 0.204 0.177 0.121 0.149 0.237 0.263 0.239 0.09 0.186 0.23 0.228 0.227 0.252 0.226 0.179 0.208 0.168 0.222 0.24 0.222 0.15 0.187 0.179 0.191 0.186 0.283 0.204 0.177 0.121 0.188 0.208 0.149 0.239 0.263 0.237 0.09 0.186 0.089 0.045 0.055 0.194 0.144 0.185 0.173 0.136 0.095 0.136 0.047 0.151 0.15 0.151 0.119 0.094 0.146 0.196 0.129 0.146 0.094 0 0.002 0 0.15 0.134 0.165 0.172 0.066 0.088 0.16 0.264 0.199 0.126 0.134 0.165 0.272 0.264 0.172 0.066 0.09 0.132 0.077 0.09 0.086 0.077 0.303 0.285 0.198 0.303 0.022 0.198 0.218 0.135 0.201 0.135

1 bet 15, 2 call 15
0 0 0 0 0.119 0 0 0 0 0 0 0 0 0 0 0 0.038 0 0 0 0 0 0 0 0 0 0 0 0 0 0 0 0.829 0.999 0.954 0.779 0.184 0 0 0 0 0 0 0 0.999 0.957 1 0.957 0.998 0 0 0 0 0 0 0 0 0.829 0.779 0.954 0.999 0.184 0.891 0.981 0.924 0.999 0.667 0.896 0.989 0.999 1 1 1 1 0.91 1 0 1 0 0 1 0.209 0.229 0.209 1 1 0.809 0.792 0.917 1 0.665 0.995 0.665 1 0.917 0.792 0.809 0.997 1 1 0.997 0.999 1 0.412 0.999 0 0.412 0 0 0.66 0.136 0.024 0.136

1 bet 15, 2 raise 40
0 0 0 0 0 0 0 0 0 0 0 0 0 0 0 0 0 0 0 0 0 0 0 0 0 0 0 0 0 0 0 0 0 0 0.04 0.01 0 0 0 0 0 0 0 0 0 0.013 0 0.013 0 0 0 0 0 0 0 0 0 0 0.01 0.04 0 0 0.109 0.019 0.076 0.001 0.333 0.104 0.011 0.001 0 0 0 0 0.09 0 0 0 0 0 0 0 0 0 0 0 0.191 0.208 0.083 0 0.335 0.005 0.335 0 0.083 0.208 0.191 0 0 0 0 0.001 0 0 0 0 0 0 0 0.34 0 0 0

1 bet 15, 2 raise 40, 1 call  40
0 0 0 0 0 0 0.998 0 0 0 0.98 0 0 0 0 0 0 0.697 0 0 0 0 0 0 0.126 0 0 0 0.002 0.259 0.325 0.264 0.159 0.006 0 0 0 0 0 0 0 0.291 0.108 0.2 0.108 0.224 0.147 0 0 0 0.126 0 0 0 0 0 0.002 0.264 0.325 0.259 0.159 0.006 0.001 0.001 0.001 0 0.002 0.001 0.001 0.519 0.901 0.519 0 0.235 0.139 0.235 0.008 0.998 0 1 0 0 0.998 0 0 0 0.949 0.771 0.938 0 0.986 0.997 0.972 0 0 0.994 0.771 0.938 0 0 0 0.986 0.09 0.187 0 0.09 0 0 0 0 0 0 0 0 1 0 0 0

2 raise 40, 1 raise  75
0 0 1 0 0 0 0 0 0 0 0 0 0 0 0 0 0 0 0 0 0 0 0 0 0.872 0 0 0 0 0.741 0.675 0.736 0.841 0 0 0 0 0 0 0 1 0.001 0.892 0.8 0.892 0.776 0 0 0 0 0.872 0 0 0 1 1 0 0.736 0.675 0.741 0.841 0 0.999 0.999 0.999 1 0.998 0.999 0.999 0.003 0.067 0.003 1 0.001 0.001 0.001 0.992 0 0 0 0 0 0 0.223 0.234 0.223 0.051 0.001 0.047 1 0.007 0.002 0.028 1 1 0.006 0.001 0.047 1 1 1 0.007 0.043 0.003 1 0.043 1 1 0 0 0 0 0 0 0 0.004 0.004 0.004

root, 1 bet 20
0.295 0.295 0.417 0.277 0.19 0.277 0.055 0.32 0.217 0.32 0.059 0.372 0.244 0.238 0.372 0.277 0.238 0.003 0.185 0.147 0.185 0.186 0.195 0.194 0.359 0.195 0.175 0.117 0.101 0.3 0.326 0.299 0.174 0.06 0.179 0.19 0.188 0.207 0.186 0.133 0.194 0.101 0.244 0.206 0.244 0.171 0.04 0.186 0.195 0.194 0.359 0.195 0.175 0.117 0.237 0.194 0.101 0.299 0.326 0.3 0.174 0.06 0.059 0.02 0.021 0.018 0.144 0.182 0.151 0.05 0.011 0.05 0 0.099 0.095 0.099 0.071 0 0.101 0 0.001 0.101 0 0.001 0.004 0.001 0.274 0.036 0.031 0.293 0.002 0.001 0.008 0.135 0.301 0 0.036 0.031 0.148 0.135 0.293 0.002 0.01 0.022 0.203 0.01 0.197 0.203 0.248 0.18 0.055 0.248 0.007 0.055 0.275 0.192 0.215 0.192

1 bet 20, 2 call 20
0 0 0 0 0 0 0 0 0 0 0 0 0 0 0 0 0 0 0 0 0 0 0 0 0 0 0 0 0 0 0 0 0.166 0.994 0.652 0.632 0.004 0 0 0 0 0 0 0 0.652 0.653 0.999 0.653 0.438 0 0 0 0 0 0 0 0 0.166 0.632 0.652 0.994 0.004 0.821 0.868 0.844 0.903 0.647 0.804 0.982 0.996 0.999 0.999 0.999 0.999 0.998 0.998 0 0.999 0 0 0.998 0 0 0 1 0.999 0.706 0.696 0.717 0.999 0.666 0.905 0.666 0.999 0.717 0.696 0.706 0.782 0.998 0.998 0.782 0.998 0.998 0 0.116 0 0 0 0 0.913 0 0 0

1 bet 20, 2 raise 50
0 0 0 0 0 0 0 0 0 0 0 0 0 0 0 0 0 0 0 0 0 0 0 0 0 0 0 0 0 0 0 0 0 0 0.019 0.004 0 0 0 0 0 0 0 0 0 0 0 0 0 0 0 0 0 0 0 0 0 0 0.004 0.019 0 0 0.179 0.132 0.156 0.097 0.352 0.196 0.018 0.004 0.001 0 0 0 0.002 0 0 0 0 0 0 0 0 0 0 0.001 0.294 0.304 0.283 0.001 0.334 0.095 0.334 0.001 0.283 0.304 0.294 0 0 0.002 0 0.002 0.002 0 0 0 0 0 0 0.087 0 0 0

1 bet 20, 2 raise 50, 1 call  50
0 0 0 0 0 0 0.999 0 0 0 0.999 0 0 0 0 0 0 0.999 0 0 0 0 0 0 0.61 0 0 0 0.003 0.211 0.234 0.213 0.307 0.004 0 0 0 0 0 0 0 0.927 0.141 0.172 0.141 0.275 0.972 0 0 0 0.61 0 0 0 0 0 0.003 0.213 0.234 0.211 0.307 0.004 0.755 0.758 0.758 0.604 0.726 0.726 0.73 0.085 0.347 0.085 0.485 0 0 0 0.765 0.999 0 1 0 0 0.999 0 0 0 0.999 0.937 0.846 0 0.976 0.998 0.964 0 0 0.989 0.937 0.846 0 0 0 0.976 0.795 0.999 0 0.795 0 0 0 0 0 0 0 0 1 0 0 0

2 raise 50, 1 raise  70
0 0 1 0 0 0 0 0 0 0 0 0 0 0 0 0 0 0 0 0 0 0 0 0 0.389 0 0 0 0 0.789 0.766 0.787 0.693 0 0 0 0 0 0 0 1 0.001 0.859 0.828 0.859 0.725 0.001 0 0 0 0.389 0 0 0 1 1 0 0.787 0.766 0.789 0.693 0 0.245 0.242 0.242 0.396 0.274 0.274 0.27 0.008 0.045 0.008 0.515 0.001 0.001 0.001 0.235 0 0 0 0 0 0 0.369 0.397 0.369 0.001 0.001 0.016 1 0.006 0.002 0.036 1 1 0.011 0.001 0.016 1 1 1 0.006 0.001 0.001 1 0.001 1 1 0 0 0 0 0 0 0 0.032 0.11 0.032

root, 1 bet 25
0 0 0.287 0.124 0.003 0.124 0 0.176 0.011 0.176 0 0.227 0.058 0.001 0.227 0.001 0.001 0 0.001 0 0.001 0.079 0.051 0.077 0 0.021 0.019 0.002 0 0.048 0.017 0.04 0.076 0 0.028 0.004 0.028 0.002 0.002 0 0.075 0 0.03 0 0.03 0.011 0 0.079 0.051 0.077 0 0.021 0.019 0.002 0.141 0.075 0 0.04 0.017 0.048 0.076 0 0 0 0 0 0 0 0 0 0 0 0 0 0 0 0 0 0 0 0 0 0 0 0.001 0 0 0 0 0.18 0 0 0 0 0.133 0 0 0 0 0 0.18 0 0.001 0.001 0.036 0.001 0.035 0.036 0.001 0 0 0.001 0 0 0 0.103 0.016 0.103

1 bet 25, 2 call 25
0 0 0 0 0 0 0 0 0 0 0 0 0 0 0 0 0 0 0 0 0 0 0 0 0 0 0 0 0 0 0 0 0 0.693 0.467 0.586 0 0 0 0 0 0 0 0 0.009 0.518 0.999 0.518 0.005 0 0 0 0 0 0 0 0 0 0.586 0.467 0.693 0 0.428 0.452 0.44 0.006 0.948 0.989 0.992 0.994 0.01 0.778 0.684 0.778 0.024 0.994 0 0.997 0 0 0.994 0 0 0 0.001 0.886 0.567 0.533 0.638 0.998 0.541 0.488 0.541 0.886 0.638 0.533 0.567 0.114 0.502 0.454 0.114 0.61 0.454 0 0 0 0 0 0 0.325 0 0 0

1 bet 25, 2 raise 90
0 0 0 0 0 0 0 0 0 0 0 0 0 0 0 0 0 0 0 0 0 0 0 0 0 0 0 0 0 0 0 0 0 0.006 0.001 0.004 0 0 0 0 0 0 0 0 0 0.001 0.001 0.001 0 0 0 0 0 0 0 0 0 0 0.004 0.001 0.006 0 0.572 0.547 0.559 0.994 0.051 0.011 0.007 0.005 0.99 0 0 0 0.976 0 0 0 0 0 0 0 0 0 0.999 0.004 0.433 0.467 0.362 0.002 0.459 0.512 0.459 0.004 0.362 0.467 0.433 0 0 0.546 0 0.39 0.546 0 0 0 0 0 0 0.675 0 0 0

1 bet 25, 2 raise 90, 1 call  90
0 0 1 0 0 0 0.001 0 0 0 0 0 0 0 0 0 0 0 0 0.001 0 0 0 0 0.998 0 0 0 0.008 1 1 1 1 0 0 0 0 0 0 0 1 1 1 1 1 1 0.001 0 0 0 0.998 0 0 0 1 1 0.008 1 1 1 1 0 1 1 1 1 1 1 1 0.513 0.566 0.513 1 0.017 0.038 0.017 1 0 0.539 0.001 0.686 0.539 0 0.998 0.998 0.998 1 1 1 1 1 1 1 1 1 1 1 1 1 1 1 1 1 1 1 1 1 1 0 0 0 0 0 0 1 0.518 0.586 0.518
