game = '6-max Cash', preflop situation = 'EP openraise BB 3bet EP call', stack = '90', pot = '20', bets = '33 50 75 100 125'

OOP preflop range
6c5c_0.25 6d5d_0.25 6s5s_0.25 7c6c_0.25 7d6d_0.25 7s6s_0.25 8c7c_0.25 8d7d_0.25 8h7h_0.25 8s7s_0.25 9c8c_0.25 9d8d_0.25 9d9c_0.25 9h8h_0.25 9h9c_0.25 9h9d_0.25 9s8s_0.25 9s9c_0.25 9s9d_0.25 9s9h_0.25 Ac2c_0.50 Ac3c_0.25 Ac4c_0.25 Ac5c_0.25 Ac6c_0.50 Ac7c_0.50 Ac8c_0.25 AcJc_0.50 AcKc_1 AcKd_0.50 AcKh_0.50 AcKs_0.50 AcTc_0.25 Ad2d_0.50 Ad3d_0.25 Ad4d_0.25 Ad5d_0.25 Ad6d_0.50 Ad7d_0.50 Ad8d_0.25 AdAc_1 AdJd_0.50 AdKc_0.50 AdKd_1 AdKh_0.50 AdKs_0.50 AdTd_0.25 Ah2h_0.50 Ah3h_0.25 Ah4h_0.25 Ah5h_0.25 Ah7h_0.50 Ah8h_0.25 AhAc_1 AhAd_1 AhJh_0.50 AhKc_0.50 AhKd_0.50 AhKh_1 AhKs_0.50 AhQh_1 AhTh_0.25 As2s_0.50 As3s_0.25 As4s_0.25 As5s_0.25 As6s_0.50 As7s_0.50 As8s_0.25 AsAc_1 AsAd_1 AsAh_1 AsJs_0.50 AsKc_0.50 AsKd_0.50 AsKh_0.50 AsKs_1 AsQs_1 AsTs_0.25 JcTc_0.25 JdJc_0.75 JdTd_0.25 JhJc_0.75 JhJd_0.75 JhTh_0.25 JsJc_0.75 JsJd_0.75 JsJh_0.75 JsTs_0.25 Kc9c_0.25 KcJc_0.50 KcTc_0.25 Kd9d_0.25 KdJd_0.50 KdKc_1 KdTd_0.25 Kh9h_0.25 KhJh_0.50 KhKc_1 KhKd_1 KhQh_1 KhTh_0.25 Ks9s_0.25 KsJs_0.50 KsKc_1 KsKd_1 KsKh_1 KsQs_1 KsTs_0.25 QhJh_0.50 QsJs_0.50 QsQh_1 Tc9c_0.25 Td9d_0.25 TdTc_0.50 Th9h_0.25 ThTc_0.50 ThTd_0.50 Ts9s_0.25 TsTc_0.50 TsTd_0.50 TsTh_0.50

IP preflop range
6d6c_0.25 6s6c_0.25 6s6d_0.25 7d7c_0.50 7h7c_0.50 7h7d_0.50 7s7c_0.50 7s7d_0.50 7s7h_0.50 8d8c_1 8h8c_1 8h8d_1 8s8c_1 8s8d_1 8s8h_1 9d9c_1 9h9c_1 9h9d_1 9s9c_1 9s9d_1 9s9h_1 Ac2c_1 Ac3c_1 Ac4c_1 Ac5c_1 Ac6c_1 Ac7c_1 Ac8c_1 Ac9c_1 AcJc_1 AcQh_1 AcQs_1 AcTc_1 Ad2d_1 Ad3d_1 Ad4d_1 Ad5d_1 Ad6d_1 Ad7d_1 Ad8d_1 Ad9d_1 AdJd_1 AdQh_1 AdQs_1 AdTd_1 Ah2h_1 Ah3h_1 Ah4h_1 Ah5h_1 Ah7h_1 Ah8h_1 Ah9h_1 AhJh_1 AhQh_0.75 AhQs_1 AhTh_1 As2s_1 As3s_1 As4s_1 As5s_1 As6s_1 As7s_1 As8s_1 As9s_1 AsJs_1 AsQh_1 AsQs_0.75 AsTs_1 JcTc_0.50 JdJc_1 JdTd_0.50 JhJc_1 JhJd_1 JhTh_0.50 JsJc_1 JsJd_1 JsJh_1 JsTs_0.50 KcJc_1 KcQh_0.50 KcQs_0.50 KdJd_1 KdQh_0.50 KdQs_0.50 KhJh_1 KhQh_1 KhQs_0.50 KsJs_1 KsQh_0.50 KsQs_1 QhJh_0.50 QsJs_0.50 QsQh_1 Tc9c_0.25 Td9d_0.25 TdTc_1 Th9h_0.25 ThTc_1 ThTd_1 Ts9s_0.25 TsTc_1 TsTd_1 TsTh_1

root, 1 check
0.192 0.192 0.542 0.293 0.293 0.489 0.053 0.053 0.033 0.105 0.148 0.148 0.373 0.177 0.349 0.35 0.311 0.376 0.376 0.365 0.125 0.125 0.121 0.12 0.17 0.19 0.284 0.165 0.104 0.532 0.268 0.283 0.385 0.125 0.125 0.121 0.12 0.17 0.19 0.284 0.031 0.165 0.532 0.104 0.268 0.283 0.385 0.095 0.094 0.091 0.087 0.138 0.231 0.067 0.067 0.223 0.416 0.416 0.114 0.271 0 0.412 0.985 0.986 0.988 0.99 0.314 0.693 0.684 0.145 0.145 0.15 0.258 0.259 0.259 0.226 0.175 0.102 0.841 0.026 0.222 0.026 0.193 0.193 0.081 0.181 0.181 0.207 0.136 0.033 0.061 0.025 0.033 0.061 0.116 0.025 0.044 0.128 0.05 0.05 0.226 0.036 0.118 0.24 0.077 0.077 0.073 0.228 0.135 0.303 0.304 0.406 0.166 0.166 0.298 0.182 0.284 0.284 0.62 0.288 0.288 0.29

1 check, 2 check
0.32 0 0 0.634 0.596 0.596 0.928 0.928 0.807 0.641 0.631 0.631 0.761 0.761 0.741 0.794 0.765 0.765 0.829 0.829 0.814 0.114 0.104 0.106 0.129 0.808 0.383 0.697 0.627 0.659 0 0 0.552 0.114 0.104 0.106 0.129 0.808 0.383 0.697 0.627 0.659 0 0 0.552 0.154 0.147 0.15 0.147 0.381 0.744 0.698 0.577 0 0 0.692 0.321 0.322 0.322 0.791 0.831 0.955 0.968 0.981 0.35 0.058 0.078 0.652 0.239 0.621 0.239 0.561 0.561 0.107 0.513 0.513 0.408 0.124 0.36 0.289 0.268 0.36 0.289 0.268 0.148 0.249 0.243 0.112 0.254 0.201 0.363 0.29 0.568 0.258 0.258 0.824 0.265 0.768 0.768 0.434 0.605 0.605 0.59

1 check, 2 bet 7
0.478 0.572 0.572 0.201 0.203 0.203 0.04 0.04 0.117 0.201 0.207 0.207 0.151 0.151 0.158 0.145 0.153 0.153 0.121 0.121 0.125 0.345 0.347 0.347 0.382 0.161 0.356 0.198 0.238 0.209 0.349 0.398 0.293 0.345 0.347 0.347 0.382 0.161 0.356 0.198 0.238 0.209 0.349 0.398 0.293 0.377 0.379 0.378 0.377 0.344 0.174 0.173 0.238 0.399 0.4 0.203 0.245 0.244 0.244 0.132 0.145 0.022 0.011 0.013 0.379 0.298 0.317 0.138 0.277 0.281 0.277 0.311 0.311 0.324 0.325 0.325 0.348 0.517 0.211 0.26 0.28 0.211 0.26 0.28 0.342 0.305 0.313 0.376 0.304 0.323 0.524 0.495 0.427 0.279 0.279 0.161 0.357 0.196 0.196 0.377 0.265 0.265 0.282

2 bet 7, 1 call 7
0.857 0.857 0 0.96 0.96 0.005 0.042 0.042 0.124 0 0.127 0.127 0.98 0.061 0.941 0.941 0 0.854 0.854 0.825 0 0 0 0 0.891 0 0 0.999 0.756 0.357 0.609 0.626 0.992 0 0 0 0 0.891 0 0 0.901 0.999 0.357 0.756 0.609 0.626 0.992 0 0 0 0 0 0 0.964 0.964 0.998 0.353 0.353 0.816 0.58 0.001 0.998 0 0 0 0 0.887 0 0 0.641 0.642 0.612 0.972 0.582 0.582 0.374 0.534 0.001 0.269 0.001 0.627 0.001 0.555 0.555 0.003 0.633 0.633 0.546 0.595 0.068 0 0.002 0.068 0 0.427 0.002 0.038 0.001 0.005 0.005 0.502 0.002 0.003 0.043 0.001 0.001 0.001 0.551 0.33 0.537 0.492 0.999 0.102 0.102 0.736 0.019 0.764 0.763 0 0.694 0.694 0.692

2 bet 7, 1 raise 24
0.143 0.143 0 0.04 0.04 0.001 0.007 0.007 0.001 0 0.012 0.012 0.02 0.001 0.059 0.059 0 0.146 0.146 0.175 0 0 0 0 0.109 0 0 0.001 0.244 0.009 0.373 0.103 0 0 0 0 0 0.109 0 0 0.099 0.001 0.009 0.244 0.373 0.103 0 0 0 0 0 0 0 0.036 0.036 0.002 0.082 0.082 0.184 0.188 0.999 0 0 0 0 0 0.111 0 0 0.359 0.358 0.388 0.028 0.416 0.416 0.625 0.466 0.999 0 0.999 0.373 0.999 0.445 0.445 0.997 0.367 0.367 0.454 0.405 0.931 0.999 0.998 0.931 0.999 0.573 0.998 0.962 0.999 0.995 0.995 0.498 0.998 0.112 0.957 0.999 0.999 0.999 0.449 0.495 0.463 0.508 0.001 0.289 0.289 0.264 0.006 0.236 0.237 0 0.306 0.306 0.308

2 bet 7, 1 raise 24, 2 call 24
0.884 0.926 0.926 0.998 0.998 0.998 0.999 0.999 0.999 0.939 0.94 0.94 0.951 0.951 0.953 0.998 0.999 0.999 0.999 0.999 1 0.201 0.201 0.202 0.161 0.987 0.189 0.218 0.092 0.534 0.871 0.99 0.305 0.201 0.202 0.202 0.161 0.987 0.189 0.218 0.092 0.535 0.871 0.99 0.305 0.184 0.183 0.183 0.187 0.217 0.178 0.102 0.606 0.998 0.998 0.317 0.025 0.025 0.025 0.015 0.832 0.005 0.009 0.002 0.324 0.531 0.673 0.308 0.001 1 0.001 1 1 0.001 1 1 1 0 0.993 0.988 0.993 0.993 0.988 0.993 0.847 0.687 0.76 0.708 0.67 0.71 1 1 1 0.001 0.001 1 0 1 1 0 1 1 1

1 raise 24, 2 raise 83
0.116 0.074 0.074 0 0 0 0 0 0 0 0 0 0 0 0 0 0 0 0 0 0 0.022 0.022 0.022 0.005 0.013 0.009 0.016 0.001 0 0.129 0.01 0.007 0.022 0.022 0.022 0.005 0.013 0.009 0.016 0.001 0 0.129 0.01 0.007 0.027 0.027 0.027 0.027 0.029 0.029 0.001 0.001 0.002 0.002 0.001 0.089 0.089 0.089 0.085 0.168 0.082 0.086 0.003 0.001 0.469 0.327 0.008 0 0 0 0 0 0 0 0 0 0 0.003 0.012 0.007 0.003 0.012 0.007 0.112 0.313 0.24 0.1 0.33 0.29 0 0 0 0 0 0 0 0 0 0 0 0 0

1 check, 2 bet 10
0.187 0.293 0.293 0.128 0.146 0.146 0.028 0.028 0.06 0.11 0.117 0.117 0.066 0.066 0.074 0.045 0.059 0.059 0.045 0.045 0.05 0.256 0.258 0.258 0.286 0.031 0.252 0.1 0.09 0.129 0.347 0.349 0.079 0.256 0.258 0.258 0.286 0.031 0.252 0.1 0.09 0.129 0.347 0.349 0.079 0.249 0.251 0.25 0.249 0.209 0.08 0.074 0.176 0.354 0.337 0.067 0.196 0.196 0.196 0.068 0.024 0.022 0.019 0.005 0.209 0.293 0.305 0.115 0.289 0.095 0.289 0.12 0.12 0.342 0.134 0.134 0.195 0.285 0.222 0.245 0.245 0.222 0.245 0.245 0.253 0.222 0.212 0.249 0.203 0.226 0.113 0.209 0.004 0.172 0.171 0.012 0.179 0.029 0.029 0.079 0.118 0.118 0.107

2 bet 10, 1 call 10
0.984 0.984 0 0.992 0.992 0 0 0 0 0 0 0 0.983 0 0.993 0.993 0 0.922 0.922 0.928 0 0 0 0 0.98 0 0 1 0.922 0.063 0.592 0.484 0.558 0 0 0 0 0.98 0 0 1 1 0.063 0.922 0.592 0.484 0.558 0 0 0 0 0 0 1 1 1 0.148 0.148 0.975 0.47 0.002 0.629 0 0 0 0 0.713 0 0 0.807 0.807 0.8 0.997 0.702 0.702 0.572 0.672 0.001 0.001 0.154 0.846 0.154 0.723 0.723 0.386 0.876 0.877 0.93 0.001 0.001 0.094 0.012 0.001 0.094 0.662 0.012 0.001 0.151 0.086 0.087 0.74 0.005 0 0.208 0.005 0.005 0.005 0.878 0 0.675 0.703 1 0 0 0.905 0 0.956 0.956 0 0.795 0.795 0.789

2 bet 10, 1 raise 30
0.016 0.016 0 0.008 0.008 0 0 0 0 0 0 0 0.017 0 0.007 0.007 0 0.078 0.078 0.072 0 0 0 0 0.02 0 0 0 0.078 0.012 0.2 0.107 0 0 0 0 0 0.02 0 0 0 0 0.012 0.078 0.2 0.107 0 0 0 0 0 0 0 0 0 0 0.045 0.045 0.025 0.185 0.998 0 0 0 0 0 0.113 0 0 0.193 0.193 0.2 0.001 0.245 0.246 0.427 0.324 0.999 0 0.84 0.154 0.84 0.277 0.277 0.608 0.124 0.123 0.07 0.01 0.886 0.906 0.985 0.887 0.906 0.338 0.985 0.995 0.849 0.914 0.913 0.26 0.992 0.001 0.779 0.995 0.995 0.995 0.122 0.009 0.325 0.297 0 0.001 0.001 0.095 0 0.044 0.044 0 0.205 0.205 0.211

2 bet 10, 1 raise 30, 2 call 30
0.998 0.997 0.997 0.909 0.945 0.945 0.985 0.985 0.993 0.783 0.777 0.777 0.806 0.806 0.799 0.999 0.999 0.999 0.999 0.999 0.999 0.143 0.143 0.143 0.12 0.997 0.152 0.177 0.146 0.409 0.639 0.73 0.296 0.143 0.143 0.143 0.12 0.997 0.152 0.177 0.146 0.409 0.639 0.73 0.296 0.143 0.142 0.143 0.146 0.192 0.185 0.146 0.385 0.973 0.849 0.354 0.056 0.056 0.056 0.039 0.976 0.056 0.108 0.162 0.251 0.416 0.463 0.298 0 1 0 1 1 0 1 1 1 0 0.471 0.662 0.718 0.471 0.662 0.718 0.49 0.505 0.538 0.461 0.486 0.476 1 1 1 0.004 0.004 0.999 0 0.999 0.999 0 0.999 0.999 0.999

1 raise 30, 2 raise 80
0.002 0.003 0.003 0 0 0 0 0 0 0.001 0.001 0.001 0 0 0 0 0 0 0 0 0 0.084 0.084 0.084 0.061 0.003 0.069 0.079 0.017 0.001 0.361 0.27 0.216 0.084 0.084 0.084 0.061 0.003 0.069 0.079 0.017 0.001 0.361 0.27 0.216 0.072 0.072 0.072 0.071 0.069 0.067 0.007 0.001 0.027 0.151 0.141 0.026 0.026 0.026 0.026 0.024 0.026 0.026 0.029 0.001 0.584 0.537 0.264 0 0 0 0 0 0 0 0 0 0 0.099 0.338 0.282 0.099 0.338 0.282 0.155 0.495 0.462 0.135 0.514 0.524 0 0 0 0 0 0.001 0 0.001 0.001 0 0.001 0.001 0.001

1 check, 2 bet 15
0.006 0.121 0.121 0.037 0.055 0.055 0.004 0.004 0.016 0.044 0.042 0.042 0.02 0.02 0.024 0.016 0.023 0.023 0.005 0.005 0.011 0.231 0.234 0.233 0.187 0 0.009 0.004 0.045 0.002 0.246 0.225 0.068 0.231 0.234 0.233 0.187 0 0.009 0.004 0.045 0.002 0.246 0.225 0.068 0.189 0.191 0.191 0.192 0.063 0.001 0.054 0.008 0.215 0.233 0.037 0.12 0.12 0.12 0.002 0 0.001 0.001 0 0.059 0.186 0.174 0.095 0.191 0.002 0.191 0.007 0.007 0.207 0.029 0.029 0.049 0.07 0.188 0.177 0.188 0.188 0.177 0.188 0.22 0.183 0.201 0.197 0.168 0.191 0.001 0.006 0 0.198 0.198 0.003 0.138 0.007 0.007 0.05 0.012 0.012 0.022

2 bet 15, 1 call 15
0.164 0.164 0 0.492 0.492 0 0 0 0 0 0 0 0.992 0 0.995 0.995 0 0.986 0.986 0.992 0 0 0 0 1 0 0 0.731 0.999 0.021 0.385 0.419 0.166 0 0 0 0 1 0 0 1 0.731 0.021 0.999 0.385 0.419 0.166 0 0 0 0 0 0 1 1 0.993 0.027 0.027 0.964 0.445 0.998 0.074 0 0 0 0 0.358 0 0 0.992 0.992 0.987 0.652 0.467 0.467 0.84 0.815 0.312 0.007 0 0.999 0 0.998 0.998 0 0.998 0.998 0.998 0 0 0.134 0 0 0.134 0.948 0 0 0.226 0.37 0.37 1 0.001 0 0 0.124 0.124 0.002 1 0 1 1 1 0 0 0.993 0 0.992 0.992 0 0.96 0.96 0.936

2 bet 15, 1 raise 40
0.001 0.001 0.003 0.002 0.002 0.003 0.002 0.002 0.001 0.001 0.001 0.001 0.008 0.001 0.005 0.005 0.001 0.014 0.014 0.007 0.001 0.001 0.001 0.001 0 0.001 0 0 0 0.011 0.034 0.044 0 0.001 0.001 0.001 0.001 0 0.001 0 0 0 0.011 0 0.034 0.044 0 0 0 0 0 0 0 0 0 0 0.007 0.007 0.036 0.031 0.002 0 0.001 0.001 0.001 0.001 0.004 0.001 0.001 0.008 0.008 0.013 0.001 0.203 0.203 0.156 0.181 0.688 0.001 0.001 0.001 0.001 0.002 0.002 0 0.002 0.002 0.002 0.001 0.045 0.605 0.021 0.045 0.605 0.052 0.021 0.117 0.478 0.63 0.63 0 0.086 0.111 0.435 0.876 0.876 0.998 0 0.066 0 0 0 0.001 0.001 0.006 0 0.008 0.008 0.001 0.039 0.039 0.063

2 bet 15, 1 raise 40, 2 call 40
0.984 0.901 0.901 0.464 0.469 0.469 0.47 0.47 0.479 0.373 0.371 0.371 0.377 0.377 0.375 0.59 0.588 0.588 0.581 0.581 0.581 0.046 0.046 0.046 0.052 0.203 0.098 0.11 0.114 0.248 0.223 0.283 0.258 0.046 0.046 0.046 0.052 0.203 0.098 0.11 0.114 0.248 0.223 0.283 0.258 0.051 0.051 0.052 0.055 0.104 0.127 0.105 0.182 0.433 0.323 0.272 0.041 0.041 0.041 0.044 0.503 0.074 0.091 0.103 0.003 0.2 0.27 0.236 0 0.596 0 0.586 0.586 0 0.572 0.572 0.594 0 0.108 0.201 0.222 0.108 0.201 0.222 0.11 0.217 0.238 0.064 0.206 0.186 0.702 0.491 0.998 0 0 0.814 0 0.812 0.812 0 0.825 0.825 0.822

1 raise 40, 2 raise 75
0.016 0.099 0.099 0.055 0.062 0.062 0.024 0.024 0.025 0.132 0.133 0.133 0.109 0.109 0.11 0.095 0.082 0.082 0.058 0.058 0.042 0.103 0.103 0.103 0.085 0.797 0.062 0.094 0.073 0.266 0.777 0.717 0.255 0.103 0.103 0.103 0.085 0.797 0.062 0.094 0.073 0.266 0.777 0.717 0.255 0.11 0.11 0.11 0.109 0.111 0.095 0.067 0.053 0.567 0.677 0.241 0.04 0.04 0.04 0.034 0.497 0.034 0.037 0.031 0.001 0.8 0.73 0.153 0.002 0.404 0.002 0.413 0.413 0.002 0.426 0.426 0.396 0 0.404 0.799 0.778 0.404 0.799 0.778 0.268 0.783 0.762 0.307 0.794 0.814 0.298 0.509 0.002 0.003 0.003 0.185 0.003 0.187 0.187 0.002 0.174 0.174 0.177

1 check, 2 bet 20
0.009 0.015 0.015 0 0 0 0 0 0.001 0.003 0.003 0.003 0.002 0.002 0.003 0 0 0 0 0 0 0.055 0.056 0.056 0.016 0 0 0.001 0 0.001 0.058 0.029 0.009 0.055 0.056 0.056 0.016 0 0 0.001 0 0.001 0.058 0.029 0.009 0.031 0.032 0.032 0.035 0.003 0.001 0 0 0.032 0.031 0 0.118 0.118 0.118 0.006 0 0 0 0 0.002 0.165 0.125 0 0.003 0 0.003 0 0 0.02 0 0 0 0.004 0.019 0.028 0.019 0.019 0.028 0.019 0.036 0.041 0.031 0.066 0.071 0.06 0 0 0 0.093 0.093 0 0.062 0 0 0.06 0 0 0

2 bet 20, 1 call 20
0.005 0.005 0 0.137 0.137 0 0 0 0 0 0.001 0.001 0.584 0 0.605 0.605 0 0.64 0.64 0.666 0 0 0 0 0.84 0 0 0.291 0.887 0 0.269 0.309 0.127 0 0 0 0 0.84 0 0 1 0.291 0 0.887 0.269 0.309 0.127 0.002 0.002 0.002 0.001 0.007 0.012 0.999 0.999 0.435 0.006 0.006 0.996 0.247 0.999 0.029 0 0 0 0 0.189 0.003 0.007 0.819 0.819 0.765 0.245 0.231 0.231 0.466 0.471 0.48 0.045 0 0.773 0 0.843 0.843 0 0.929 0.929 0.995 0 0 0.002 0.001 0 0.002 0.548 0.001 0 0.008 0.312 0.312 0.999 0.002 0 0 0.176 0.176 0.03 0.999 0 1 0.999 1 0.001 0.001 0.647 0 0.67 0.67 0 0.643 0.643 0.642

2 bet 20, 1 raise 50
0.001 0.001 0.002 0.003 0.003 0.016 0.001 0.001 0.001 0.001 0.001 0.001 0.074 0.001 0.072 0.072 0.001 0.069 0.069 0.066 0 0 0 0 0 0 0 0 0 0.003 0.019 0 0 0 0 0 0 0 0 0 0 0 0.003 0 0.019 0 0 0 0 0 0 0 0 0.001 0.001 0 0.001 0.001 0 0 0.001 0 0.002 0.002 0.002 0.002 0.006 0.002 0.001 0.181 0.181 0.235 0 0.179 0.178 0.215 0.251 0.52 0.001 0.156 0.198 0.156 0.149 0.149 0.018 0.011 0.011 0.004 0.002 0.396 0.531 0.437 0.396 0.531 0.452 0.437 0.552 0.674 0.688 0.688 0.001 0.518 0.342 0.456 0.824 0.824 0.97 0.001 0.314 0 0.001 0 0.002 0.002 0.144 0.002 0.141 0.141 0.001 0.132 0.132 0.139

2 bet 20, 1 raise 50, 2 call 50
0.037 0.025 0.025 0.02 0.021 0.021 0.015 0.015 0.014 0.009 0.009 0.009 0.006 0.006 0.006 0.328 0.316 0.316 0.218 0.218 0.202 0 0 0 0 0 0.001 0 0.005 0.003 0.001 0.012 0 0 0 0 0 0 0.001 0 0.005 0.003 0.001 0.012 0 0.005 0.005 0.005 0.006 0.007 0.005 0.012 0.002 0.024 0.006 0.001 0.001 0.001 0.001 0.001 0 0.001 0 0 0.001 0.002 0.012 0 0 0.2 0 0.237 0.237 0 0.194 0.194 0.176 0 0.04 0.001 0.001 0.04 0.001 0.001 0.001 0.001 0.001 0 0.001 0.004 0.004 0.031 0.998 0 0 0.04 0 0.043 0.043 0 0.05 0.05 0.056

1 raise 50, 2 raise 70
0.963 0.975 0.975 0.001 0.001 0.001 0 0 0 0.001 0.001 0.001 0.001 0.001 0.001 0.001 0.001 0.001 0.001 0.001 0.001 0.143 0.143 0.143 0.141 1 0.135 0.15 0.199 0.994 0.999 0.988 0.877 0.143 0.143 0.143 0.141 1 0.135 0.15 0.199 0.994 0.999 0.988 0.877 0.094 0.094 0.094 0.094 0.097 0.097 0.119 0.769 0.976 0.994 0.703 0.052 0.052 0.052 0.018 1 0.008 0.021 0.01 0.236 0.998 0.988 0.413 0 0.8 0 0.763 0.763 0 0.805 0.806 0.824 0 0.807 0.999 0.999 0.807 0.999 0.999 0.386 0.999 0.999 0.005 0.999 0.996 0.996 0.969 0.002 0 0 0.96 0 0.956 0.956 0 0.949 0.949 0.944

1 check, 2 bet 25
0 0 0 0 0 0 0 0 0 0 0 0 0 0 0 0 0 0 0 0 0 0 0 0 0 0 0 0 0 0 0 0 0 0 0 0 0 0 0 0 0 0 0 0 0 0 0 0 0 0 0 0 0 0 0 0 0 0 0 0 0 0 0 0 0 0 0 0 0 0 0 0 0 0 0 0 0 0 0 0 0 0 0 0 0 0 0 0 0 0 0 0 0 0 0 0 0 0 0 0 0 0 0

2 bet 25, 1 call 25
0.091 0.091 0.001 0.168 0.168 0.002 0.001 0.001 0.002 0.002 0.001 0.001 0.572 0.001 0.579 0.579 0.002 0.578 0.578 0.586 0.002 0.002 0.002 0.002 0.438 0.002 0.002 0.102 0.288 0.054 0.191 0.231 0.002 0.002 0.002 0.002 0.002 0.438 0.002 0.002 0.701 0.102 0.054 0.288 0.191 0.231 0.002 0.001 0.001 0.001 0.001 0.001 0.001 0.678 0.678 0.071 0.09 0.09 0.302 0.266 0.587 0.001 0.002 0.002 0.002 0.002 0.144 0.003 0.002 0.554 0.554 0.542 0.002 0.074 0.074 0.127 0.142 0.496 0.002 0.002 0.376 0.002 0.374 0.374 0.002 0.389 0.389 0.393 0.002 0.001 0.001 0.001 0.001 0.001 0.266 0.001 0 0.001 0.227 0.227 0.736 0.001 0.001 0.002 0.196 0.196 0.161 0.688 0.002 0.708 0.649 1 0.001 0.001 0.408 0.001 0.412 0.412 0.002 0.407 0.407 0.413

2 bet 25, 1 raise 90
0.007 0.007 0.006 0.008 0.008 0.007 0.112 0.112 0.025 0.007 0.185 0.186 0.103 0.16 0.094 0.094 0.007 0.084 0.084 0.074 0.008 0.008 0.008 0.008 0.014 0.009 0.009 0.007 0.226 0.007 0.006 0.083 0.009 0.008 0.008 0.008 0.008 0.014 0.009 0.009 0.294 0.007 0.007 0.226 0.006 0.083 0.009 0.005 0.005 0.005 0.005 0.005 0.005 0.263 0.263 0.003 0.005 0.005 0.235 0.003 0.413 0.005 0.007 0.007 0.007 0.007 0.006 0.007 0.007 0.426 0.426 0.39 0.006 0.075 0.075 0.262 0.319 0.504 0.007 0.01 0.486 0.01 0.463 0.463 0.006 0.384 0.384 0.361 0.006 0.342 0.326 0.294 0.342 0.326 0.713 0.294 0.444 0.417 0.751 0.751 0.264 0.362 0.189 0.084 0.781 0.781 0.816 0.312 0.049 0.292 0.351 0 0.214 0.214 0.219 0.105 0.191 0.191 0.007 0.182 0.182 0.151

2 bet 25, 1 raise 90, 2 call 90
1 1 1 0 0 0 0 0 0 0 0 0 0 0 0 0 0 0 0 0 0 0 0 0 0 0.013 0 0 0 0 1 1 0 0 0 0 0 0.013 0 0 0 0 1 1 0 0 0 0 0 0 0 0 0 1 1 0 0 0 0 0 0 0 0 0 0 1 1 0 0 1 0 1 1 0 1 1 1 0 0 1 1 0 1 1 0 1 1 0 1 1 1 1 1 0 0 0 0 0 0 0 0.001 0.001 0.001

root, 1 bet 7
0.134 0.134 0.171 0.217 0.217 0.263 0.261 0.261 0.243 0.333 0.335 0.335 0.449 0.323 0.44 0.439 0.269 0.426 0.426 0.396 0.262 0.26 0.258 0.264 0.239 0.297 0.411 0.235 0.224 0.207 0.219 0.23 0.439 0.262 0.26 0.258 0.264 0.239 0.297 0.411 0.214 0.235 0.207 0.224 0.219 0.23 0.439 0.226 0.221 0.222 0.217 0.267 0.411 0.284 0.284 0.236 0.204 0.204 0.206 0.211 0.125 0.446 0.007 0.007 0.006 0.005 0.168 0.125 0.15 0.278 0.278 0.314 0.298 0.2 0.2 0.226 0.29 0.137 0.159 0.416 0.379 0.416 0.386 0.386 0.405 0.371 0.371 0.365 0.394 0.287 0.251 0.34 0.287 0.251 0.262 0.34 0.236 0.277 0.244 0.244 0.323 0.337 0.32 0.328 0.261 0.261 0.248 0.316 0.506 0.359 0.337 0.462 0.343 0.343 0.455 0.348 0.449 0.449 0.24 0.418 0.418 0.414

1 bet 7, 2 call 7
0.997 0.996 0.996 0.995 0.991 0.991 0.995 0.995 0.992 0.868 0.887 0.887 0.881 0.881 0.901 0.92 0.917 0.917 0.932 0.932 0.929 0.15 0.151 0.159 0.121 0.858 0.296 0.362 0.403 0.978 0.571 0.717 0.907 0.15 0.151 0.159 0.121 0.858 0.296 0.362 0.403 0.978 0.571 0.717 0.907 0.134 0.13 0.144 0.159 0.397 0.438 0.472 0.946 0.625 0.611 0.919 0.069 0.065 0.071 0.053 0.813 0.071 0.127 0.201 0.796 0.439 0.584 0.768 0.731 0.959 0.731 0.974 0.974 0.701 0.936 0.936 0.96 0.784 0.769 0.917 0.97 0.769 0.917 0.97 0.818 0.823 0.826 0.812 0.65 0.745 0.89 0.635 0.998 0.989 0.989 0.882 0.641 0.891 0.891 0 0.925 0.925 0.935

1 bet 7, 2 raise 24
0.003 0.004 0.004 0.004 0.008 0.008 0.003 0.003 0.007 0.127 0.108 0.108 0.115 0.115 0.095 0.08 0.082 0.082 0.067 0.067 0.071 0.147 0.147 0.146 0.101 0.142 0.005 0.003 0.006 0.022 0.429 0.283 0.087 0.147 0.147 0.146 0.101 0.142 0.005 0.003 0.006 0.022 0.429 0.283 0.087 0.133 0.134 0.132 0.134 0.06 0.003 0.013 0.054 0.375 0.389 0.076 0.124 0.125 0.124 0.08 0.187 0.012 0.024 0.026 0.204 0.561 0.416 0.094 0.268 0.041 0.268 0.026 0.026 0.299 0.064 0.064 0.04 0.014 0.231 0.083 0.03 0.231 0.083 0.03 0.182 0.177 0.174 0.188 0.35 0.255 0.11 0.365 0.002 0.002 0.002 0.118 0.001 0.109 0.109 0 0.075 0.075 0.065

1 bet 7, 2 raise 24, 1 call  24
0.001 0.001 0 0.002 0.002 0 0 0 0 0 0 0 0.997 0 0.997 0.997 0 0.997 0.997 0.997 0.001 0.001 0.001 0.001 0.528 0.002 0.001 0.41 0.552 0.135 0.359 0.379 0.141 0.001 0.001 0.001 0.001 0.528 0.002 0.001 0.998 0.41 0.135 0.552 0.359 0.379 0.141 0.001 0.001 0.001 0.001 0.007 0.003 0.993 0.993 0.524 0.128 0.128 0.853 0.449 0.997 0.147 0 0 0 0 0.362 0 0 0.998 0.998 0.606 0.305 0.238 0.238 0.415 0.354 0.998 0.034 0 0.998 0 0.997 0.997 0 0.997 0.997 0.997 0 0 0.001 0 0 0.001 0.615 0 0 0.033 0.312 0.312 0.999 0 0 0.012 0.303 0.303 0.233 0.999 0 1 1 1 0 0 0.999 0 0.999 0.999 0 0.999 0.999 0.999

2 raise 24, 1 raise  83
0.001 0.001 0 0.001 0.001 0 0.002 0.002 0.001 0 0.001 0.001 0.002 0.001 0.002 0.002 0 0.003 0.003 0.002 0.003 0.003 0.003 0.003 0.467 0.003 0.001 0.004 0.438 0.006 0.074 0.217 0.004 0.003 0.003 0.003 0.003 0.467 0.003 0.001 0.002 0.004 0.006 0.438 0.074 0.217 0.004 0.001 0.001 0.001 0.001 0.001 0.001 0.007 0.007 0.001 0.001 0.001 0.14 0.003 0.003 0.002 0.001 0.001 0.001 0.001 0.073 0.001 0 0.002 0.002 0.394 0.003 0.032 0.032 0.272 0.486 0.002 0.002 0.001 0.002 0.001 0.002 0.002 0.001 0.003 0.003 0.003 0.001 0.002 0.029 0.003 0.002 0.029 0.385 0.003 0.002 0.287 0.688 0.688 0.001 0.005 0.001 0.009 0.697 0.697 0.767 0.001 0.001 0 0 0 0.001 0.001 0 0.001 0 0 0 0.001 0.001 0.001

root, 1 bet 10
0.349 0.349 0.151 0.343 0.343 0.189 0.453 0.454 0.447 0.419 0.391 0.391 0.178 0.371 0.211 0.21 0.334 0.195 0.195 0.213 0.352 0.348 0.348 0.353 0.37 0.419 0.304 0.586 0.416 0.227 0.277 0.275 0.173 0.352 0.348 0.348 0.353 0.37 0.419 0.304 0.472 0.586 0.227 0.416 0.277 0.275 0.173 0.361 0.355 0.354 0.346 0.433 0.357 0.475 0.475 0.533 0.259 0.259 0.404 0.256 0.43 0.141 0.005 0.005 0.004 0.003 0.309 0.116 0.158 0.431 0.431 0.446 0.402 0.313 0.313 0.318 0.387 0.367 0.001 0.48 0.395 0.48 0.403 0.403 0.465 0.429 0.429 0.416 0.35 0.549 0.529 0.483 0.549 0.529 0.442 0.483 0.521 0.438 0.447 0.447 0.401 0.479 0.451 0.354 0.432 0.432 0.404 0.386 0.328 0.337 0.358 0.132 0.33 0.33 0.239 0.319 0.263 0.263 0.071 0.284 0.284 0.281

1 bet 10, 2 call 10
1 1 1 0.984 0.996 0.996 0.998 0.998 0.999 0.659 0.7 0.7 0.984 0.984 0.987 0.995 0.995 0.995 0.952 0.952 0.948 0.122 0.123 0.142 0.12 0.974 0.124 0.223 0.176 0.999 0.853 0.995 0.979 0.122 0.123 0.142 0.12 0.974 0.124 0.223 0.176 0.999 0.853 0.995 0.979 0.105 0.101 0.113 0.135 0.314 0.282 0.311 0.994 0.936 0.856 0.99 0.001 0.002 0.003 0.002 0.944 0.007 0.069 0.237 0.937 0.647 0.976 0.649 0.997 1 0.997 1 1 0.925 0.999 0.999 0.997 0 0.941 0.999 0.999 0.941 0.999 0.999 0.951 0.971 0.995 0.931 0.792 0.995 0.999 0.954 1 0.551 0.551 1 0 1 1 0 0.993 0.993 0.981

1 bet 10, 2 raise 30
0 0 0 0 0 0 0 0 0 0.043 0.02 0.02 0.004 0.004 0.002 0.002 0.002 0.002 0.046 0.046 0.051 0.027 0.027 0.026 0.001 0.026 0 0 0 0.001 0.147 0.005 0.004 0.027 0.027 0.026 0.001 0.026 0 0 0 0.001 0.147 0.005 0.004 0.033 0.033 0.033 0.043 0.002 0 0 0.006 0.064 0.144 0.005 0.042 0.042 0.043 0.008 0.056 0.001 0.001 0.001 0.063 0.353 0.024 0.09 0.001 0 0.001 0 0 0.002 0.001 0.001 0.003 0 0.059 0.001 0.001 0.059 0.001 0.001 0.049 0.029 0.005 0.069 0.208 0.005 0.001 0.046 0 0 0 0 0 0 0 0 0.007 0.007 0.019

1 bet 10, 2 raise 30, 1 call  30
0 0 0 0.001 0.001 0 0 0 0 0 0 0 0.752 0 0.74 0.74 0 0.77 0.77 0.75 0.001 0.001 0.001 0.001 0.416 0.003 0.001 0.147 0.327 0.001 0.183 0.236 0.23 0.001 0.001 0.001 0.001 0.416 0.003 0.001 0.996 0.147 0.001 0.327 0.183 0.236 0.23 0.018 0.019 0.02 0.017 0.042 0.027 0.711 0.711 0.152 0.013 0.013 0.458 0.228 0.992 0.175 0.028 0.028 0.028 0.026 0.214 0.038 0.029 0.687 0.687 0.499 0.034 0.088 0.088 0.238 0.188 0.993 0.082 0 0.928 0 0.996 0.996 0 0.994 0.994 0.998 0 0 0 0 0 0 0.484 0 0 0 0.353 0.353 1 0 0 0 0.275 0.275 0.121 1 0 1 1 1 0 0 0.973 0 0.978 0.978 0 0.996 0.996 0.996

2 raise 30, 1 raise  80
0.001 0.001 0 0.001 0.001 0 0.041 0.041 0.033 0.001 0.001 0.001 0.248 0.001 0.26 0.26 0 0.23 0.23 0.249 0.005 0.005 0.005 0.005 0.582 0.066 0.002 0.032 0.377 0.001 0.003 0.122 0.118 0.005 0.005 0.005 0.005 0.582 0.066 0.002 0.004 0.032 0.001 0.377 0.003 0.122 0.118 0.001 0.001 0.001 0.001 0.004 0.001 0.289 0.289 0.001 0 0 0.255 0.002 0.008 0.069 0.004 0.004 0.004 0.004 0.085 0.009 0.001 0.313 0.313 0.501 0.003 0.016 0.016 0.283 0.494 0.007 0.108 0.001 0.071 0.001 0.004 0.004 0.001 0.006 0.006 0.002 0 0 0.001 0.001 0 0.001 0.516 0.001 0.001 0.25 0.647 0.647 0 0.003 0 0 0.725 0.725 0.879 0 0 0 0 0 0.005 0.005 0.027 0.004 0.021 0.021 0 0.004 0.004 0.004

root, 1 bet 15
0.279 0.279 0.092 0.146 0.146 0.059 0.229 0.229 0.271 0.143 0.126 0.126 0 0.129 0 0 0.085 0.004 0.004 0.026 0.256 0.254 0.255 0.26 0.218 0.093 0.001 0.013 0.253 0.034 0.222 0.202 0.002 0.256 0.254 0.255 0.26 0.218 0.093 0.001 0.274 0.013 0.034 0.253 0.222 0.202 0.002 0.308 0.307 0.306 0.316 0.162 0.001 0.174 0.174 0.008 0.12 0.12 0.273 0.221 0.424 0.001 0.002 0.002 0.002 0.001 0.203 0.066 0.007 0.144 0.144 0.087 0.042 0.193 0.193 0.204 0.147 0.358 0 0.078 0.004 0.078 0.018 0.018 0.049 0.019 0.019 0.012 0.119 0.13 0.158 0.15 0.13 0.158 0.179 0.15 0.199 0.149 0.253 0.253 0.049 0.146 0.111 0.068 0.222 0.222 0.248 0.069 0.031 0.001 0.001 0 0.157 0.157 0.008 0.148 0.003 0.003 0.069 0.01 0.01 0.015

1 bet 15, 2 call 15
1 1 1 0.618 0.633 0.633 0.888 0.888 0.915 0.507 0.485 0.485 0.73 0.73 0.698 0.676 0.669 0.669 0.895 0.895 0.887 0.001 0.001 0.001 0 1 0.002 0.145 0.185 0.999 1 1 0.612 0.001 0.001 0.001 0 1 0.002 0.145 0.185 0.999 1 1 0.612 0.002 0.002 0.001 0.017 0.265 0.263 0.327 1 1 1 0.764 0 0 0 0 1 0 0 0.14 0.993 1 1 0.495 0.476 1 0.476 1 1 0.011 1 1 1 0 0.966 1 1 0.966 1 1 1 1 1 0.968 1 1 1 1 1 0.548 0.548 0.929 0.001 0.963 0.963 0 0.999 0.999 0.997

1 bet 15, 2 raise 40
0 0 0 0 0 0 0 0 0 0 0 0 0 0 0 0 0 0 0 0 0 0 0 0 0 0 0 0 0 0 0 0 0 0 0 0 0 0 0 0 0 0 0 0 0 0 0 0 0 0 0 0 0 0 0 0 0 0 0 0 0 0 0 0 0 0 0 0 0 0 0 0 0 0 0 0 0 0 0 0 0 0 0 0 0 0 0 0 0 0 0 0 0 0 0 0 0 0 0 0 0 0 0

1 bet 15, 2 raise 40, 1 call  40
0.005 0.005 0.002 0.005 0.005 0.003 0.012 0.012 0.011 0.005 0.011 0.011 0.067 0.011 0.069 0.069 0.006 0.067 0.067 0.069 0.002 0.003 0.003 0.003 0.048 0.002 0.003 0.03 0.072 0.002 0.007 0.009 0.019 0.002 0.003 0.003 0.003 0.048 0.002 0.003 0.145 0.03 0.002 0.072 0.007 0.009 0.019 0.001 0.001 0.001 0.001 0.01 0.013 0.1 0.1 0.037 0.001 0.001 0.12 0.029 0.164 0.051 0 0 0 0 0.003 0 0 0.069 0.069 0.04 0 0.031 0.031 0.072 0.054 0.123 0 0.007 0.14 0.007 0.153 0.153 0.006 0.144 0.144 0.177 0.003 0.007 0.006 0.007 0.007 0.006 0.121 0.007 0.017 0.008 0.061 0.061 0.098 0.016 0.026 0.02 0 0 0 0.056 0.026 0.309 0.199 0.982 0.01 0.01 0.092 0.008 0.098 0.098 0.006 0.093 0.093 0.098

2 raise 40, 1 raise  75
0.014 0.014 0.015 0.021 0.021 0.015 0.274 0.274 0.211 0.015 0.242 0.242 0.743 0.195 0.732 0.732 0.016 0.747 0.747 0.737 0.058 0.058 0.058 0.058 0.502 0.107 0.073 0.014 0.396 0.014 0.037 0.111 0.164 0.058 0.058 0.058 0.058 0.502 0.107 0.073 0.85 0.014 0.014 0.396 0.037 0.111 0.164 0.07 0.07 0.07 0.07 0.072 0.07 0.895 0.895 0.016 0.015 0.015 0.209 0.03 0.836 0.079 0.106 0.106 0.106 0.106 0.21 0.113 0.101 0.817 0.817 0.842 0 0.1 0.1 0.185 0.236 0.877 0.128 0.015 0.69 0.015 0.604 0.604 0.015 0.451 0.451 0.382 0.016 0.014 0.224 0.085 0.014 0.224 0.829 0.085 0.049 0.323 0.934 0.934 0.902 0.107 0.02 0.024 1 1 1 0.944 0.018 0.691 0.801 0.018 0.192 0.192 0.867 0.13 0.836 0.836 0.015 0.86 0.86 0.823

root, 1 bet 20
0.046 0.046 0.043 0 0 0 0.004 0.004 0.005 0 0.001 0.001 0 0 0 0 0 0 0 0 0.004 0.013 0.018 0.002 0.003 0 0 0 0.003 0 0.015 0.01 0 0.004 0.013 0.018 0.002 0.003 0 0 0.009 0 0 0.003 0.015 0.01 0 0.01 0.023 0.027 0.034 0 0 0.001 0.001 0 0.002 0.002 0.003 0.041 0.021 0 0 0 0 0 0.007 0 0 0.002 0.002 0.003 0 0.034 0.034 0.026 0.001 0.036 0 0 0 0 0 0 0 0 0 0 0 0 0.002 0.001 0 0.002 0.001 0.001 0 0.009 0.006 0.006 0 0.002 0 0.008 0.007 0.007 0.027 0 0.001 0 0 0 0.004 0.004 0 0.002 0 0 0 0 0 0

1 bet 20, 2 call 20
1 1 1 0.434 0.455 0.455 0.417 0.417 0.439 0.459 0.463 0.463 0.462 0.462 0.467 0.552 0.554 0.554 0.537 0.537 0.538 0.039 0.039 0.04 0.001 0.999 0.065 0.151 0.158 0.479 1 1 0.38 0.039 0.039 0.04 0.001 0.999 0.065 0.151 0.158 0.479 1 1 0.38 0.092 0.087 0.094 0.1 0.224 0.234 0.263 0.618 1 1 0.441 0.008 0.009 0.009 0.004 0.998 0.047 0.119 0.09 0.389 1 1 0.313 0.51 0.997 0.51 0.997 0.997 0.289 0.997 0.997 0.996 0 0.81 1 1 0.81 1 1 0.914 1 1 0.773 0.999 0.999 1 1 1 0.488 0.488 0.855 0.214 0.86 0.86 0 0.842 0.842 0.847

1 bet 20, 2 raise 50
0 0 0 0.002 0.001 0.001 0.006 0.006 0.004 0.002 0.002 0.002 0.007 0.007 0.006 0.002 0.003 0.003 0.004 0.004 0.01 0 0 0 0 0.001 0 0 0 0 0 0 0 0 0 0 0 0.001 0 0 0 0 0 0 0 0 0 0 0 0 0 0 0 0 0 0 0.01 0.01 0.01 0 0.002 0.01 0.008 0.008 0.001 0 0 0.002 0 0.002 0 0.002 0.002 0 0.002 0.002 0.002 0 0.002 0 0 0.002 0 0 0 0 0 0.035 0.001 0.001 0 0 0 0 0 0.004 0 0.007 0.007 0 0.01 0.01 0.015

1 bet 20, 2 raise 50, 1 call  50
0.067 0.067 0.046 0.075 0.075 0.049 0.014 0.014 0.012 0.002 0.026 0.026 0.063 0.025 0.063 0.063 0.013 0.064 0.064 0.064 0.034 0.034 0.035 0.035 0.045 0.046 0.06 0.165 0.002 0.062 0.063 0.03 0.062 0.034 0.034 0.035 0.035 0.045 0.046 0.06 0.043 0.165 0.062 0.002 0.063 0.03 0.062 0.022 0.022 0.023 0.022 0.036 0.05 0.044 0.044 0.175 0.048 0.048 0.111 0.023 0.029 0.071 0.002 0.002 0.002 0.002 0.021 0.003 0.009 0.009 0.009 0.007 0.022 0.02 0.02 0.016 0 0.004 0.032 0.054 0 0.054 0 0 0.05 0 0 0 0.046 0.01 0.029 0.016 0.01 0.029 0 0.016 0.008 0.02 0 0 0.02 0.002 0 0.011 0 0 0 0.013 0.004 0.022 0.012 0.539 0.039 0.039 0.004 0.042 0.004 0.004 0.032 0.004 0.004 0.004

2 raise 50, 1 raise  70
0.08 0.08 0.078 0.081 0.081 0.069 0.103 0.103 0.102 0.086 0.122 0.122 0.936 0.128 0.937 0.937 0.114 0.935 0.935 0.935 0.136 0.135 0.135 0.135 0.95 0.135 0.141 0.141 0.692 0.127 0.139 0.127 0.289 0.136 0.135 0.135 0.135 0.95 0.135 0.141 0.957 0.141 0.127 0.692 0.139 0.127 0.289 0.137 0.137 0.137 0.137 0.137 0.144 0.956 0.956 0.163 0.137 0.137 0.288 0.119 0.971 0.246 0.039 0.039 0.039 0.039 0.609 0.047 0.064 0.991 0.991 0.993 0.006 0.184 0.184 0.275 0.306 0.996 0.104 0.19 1 0.19 1 1 0.202 1 1 1 0.116 0.137 0.231 0.173 0.137 0.231 1 0.173 0.152 0.317 1 1 0.98 0.24 0.064 0.12 1 1 1 0.987 0.103 0.978 0.988 0.461 0.182 0.182 0.996 0.158 0.996 0.996 0.159 0.996 0.996 0.996

root, 1 bet 25
0 0 0 0 0 0 0 0 0 0 0 0 0 0 0 0 0 0 0 0 0 0 0 0 0 0 0 0 0 0 0 0 0 0 0 0 0 0 0 0 0 0 0 0 0 0 0 0 0 0 0 0 0 0 0 0 0 0 0 0 0 0 0 0 0 0 0 0 0 0 0 0 0 0 0 0 0 0 0 0 0 0 0 0 0 0 0 0 0 0 0 0 0 0 0 0 0 0 0 0 0 0 0 0.001 0 0 0 0 0 0 0 0 0 0 0 0 0 0 0 0 0 0

1 bet 25, 2 call 25
1 1 1 0.266 0.263 0.263 0.249 0.249 0.246 0.276 0.274 0.274 0.275 0.275 0.274 0.338 0.336 0.336 0.339 0.339 0.337 0.071 0.071 0.075 0.074 0.502 0.109 0.106 0.119 0.258 0.638 0.669 0.196 0.071 0.071 0.075 0.074 0.502 0.109 0.106 0.119 0.258 0.638 0.669 0.196 0.112 0.112 0.115 0.119 0.147 0.138 0.151 0.316 0.709 0.669 0.219 0.042 0.042 0.045 0.042 0.381 0.06 0.062 0.074 0.243 0.601 0.627 0.125 0.097 0.733 0.097 0.697 0.697 0.088 0.691 0.691 0.657 0.022 0.318 0.746 0.778 0.318 0.746 0.778 0.402 0.673 0.667 0.313 0.648 0.672 0.945 0.911 1 0.119 0.119 0.437 0.085 0.433 0.433 0.032 0.433 0.433 0.429

1 bet 25, 2 raise 90
0 0 0 0.04 0.043 0.043 0.042 0.042 0.046 0.051 0.052 0.052 0.052 0.052 0.052 0.047 0.047 0.047 0.045 0.045 0.045 0.035 0.035 0.035 0.029 0.287 0.024 0.024 0.024 0.105 0.362 0.331 0.025 0.035 0.035 0.035 0.029 0.287 0.024 0.024 0.024 0.105 0.362 0.331 0.025 0.058 0.058 0.058 0.058 0.045 0.044 0.043 0.199 0.291 0.331 0.042 0.054 0.054 0.054 0.052 0.285 0.051 0.051 0.048 0.102 0.399 0.373 0.045 0.045 0.26 0.045 0.301 0.301 0.037 0.294 0.294 0.329 0.008 0.147 0.254 0.222 0.147 0.254 0.222 0.183 0.327 0.333 0.139 0.352 0.328 0.055 0.089 0 0.066 0.066 0.045 0.06 0.045 0.045 0.027 0.044 0.044 0.043

1 bet 25, 2 raise 90, 1 call  90
0 0 0 0 0 0 0 0 0 0 0 0 1 0 1 1 0 1 1 1 0 0 0 0 0.988 0 0 0 0.993 0 0 0 0 0 0 0 0 0.988 0 0 1 0 0 0.993 0 0 0 0 0 0 0 0 0 1 1 0 0 0 0.005 0 1 0 0 0 0 0 0.001 0 0 1 1 1 0 0.001 0.001 0.002 0.004 1 0 0 1 0 1 1 0 1 1 1 0 0 0 0 0 0 1 0 0 0 1 1 1 0 0 0 1 1 1 1 0 1 1 1 0 0 1 0 1 1 0 1 1 1
