game = '6-max Cash', preflop situation = 'MP openraise BB 3bet MP call', stack = '90', pot = '20', bets = '33 50 75 100 125'

OOP preflop range
6c5c_0.25 6d5d_0.25 6h5h_0.25 6s5s_0.25 7c6c_0.50 7d6d_0.50 7h6h_0.50 7s6s_0.50 8c7c_0.50 8d7d_0.50 8d8c_0.25 8h7h_0.50 8h8c_0.25 8h8d_0.25 8s7s_0.50 8s8c_0.25 8s8d_0.25 8s8h_0.25 9c8c_0.25 9d8d_0.25 9d9c_0.25 9h8h_0.25 9h9c_0.25 9h9d_0.25 9s8s_0.25 9s9c_0.25 9s9d_0.25 9s9h_0.25 Ac2c_0.50 Ac3c_0.25 Ac4c_0.25 Ac5c_0.50 Ac6c_0.50 AcJc_0.50 AcKc_1 AcKd_0.75 AcKh_0.75 AcQc_1 Ad2d_0.50 Ad3d_0.25 Ad4d_0.25 Ad5d_0.50 Ad6d_0.50 AdAc_1 AdJd_0.50 AdKc_0.75 AdKd_1 AdKh_0.75 AdQd_1 AdTd_0.25 As2s_0.50 As3s_0.25 As4s_0.25 As5s_0.50 As6s_0.50 AsAc_1 AsAd_1 AsJs_0.50 AsKc_0.75 AsKd_0.75 AsKh_0.75 AsQs_1 AsTs_0.25 Jc9c_0.25 Jd9d_0.25 JdJc_0.75 Jh9h_0.25 JhJc_0.75 JhJd_0.75 Js9s_0.25 JsJc_0.75 JsJd_0.75 JsJh_0.75 KcJc_0.75 KcQc_1 KdJd_0.75 KdKc_1 KdQd_1 KhJh_0.75 KhKc_1 KhKd_1 KhQh_1 QcJc_0.75 QdJd_0.75 QdQc_1 QdTd_0.25 QhJh_0.75 QhQc_1 QhQd_1 QhTh_0.25 QsJs_0.75 QsQc_1 QsQd_1 QsQh_1 QsTs_0.25 Td9d_0.25 Th9h_0.25 ThTd_0.50 Ts9s_0.25 TsTd_0.50 TsTh_0.50

IP preflop range
4d4c_0.25 4h4c_0.25 4h4d_0.25 4s4c_0.25 4s4d_0.25 4s4h_0.25 5d5c_0.25 5h5c_0.25 5h5d_0.25 5s5c_0.25 5s5d_0.25 5s5h_0.25 6d6c_0.50 6h6c_0.50 6h6d_0.50 6s6c_0.50 6s6d_0.50 6s6h_0.50 7d7c_0.50 7h7c_0.50 7h7d_0.50 7s7c_0.50 7s7d_0.50 7s7h_0.50 8d8c_1 8h8c_1 8h8d_1 8s8c_1 8s8d_1 8s8h_1 9d9c_1 9h9c_1 9h9d_1 9s9c_1 9s9d_1 9s9h_1 Ac2c_1 Ac3c_1 Ac4c_1 Ac5c_1 Ac6c_1 Ac7c_1 Ac8c_1 Ac9c_1 AcJc_0.75 AcJd_1 AcJh_1 AcJs_1 AcQc_0.50 AcQd_1 AcQh_1 AcQs_1 Ad2d_1 Ad3d_1 Ad4d_1 Ad5d_1 Ad6d_1 Ad7d_1 Ad8d_1 Ad9d_1 AdJc_1 AdJd_0.75 AdJh_1 AdJs_1 AdQc_1 AdQd_0.50 AdQh_1 AdQs_1 AdTd_1 As2s_1 As3s_1 As4s_1 As5s_1 As6s_1 As7s_1 As8s_1 As9s_1 AsJc_1 AsJd_1 AsJh_1 AsJs_0.75 AsQc_1 AsQd_1 AsQh_1 AsQs_0.50 AsTs_1 JdJc_1 JdTd_0.50 JhJc_1 JhJd_1 JhTh_0.50 JsJc_1 JsJd_1 JsJh_1 JsTs_0.50 KcJc_1 KcQc_1 KcQd_1 KcQh_1 KcQs_1 KdJd_1 KdQc_1 KdQd_1 KdQh_1 KdQs_1 KdTd_0.50 KhJh_1 KhQc_1 KhQd_1 KhQh_1 KhQs_1 KhTh_0.50 QcJc_0.50 QdJd_0.50 QdQc_1 QhJh_0.50 QhQc_1 QhQd_1 QsJs_0.50 QsQc_1 QsQd_1 QsQh_1 ThTd_1 TsTd_1 TsTh_1

root, 1 check
0.112 0.999 0.029 0.087 0.09 0.999 0 0.061 0.312 1 0.388 0.002 0.098 0.407 0.266 0.089 0.396 0.114 0.699 1 0.352 0.403 0.134 0.447 0.718 0.015 0.358 0.153 0.009 0.035 0.013 0.021 0.03 0.091 0.01 0.01 0.005 0.034 0.039 0.035 0.039 0.025 0.028 0.034 0.012 0.001 0.002 0.002 0.026 0 0.023 0.021 0.004 0.011 0.018 0.067 0.031 0.086 0.004 0.008 0.006 0.041 0 0 0 0.003 0 0.01 0.002 0 0.012 0.004 0.005 0.009 0.019 0.022 0.049 0.033 0.014 0.042 0.04 0.02 0 0 0.02 0 0 0.025 0.066 0 0 0.03 0.021 0.026 0 0 0 0 0 0 0

1 check, 2 check
0.005 0.005 0.006 0.005 0.006 0.005 0.08 0.008 0.046 0.01 0.06 0.008 0.466 0.258 0.364 0.323 0.441 0.234 0.624 0.365 0.408 0.504 0.605 0.361 0.754 0.633 0.623 0.744 0.77 0.66 0.643 0.579 0.686 0.568 0.666 0.598 0.749 0.745 0.75 0.689 0.785 0.816 0.965 0.958 0.25 0.352 0.361 0.281 0.049 0.232 0.254 0.053 0.312 0.308 0.316 0.412 0.871 0.974 0.996 0.983 0.627 0.652 0.658 0.512 0.21 0.374 0.375 0.158 0.198 0.795 0.795 0.801 0.768 0.821 0.827 0.969 0.971 0.365 0.369 0.378 0.256 0.137 0.26 0.283 0.141 0.007 0.508 0.455 0.606 0.752 0.884 0.186 0.424 0.523 0.807 0.562 0.877 0.632 0.641 0.621 0.713 0.681 0.609 0.562 0.639 0.009 0.787 0.599 0.665 0.94 0.633 0.034 0.101 0.001 0.343 0.001 0.444 0.476 0.103 0.461 0.42 0.436 0.254 0.262 0.243

1 check, 2 bet 7
0.581 0.537 0.587 0.529 0.584 0.536 0.542 0.552 0.566 0.55 0.561 0.543 0.35 0.426 0.37 0.415 0.357 0.425 0.264 0.364 0.306 0.335 0.26 0.359 0.204 0.288 0.272 0.227 0.19 0.278 0.278 0.316 0.266 0.312 0.263 0.313 0.157 0.16 0.158 0.188 0.152 0.138 0.031 0.039 0.458 0.409 0.407 0.418 0.53 0.41 0.407 0.503 0.341 0.342 0.339 0.291 0.024 0.003 0 0.002 0.326 0.309 0.295 0.35 0.4 0.349 0.355 0.427 0.539 0.133 0.133 0.13 0.149 0.127 0.128 0.027 0.026 0.402 0.407 0.41 0.436 0.448 0.394 0.39 0.471 0.692 0.27 0.442 0.268 0.154 0.111 0.474 0.325 0.329 0.177 0.261 0.115 0.284 0.281 0.282 0.227 0.264 0.248 0.326 0.257 0.484 0.157 0.318 0.28 0.059 0.266 0.584 0.576 0.506 0.461 0.499 0.363 0.453 0.555 0.289 0.409 0.351 0.508 0.5 0.51

2 bet 7, 1 call 7
0 0 0 0 0.001 0 0.001 0.001 0 0 0.023 0.001 0.034 0.011 0 0.065 0.019 0.031 0 0 0.029 0 0.045 0.011 0 0.062 0.023 0.047 0.024 0.041 0.039 0.029 0.041 0.414 0 0 0 0.006 0.435 0.805 0.842 0.665 0.659 0.087 0.863 0 0 0 0.008 0.974 0.07 0.318 0.405 0.144 0.09 0.317 0.113 0.41 0 0 0 0.008 0.926 0.603 0.628 0.008 0.57 0.008 0.006 0.781 0.069 0.021 0.019 0.592 0.693 0.298 0.014 0.315 0.465 0.006 0.052 0.662 0 0 0.057 0.005 0 0.022 0.35 0.399 0 0.045 0.056 0.015 0.098 0.128 0.996 0 0.838 0 0

2 bet 7, 1 raise 24
0.001 0 0.002 0.001 0.003 0 0.004 0.003 0.002 0 0.004 0.002 0.003 0.003 0.002 0.006 0.005 0.003 0.001 0 0.002 0.001 0.002 0.002 0.001 0.002 0.002 0.002 0.976 0.959 0.961 0.971 0.959 0.586 1 1 1 0.994 0.565 0.195 0.158 0.335 0.341 0.913 0.137 1 1 1 0.992 0.026 0.93 0.682 0.595 0.856 0.91 0.683 0.887 0.59 1 1 1 0.992 0.074 0.397 0.37 0.992 0.43 0.992 0.993 0.219 0.931 0.978 0.981 0.408 0.307 0.702 0.986 0.685 0.535 0.994 0.948 0.338 1 1 0.943 0.995 1 0.978 0.65 0.601 1 0.955 0.944 0.985 0.902 0.872 0.004 1 0.162 1 1

2 bet 7, 1 raise 24, 2 call 24
0.003 0.003 0.003 0.003 0.003 0.003 0.002 0.003 0.002 0.003 0.003 0.003 0.003 0.003 0.003 0.003 0.003 0.003 0.003 0.003 0.003 0.003 0.003 0.003 0.002 0.002 0.002 0.002 0.002 0.002 0.002 0.002 0.001 0.002 0.001 0.001 0.808 0.805 0.804 0.819 0.843 0.858 0.923 0.926 0.722 0.666 0.598 0.6 0.454 0.382 0.252 0.38 0.048 0.046 0.047 0.053 0.065 0.072 0.077 0.112 0.944 0.953 0.854 0.882 0.349 0.407 0.247 0.366 0.92 0.8 0.797 0.797 0.813 0.836 0.847 0.912 0.915 0.594 0.63 0.571 0.655 0.367 0.372 0.244 0.471 0.76 0.161 0.9 0.389 0.198 0.992 0.431 0.249 0.409 0.986 0.662 0.988 0.761 0.732 0.978 0.924 0.644 0.455 0.379 0.58 0.61 0.99 0.97 0.687 0.992 0.944 0.551 0.999 0.995 0.001 0.983 0.002 0.001 0.999 0.095 0.001 0.002 0.624 0.592 0.628

1 raise 24, 2 raise 83
0.001 0.001 0.001 0.001 0.001 0.001 0.001 0.001 0.001 0.001 0.001 0.001 0.001 0.001 0.001 0.001 0.001 0.001 0.001 0.001 0.001 0.001 0.001 0.001 0.001 0.001 0.001 0.001 0.001 0.001 0.001 0.001 0.001 0.001 0.001 0.001 0.166 0.169 0.17 0.156 0.113 0.11 0.058 0.059 0.278 0.332 0.401 0.399 0.546 0.617 0.748 0.62 0.003 0.003 0.003 0.003 0.002 0.002 0.002 0.002 0.051 0.041 0.142 0.113 0.65 0.592 0.752 0.633 0.08 0.178 0.181 0.181 0.166 0.131 0.128 0.073 0.073 0.404 0.368 0.427 0.344 0.633 0.627 0.755 0.529 0.24 0.003 0.002 0.003 0.002 0.002 0.003 0.003 0.003 0.004 0.332 0.008 0.001 0.001 0.003 0.047 0.002 0.001 0.001 0.002 0.39 0.007 0.003 0.001 0.001 0.003 0.449 0.001 0.005 0.001 0.017 0.001 0.001 0.001 0.002 0.001 0.001 0.376 0.408 0.372

1 check, 2 bet 10
0.356 0.363 0.356 0.357 0.358 0.365 0.302 0.358 0.32 0.35 0.312 0.364 0.095 0.24 0.17 0.196 0.116 0.262 0.029 0.204 0.16 0.126 0.045 0.211 0.006 0.043 0.031 0.004 0.005 0.03 0.029 0.054 0.013 0.064 0.024 0.039 0.069 0.072 0.07 0.095 0.053 0.04 0.002 0.002 0.214 0.187 0.196 0.242 0.269 0.218 0.215 0.258 0.26 0.263 0.258 0.201 0.018 0.003 0.001 0.004 0.042 0.032 0.04 0.134 0.217 0.165 0.174 0.227 0.247 0.056 0.056 0.054 0.061 0.044 0.036 0.002 0.002 0.192 0.18 0.185 0.228 0.246 0.217 0.213 0.228 0.289 0.194 0.101 0.099 0.087 0.003 0.318 0.225 0.138 0.013 0.161 0.007 0.062 0.062 0.078 0.055 0.042 0.113 0.094 0.073 0.37 0.046 0.077 0.033 0.001 0.079 0.36 0.289 0.312 0.193 0.332 0.188 0.07 0.304 0.239 0.169 0.208 0.212 0.21 0.216

2 bet 10, 1 call 10
0 0 0 0 0 0 0 0 0 0 0.001 0 0.001 0.001 0 0.001 0.001 0.001 0 0 0.001 0 0.001 0.001 0 0.001 0.001 0.001 0.255 0.255 0.673 0.339 0.342 0.766 0.001 0.002 0.001 0.012 0.577 0.905 0.981 0.959 0.857 0.167 0.998 0.001 0.002 0.001 0.101 0.999 0.4 0.655 0.812 0.608 0.564 0.48 0.225 0.652 0.001 0.002 0.001 0.016 0.998 0.97 0.003 0.425 0.97 0.232 0.317 0.993 0.683 0.564 0.419 0.999 0.999 0.432 0.061 0.69 0.998 0.008 0.104 1 0.001 0 0.027 0.016 0.001 0.03 0.015 1 0 0.044 0.095 0.057 1 0.808 1 0.002 1 0.001 0

2 bet 10, 1 raise 30
0 0 0 0 0 0 0 0 0 0 0.005 0 0.005 0.004 0.001 0.006 0.006 0.005 0.001 0 0.002 0.002 0.003 0.002 0.001 0.003 0.002 0.003 0.745 0.745 0.327 0.661 0.658 0.234 0.999 0.998 0.999 0.988 0.413 0.086 0.01 0.028 0.128 0.833 0.002 0.999 0.998 0.999 0.899 0.001 0.6 0.345 0.188 0.392 0.436 0.52 0.775 0.348 0.999 0.998 0.999 0.984 0.002 0.021 0.017 0.53 0.029 0.756 0.666 0.006 0.312 0.425 0.574 0.001 0.001 0.539 0.939 0.305 0.002 0.992 0.896 0 0.999 1 0.837 0.981 0.999 0.907 0.557 0 1 0.864 0.735 0.913 0 0.191 0 0.998 0 0.999 1

2 bet 10, 1 raise 30, 2 call 30
0.001 0.001 0.001 0.001 0.001 0.001 0.001 0.001 0.001 0.001 0.001 0.001 0.001 0.001 0.001 0.001 0.001 0.001 0.001 0.001 0.001 0.001 0.001 0.001 0 0 0 0 0 0 0 0 0 0 0 0 0.396 0.394 0.394 0.399 0.411 0.421 0.438 0.457 0.419 0.408 0.367 0.353 0.262 0.215 0.145 0.211 0.002 0.002 0.002 0.002 0.002 0.002 0.002 0.002 0.524 0.537 0.503 0.493 0.194 0.204 0.129 0.193 0.444 0.402 0.401 0.4 0.407 0.418 0.426 0.44 0.458 0.375 0.401 0.361 0.395 0.224 0.22 0.151 0.266 0.374 0.044 0.585 0.202 0.044 0.985 0.216 0.095 0.211 0.981 0.511 0.953 0.536 0.475 0.668 0.969 0.537 0.309 0.193 0.426 0.321 0.968 0.721 0.471 0.896 0.599 0.349 1 0.997 0.003 0.722 0.004 0.002 1 0.041 0.003 0.004 0.065 0.054 0.07

1 raise 30, 2 raise 80
0.001 0.001 0.001 0.001 0.001 0.001 0.001 0.001 0.001 0.001 0.001 0.001 0.001 0.001 0.001 0.001 0.001 0.001 0.001 0.001 0.001 0.001 0.001 0.001 0.001 0.001 0.001 0.001 0.001 0.001 0.001 0.001 0.001 0.001 0.001 0.001 0.202 0.204 0.205 0.207 0.215 0.23 0.225 0.247 0.58 0.59 0.632 0.645 0.738 0.783 0.855 0.788 0.002 0.002 0.002 0.002 0.002 0.002 0.001 0.001 0.473 0.458 0.494 0.504 0.805 0.795 0.87 0.806 0.556 0.19 0.193 0.194 0.195 0.204 0.22 0.216 0.232 0.623 0.597 0.638 0.605 0.775 0.779 0.848 0.734 0.625 0.003 0.002 0.003 0.002 0.004 0.004 0.003 0.003 0.008 0.486 0.045 0.002 0.002 0.005 0.022 0.002 0.001 0.001 0.002 0.679 0.03 0.003 0.002 0.001 0.003 0.651 0 0.003 0.001 0.278 0.001 0.001 0 0.002 0.001 0.001 0.935 0.946 0.93

1 check, 2 bet 15
0.041 0.077 0.039 0.086 0.04 0.079 0.043 0.062 0.045 0.065 0.042 0.07 0.055 0.048 0.06 0.037 0.054 0.053 0.059 0.046 0.073 0.028 0.06 0.047 0.026 0.029 0.046 0.019 0.025 0.024 0.038 0.036 0.025 0.039 0.035 0.035 0.017 0.016 0.016 0.017 0.007 0.005 0.001 0.001 0.07 0.039 0.025 0.054 0.117 0.087 0.08 0.128 0.055 0.056 0.055 0.066 0.073 0.018 0.002 0.01 0.004 0.004 0.005 0.003 0.109 0.058 0.05 0.126 0.012 0.01 0.011 0.01 0.016 0.003 0.006 0.001 0.001 0.036 0.031 0.017 0.073 0.114 0.082 0.075 0.123 0.008 0.025 0.001 0.022 0.005 0.001 0.02 0.023 0.007 0.002 0.012 0.001 0.022 0.015 0.018 0.003 0.013 0.029 0.018 0.031 0.129 0.008 0.005 0.021 0 0.021 0.016 0.023 0.147 0.002 0.151 0.004 0.001 0.028 0.009 0.002 0.005 0.021 0.022 0.026

2 bet 15, 1 call 15
0 0 0 0 0 0 0 0 0 0 0 0 0.001 0 0 0.001 0 0 0 0 0 0 0.001 0 0 0.001 0 0 0.951 0.956 0.964 0.94 0.938 0.728 0.003 0.003 0.002 0.011 0.509 0.57 0.468 0.392 0.324 0.347 0.978 0.003 0.004 0.003 0.02 1 0.974 0.98 0.981 0.978 0.977 0.567 0.306 0.752 0.003 0.003 0.002 0.02 0.991 0.094 0.011 0.111 0.198 0.096 0.094 0.169 0.113 0.317 0.109 0.945 0.964 0.192 0.117 0.494 0.962 0.032 0.09 0.98 0.03 0.015 0.033 0.601 0.011 0.047 0.041 0.972 0.016 0.039 0.046 0.042 0.968 0.451 0.947 0.086 0.949 0.062 0.023

2 bet 15, 1 raise 40
0.008 0.003 0.009 0.008 0.007 0.003 0.007 0.006 0.004 0.002 0.004 0.004 0.004 0.004 0.004 0.004 0.004 0.004 0.003 0.002 0.003 0.003 0.004 0.003 0.003 0.004 0.003 0.004 0.035 0.03 0.018 0.039 0.038 0.266 0.997 0.997 0.998 0.989 0.008 0.007 0.007 0.008 0.007 0.653 0.013 0.997 0.996 0.997 0.98 0 0.014 0.009 0.006 0.008 0.008 0.433 0.694 0.245 0.997 0.997 0.998 0.98 0.009 0.022 0.021 0.207 0.022 0.195 0.237 0.022 0.174 0.19 0.2 0.007 0.009 0.129 0.883 0.195 0.006 0.968 0.91 0.007 0.97 0.985 0.515 0.306 0.989 0.572 0.505 0.011 0.984 0.699 0.523 0.593 0.017 0.01 0.002 0.914 0.002 0.938 0.977

2 bet 15, 1 raise 40, 2 call 40
0.001 0.001 0.001 0.002 0.001 0.001 0.001 0.002 0.001 0.002 0.001 0.001 0 0.002 0 0.002 0 0.002 0 0.001 0 0.001 0 0.001 0 0.001 0 0.001 0 0.001 0.001 0.001 0.001 0.001 0.001 0.001 0.101 0.102 0.102 0.099 0.097 0.083 0.06 0.104 0.168 0.144 0.139 0.125 0.103 0.115 0.091 0.131 0.006 0.006 0.006 0.004 0.002 0.001 0.001 0.002 0.214 0.226 0.213 0.209 0.104 0.092 0.067 0.119 0.199 0.13 0.13 0.13 0.129 0.128 0.116 0.076 0.098 0.125 0.142 0.134 0.159 0.116 0.117 0.089 0.117 0.058 0.064 0.297 0.076 0.083 0.643 0.059 0.074 0.083 0.554 0.591 0.692 0.274 0.255 0.287 0.738 0.301 0.258 0.227 0.277 0.092 0.901 0.289 0.249 0.456 0.276 0.113 0.906 0.396 0.131 0.365 0.099 0.076 0.876 0.217 0.133 0.102 0.014 0.014 0.014

1 raise 40, 2 raise 75
0.002 0.002 0.002 0.002 0.002 0.002 0.002 0.002 0.002 0.002 0.002 0.002 0.001 0.002 0.001 0.002 0.001 0.002 0 0.002 0 0.002 0 0.002 0 0.001 0 0.001 0 0.001 0.001 0.001 0.001 0.001 0.001 0.001 0.13 0.13 0.129 0.124 0.115 0.097 0.061 0.146 0.827 0.845 0.851 0.86 0.897 0.875 0.905 0.862 0.006 0.006 0.006 0.004 0.003 0.002 0.002 0.003 0.681 0.693 0.708 0.689 0.892 0.906 0.928 0.877 0.8 0.108 0.107 0.107 0.103 0.096 0.072 0.03 0.051 0.856 0.845 0.854 0.836 0.878 0.862 0.904 0.882 0.941 0.018 0.02 0.019 0.016 0.083 0.024 0.019 0.019 0.158 0.36 0.052 0.029 0.019 0.09 0.057 0.038 0.024 0.015 0.051 0.906 0.063 0.04 0.021 0.015 0.048 0.886 0.094 0.604 0.011 0.635 0.008 0.006 0.124 0.019 0.012 0.008 0.986 0.986 0.986

1 check, 2 bet 20
0.016 0.017 0.012 0.022 0.013 0.014 0.032 0.02 0.022 0.024 0.025 0.014 0.034 0.028 0.036 0.03 0.031 0.025 0.024 0.021 0.052 0.007 0.03 0.022 0.01 0.008 0.026 0.005 0.01 0.007 0.012 0.014 0.009 0.017 0.012 0.015 0.006 0.006 0.005 0.008 0.003 0.001 0 0 0.008 0.013 0.011 0.005 0.034 0.049 0.042 0.058 0.031 0.031 0.032 0.03 0.013 0.002 0.001 0.001 0.002 0.003 0.002 0.002 0.064 0.054 0.046 0.062 0.004 0.004 0.004 0.003 0.005 0.004 0.004 0 0 0.006 0.012 0.011 0.007 0.053 0.044 0.038 0.037 0.004 0.002 0.001 0.005 0.002 0.001 0.002 0.002 0.002 0.001 0.005 0 0 0.001 0.001 0.001 0 0.002 0 0 0.008 0.002 0 0.001 0 0.001 0.005 0.01 0.029 0 0.015 0 0 0.009 0.001 0 0.001 0.003 0.003 0.003

2 bet 20, 1 call 20
0 0 0 0 0 0 0 0 0 0 0.002 0 0.002 0.001 0 0.004 0.002 0.002 0 0 0.002 0 0.002 0.001 0 0.002 0.001 0.001 0.533 0.541 0.538 0.522 0.506 0.471 0.009 0.006 0.005 0.017 0.221 0.231 0.196 0.181 0.136 0.378 0.549 0.003 0.002 0.002 0.016 0.842 0.624 0.645 0.644 0.624 0.606 0.404 0.369 0.471 0.007 0.007 0.006 0.019 0.641 0.008 0.009 0.018 0.01 0.015 0.017 0.005 0.013 0.017 0.014 0.366 0.535 0.096 0.116 0.172 0.498 0.093 0.103 0.629 0.161 0.132 0.092 0.308 0.169 0.091 0.087 0.647 0.149 0.107 0.105 0.1 0.671 0.101 0.477 0.106 0.46 0.096 0.067

2 bet 20, 1 raise 50
0.002 0.002 0.002 0.002 0.002 0.001 0.002 0.002 0.002 0.001 0.002 0.001 0.002 0.002 0.002 0.003 0.002 0.002 0.002 0.002 0.003 0.002 0.002 0.003 0.002 0.002 0.003 0.002 0.325 0.306 0.287 0.288 0.267 0.519 0.991 0.994 0.995 0.983 0.015 0.015 0.014 0.012 0.009 0.622 0.438 0.997 0.998 0.998 0.984 0.158 0.277 0.271 0.25 0.252 0.228 0.596 0.631 0.521 0.993 0.993 0.994 0.981 0.359 0.004 0.005 0.01 0.005 0.01 0.011 0.004 0.008 0.009 0.009 0.096 0.175 0.022 0.884 0.128 0.115 0.907 0.897 0.223 0.839 0.868 0.258 0.024 0.831 0.291 0.301 0.117 0.851 0.227 0.244 0.274 0.037 0.003 0.004 0.894 0.003 0.904 0.933

2 bet 20, 1 raise 50, 2 call 50
0 0 0 0 0 0 0 0 0 0 0 0 0 0 0 0 0 0 0 0 0 0 0 0 0 0 0 0 0 0 0 0 0 0 0 0 0.018 0.018 0.018 0.017 0.015 0.014 0.01 0.013 0.012 0.013 0.018 0.067 0.025 0.123 0.121 0.108 0.001 0.001 0.001 0.001 0 0 0 0.001 0.116 0.099 0.088 0.131 0.109 0.134 0.137 0.131 0.247 0.017 0.017 0.017 0.016 0.016 0.015 0.011 0.014 0.013 0.012 0.016 0.012 0.073 0.108 0.107 0.021 0.001 0.001 0.006 0.001 0.002 0.277 0.001 0.001 0.001 0.278 0.427 0.406 0.027 0.02 0.089 0.406 0.051 0.023 0.018 0.073 0.225 0.528 0.031 0.02 0.167 0.048 0.216 0.339 0.297 0.014 0.302 0.011 0.01 0.342 0.019 0.013 0.01 0.036 0.032 0.037

1 raise 50, 2 raise 70
0.006 0.006 0.006 0.006 0.006 0.006 0.004 0.006 0.004 0.006 0.004 0.006 0.003 0.005 0.003 0.005 0.003 0.006 0.002 0.005 0.002 0.004 0.002 0.005 0.001 0.003 0.002 0.003 0.001 0.003 0.003 0.003 0.003 0.003 0.003 0.003 0.071 0.071 0.071 0.069 0.073 0.078 0.065 0.108 0.982 0.856 0.861 0.784 0.975 0.875 0.878 0.89 0.011 0.011 0.011 0.007 0.004 0.003 0.003 0.005 0.677 0.724 0.735 0.676 0.888 0.863 0.861 0.865 0.751 0.058 0.058 0.058 0.057 0.054 0.046 0.032 0.048 0.827 0.864 0.871 0.983 0.924 0.889 0.891 0.979 0.998 0.035 0.045 0.033 0.031 0.077 0.036 0.034 0.032 0.079 0.216 0.172 0.062 0.051 0.127 0.092 0.098 0.054 0.044 0.1 0.774 0.096 0.089 0.05 0.075 0.087 0.784 0.661 0.703 0.035 0.698 0.03 0.027 0.658 0.045 0.035 0.029 0.964 0.968 0.963

1 check, 2 bet 25
0.001 0.001 0.001 0.001 0.001 0.001 0 0.001 0 0.001 0 0.001 0 0 0 0 0 0 0 0 0 0 0 0 0 0 0 0 0 0 0 0 0 0 0 0 0.002 0.002 0.002 0.001 0.001 0.001 0 0 0 0 0 0 0.001 0.003 0.001 0.001 0.001 0.001 0.001 0.001 0 0 0 0 0 0 0 0 0.001 0.001 0.001 0 0 0.001 0.001 0.001 0.001 0.001 0.001 0 0 0 0 0 0 0.001 0.002 0.001 0 0 0.001 0 0.001 0.001 0 0.001 0.001 0.001 0 0 0 0 0 0 0 0 0 0 0 0 0 0 0 0 0 0 0.002 0.005 0 0.002 0 0 0.001 0.001 0 0 0.002 0.002 0.002

2 bet 25, 1 call 25
0 0 0 0 0 0 0 0 0 0 0 0 0 0 0 0 0 0 0 0 0 0 0 0 0 0 0 0 0.444 0.467 0.47 0.461 0.471 0.31 0.015 0.02 0.019 0.072 0.289 0.293 0.289 0.285 0.29 0.493 0.282 0.017 0.022 0.017 0.034 0.452 0.538 0.551 0.548 0.541 0.549 0.411 0.558 0.341 0.018 0.019 0.019 0.062 0.434 0 0 0 0.001 0 0 0.001 0 0 0 0.275 0.382 0.151 0.156 0.21 0.382 0.154 0.151 0.423 0.348 0.334 0.179 0.097 0.367 0.192 0.182 0.274 0.315 0.196 0.187 0.201 0.326 0 0.131 0.039 0.151 0.049 0.043

2 bet 25, 1 raise 90
0 0 0.001 0 0.001 0 0.001 0.001 0.001 0 0.001 0.001 0.001 0.001 0.001 0.001 0.001 0.001 0.001 0 0.001 0.001 0.001 0.001 0.001 0.001 0.001 0.001 0.295 0.251 0.176 0.2 0.177 0.663 0.984 0.98 0.98 0.926 0.172 0.177 0.098 0.127 0.134 0.507 0.706 0.983 0.978 0.983 0.966 0.548 0.272 0.266 0.188 0.21 0.184 0.589 0.442 0.648 0.982 0.981 0.981 0.938 0.566 0.015 0.012 0.027 0.017 0.018 0.026 0.015 0.017 0.025 0.016 0.043 0.055 0.033 0.844 0.071 0.036 0.846 0.849 0.093 0.652 0.666 0.156 0.115 0.633 0.18 0.193 0.153 0.685 0.149 0.163 0.186 0.103 0.047 0.063 0.961 0.062 0.951 0.957

2 bet 25, 1 raise 90, 2 call 90
0 0 0 0 0 0 0 0 0 0 0 0 0 0 0 0 0 0 0 0 0 0 0 0 0 0 0 0 0 0 0 0 0 0 0 0 0 0 0 0 0 0 0 0 1 0.941 0.991 0.628 1 1 1 1 0 0 0 0 0 0 0 0 0.296 0.597 0.602 0.295 1 1 1 1 1 0 0 0 0 0 0 0 0 0.575 0.884 0.989 1 1 1 1 1 1 0 0 0 0 0 0 0 0 0 0.002 0.001 0 0 0 0 0 0 0 0 1 0.001 0 0 0 0 1 1 1 0 1 0 0 1 0 0 0 1 1 1

root, 1 bet 7
0.038 0 0.089 0.014 0.065 0 0.02 0.063 0.041 0 0.049 0.048 0.001 0 0.061 0.056 0.056 0.001 0 0 0.035 0.06 0.001 0 0.001 0.001 0.032 0 0.02 0.064 0.077 0.052 0.069 0.153 0.013 0.034 0.033 0 0.055 0.073 0.075 0.04 0.112 0.023 0.018 0.01 0.022 0.01 0 0.026 0.021 0.053 0.074 0.048 0.071 0.061 0.022 0.167 0.041 0.016 0.029 0 0.003 0.002 0.011 0.003 0.003 0.013 0.009 0.002 0.013 0.015 0.028 0.02 0.017 0.035 0.034 0.033 0.029 0.037 0.025 0.018 0.01 0.033 0.007 0.074 0.036 0.011 0.063 0.094 0.05 0.008 0.022 0.006 0.095 0.003 0.002 0.002 0.002 0.006 0.001

1 bet 7, 2 call 7
0.292 0.391 0.223 0.427 0.278 0.38 0.088 0.101 0 0.23 0.09 0.1 0 0 0 0 0 0 0 0 0.001 0 0 0 0 0 0 0 0 0 0.045 0.044 0 0.115 0.04 0.038 0.87 0.87 0.89 0.957 0.998 0.999 1 1 1 0.954 0.99 0.85 1 0.93 0.909 0.686 0.629 0.629 0.626 0.67 0.795 0.913 0.998 0.998 0.998 0.997 0.998 0.986 0.711 0.899 0.939 0.538 1 0.889 0.893 0.911 0.966 0.997 0.999 1 1 0.978 0.938 0.978 0.988 0.794 0.825 0.865 0.998 1 1 1 1 1 1 0.936 0.981 0.987 1 1 1 0.956 0.998 0.802 0.854 0.999 0.996 0.999 0.997 1 1 0.976 0.951 1 0.819 1 0.993 0.634 0.849 0.899 0.926 0.789 0.951 0.999 0.753 0.864 0.999 0.999 0.999

1 bet 7, 2 raise 24
0 0 0 0 0 0 0 0 0 0 0 0 0 0 0 0 0 0 0 0 0 0 0 0 0 0 0 0 0 0 0 0 0 0 0 0 0.13 0.13 0.11 0.043 0.002 0.001 0 0 0 0.046 0.01 0.15 0 0.07 0.091 0.314 0.009 0.016 0.039 0.025 0.046 0.084 0.001 0.002 0.002 0.003 0.002 0.014 0.289 0.101 0.061 0.462 0 0.111 0.107 0.089 0.034 0.003 0.001 0 0 0.022 0.062 0.022 0.012 0.206 0.175 0.135 0.002 0 0 0 0 0 0 0.064 0.019 0.013 0 0 0 0.044 0.002 0.198 0.146 0.001 0.004 0.001 0.003 0 0 0.024 0.049 0 0.181 0 0.007 0.366 0 0.101 0 0 0.049 0.001 0 0.001 0.001 0.001 0.001

1 bet 7, 2 raise 24, 1 call  24
0 0 0 0 0 0 0 0 0 0 0 0 0 0 0 0 0 0 0 0 0 0 0 0 0 0 0 0 0.579 0.771 0.842 0.786 0.833 0.79 0.076 0.204 0.073 0 0.275 0.331 0.339 0.331 0.36 0.501 0.731 0.001 0.025 0.005 0 1 0.668 0.766 0.837 0.779 0.828 0.702 0.479 0.693 0.079 0.203 0.1 0 1 0 0 0 0 0 0.004 0 0 0.008 0 0.272 0.627 0.12 0.133 0.391 0.253 0.138 0.137 0.751 0.883 0.984 0.073 0.862 0.747 0.108 0.073 0.482 0.899 0.003 0.002 0.002 0.57 0 0.546 0 0.531 0 0

2 raise 24, 1 raise  83
0 0 0 0 0 0 0 0 0 0 0 0 0 0 0 0 0 0 0 0 0 0 0 0 0 0 0 0 0.42 0.228 0.158 0.212 0.166 0.21 0.924 0.796 0.927 1 0.148 0.141 0.139 0.14 0.137 0.499 0.269 0.999 0.975 0.995 1 0 0.331 0.234 0.163 0.22 0.171 0.298 0.521 0.307 0.921 0.797 0.9 1 0 0 0 0 0 0 0 0 0 0 0 0.002 0.181 0 0.867 0 0.266 0.862 0.863 0 0.117 0.016 0.418 0.133 0.253 0.102 0.044 0.518 0.101 0.237 0.285 0.033 0.43 0 0.012 1 0 1 1

root, 1 bet 10
0.338 0 0.384 0.33 0.372 0 0.401 0.346 0.37 0 0.193 0.476 0.139 0.038 0.362 0.275 0.201 0.138 0.137 0 0.223 0.297 0.01 0.127 0.158 0.059 0.261 0.021 0.453 0.471 0.491 0.448 0.519 0.526 0.366 0.367 0.358 0.079 0.474 0.515 0.515 0.481 0.489 0.295 0.334 0.315 0.287 0.289 0.024 0.379 0.418 0.486 0.502 0.456 0.531 0.367 0.287 0.523 0.389 0.358 0.377 0.071 0.296 0.444 0.681 0.283 0.545 0.274 0.261 0.412 0.301 0.264 0.267 0.267 0.408 0.312 0.287 0.276 0.339 0.305 0.292 0.308 0.309 0.403 0.159 0.728 0.412 0.217 0.223 0.603 0.348 0.183 0.224 0.226 0.666 0.213 0.292 0.116 0.223 0.209 0.053

1 bet 10, 2 call 10
0 0 0 0 0 0 0 0 0 0 0 0 0 0 0 0 0 0 0 0 0 0 0 0 0 0 0 0 0 0 0 0 0 0 0 0 0.997 0.997 0.997 0.998 0.999 1 1 1 0.999 0.997 0.999 0.984 0.995 0.99 0.995 0.987 0 0 0 0.001 0.202 0.496 0.699 0.987 0.998 0.986 0.998 0.985 0.962 0.862 0.98 0.758 1 0.998 0.998 0.998 0.998 0.999 1 1 1 0.999 0.997 0.999 0.998 0.992 0.984 0.997 0.994 1 0.802 1 0.923 0.434 1 0.998 0.84 0.954 1 1 1 0.998 0.997 0.948 0.997 1 0.999 1 0.999 1 1 0.998 0.998 1 0.97 1 0.999 0.991 0.471 0.999 0.573 0.152 0.998 0.943 0.515 0.602 0.996 0.997 0.998

1 bet 10, 2 raise 30
0 0 0 0 0 0 0 0 0 0 0 0 0 0 0 0 0 0 0 0 0 0 0 0 0 0 0 0 0 0 0 0 0 0 0 0 0.003 0.003 0.003 0.002 0.001 0 0 0 0.001 0.003 0.001 0.016 0.005 0.01 0.005 0.013 0.005 0.005 0.005 0.008 0.049 0.067 0.003 0.002 0.002 0.014 0.002 0.015 0.038 0.138 0.02 0.242 0 0.002 0.002 0.002 0.002 0.001 0 0 0 0.001 0.003 0.001 0.002 0.008 0.016 0.003 0.006 0 0 0 0 0 0 0 0 0 0 0 0 0.002 0.003 0.052 0.003 0 0.001 0 0.001 0 0 0.002 0.002 0 0.03 0 0.001 0.009 0 0.001 0 0 0.002 0 0 0 0.004 0.003 0.002

1 bet 10, 2 raise 30, 1 call  30
0 0 0 0 0 0 0 0 0 0 0 0 0 0 0 0 0 0 0 0 0 0 0 0 0 0 0 0 0.298 0.372 0.39 0.38 0.45 0.516 0.1 0.086 0.109 0 0.143 0.151 0.156 0.16 0.188 0.176 0.453 0.002 0.033 0.005 0.011 0.445 0.31 0.375 0.393 0.381 0.455 0.246 0.119 0.502 0.125 0.067 0.135 0 0.999 0 0 0.002 0 0 0.003 0.001 0.001 0.02 0.002 0.22 0.312 0.033 0.043 0.117 0.261 0.064 0.036 0.395 0.494 0.517 0.045 0.364 0.434 0.037 0.013 0.255 0.538 0.046 0.016 0.015 0.248 0.034 0.378 0.02 0.341 0.02 0.02

2 raise 30, 1 raise  80
0.001 0 0.001 0.001 0.001 0.001 0.001 0.001 0.001 0.001 0.001 0.001 0.001 0.001 0.001 0.001 0.001 0.001 0.001 0.001 0.001 0.001 0.001 0.001 0.001 0.001 0.001 0.001 0.486 0.335 0.313 0.323 0.288 0.484 0.9 0.914 0.891 1 0.21 0.22 0.211 0.211 0.204 0.824 0.546 0.998 0.967 0.995 0.989 0.555 0.389 0.357 0.336 0.346 0.311 0.754 0.881 0.498 0.875 0.933 0.865 1 0.001 0.003 0.002 0.002 0.004 0.002 0.002 0.007 0.002 0.004 0.002 0.433 0.306 0.059 0.957 0.065 0.463 0.936 0.964 0.272 0.506 0.483 0.132 0.402 0.566 0.032 0.091 0.658 0.462 0.084 0.216 0.033 0.714 0.003 0.263 0.98 0.132 0.98 0.98

root, 1 bet 15
0.413 0 0.408 0.444 0.312 0 0.389 0.332 0.269 0 0.192 0.451 0.383 0.235 0.288 0.375 0.178 0.372 0.161 0 0.217 0.24 0.424 0.175 0.121 0.624 0.22 0.433 0.409 0.332 0.332 0.355 0.29 0.229 0.406 0.393 0.41 0.363 0.315 0.275 0.284 0.346 0.298 0.447 0.457 0.484 0.471 0.462 0.297 0.503 0.406 0.366 0.364 0.373 0.312 0.331 0.455 0.215 0.402 0.399 0.395 0.324 0.582 0.549 0.303 0.459 0.387 0.41 0.42 0.572 0.482 0.48 0.448 0.518 0.419 0.418 0.362 0.427 0.44 0.366 0.373 0.444 0.578 0.522 0.472 0.198 0.515 0.454 0.342 0.298 0.49 0.434 0.397 0.436 0.238 0.429 0.382 0.484 0.415 0.457 0.492

1 bet 15, 2 call 15
0 0 0 0 0 0 0 0 0 0 0 0 0 0 0 0 0 0 0 0 0 0 0 0 0 0 0 0 0 0 0 0 0 0 0 0 0.999 0.999 0.999 0.998 0.66 0.756 0.789 0.997 1 0.999 1 0.999 1 0.999 0.999 0.999 0.003 0.003 0.003 0.014 0.115 0.218 0.026 0.181 0.999 0.995 0.998 0.99 0.948 0.651 0.94 0.849 1 0.999 0.999 0.999 0.998 0.671 0.749 0.788 0.997 1 1 1 1 0.999 0.998 0.998 1 1 0.219 1 0.152 0.005 1 0.561 0.458 0.303 1 1 1 0.974 1 0.992 1 0.965 0.998 0.528 0.763 1 1 0.921 0.506 1 0.983 1 1 1 0.002 1 0 0 1 0.403 0.19 0.093 1 1 1

1 bet 15, 2 raise 40
0 0 0 0 0 0 0 0 0 0 0 0 0 0 0 0 0 0 0 0 0 0 0 0 0 0 0 0 0 0 0 0 0 0 0 0 0 0 0 0 0 0 0 0 0 0.001 0 0.001 0 0.001 0.001 0.001 0.015 0.015 0.016 0.019 0.026 0.03 0.001 0 0.001 0.005 0.002 0.01 0.052 0.349 0.06 0.151 0 0 0 0 0 0 0 0 0 0 0 0 0 0.001 0.002 0.002 0 0 0 0 0 0 0 0 0 0 0 0 0 0 0 0.007 0 0 0 0 0 0 0 0 0 0 0.01 0 0 0 0 0 0 0 0 0 0 0 0 0 0

1 bet 15, 2 raise 40, 1 call  40
0 0 0 0 0 0 0 0 0 0 0 0 0 0 0 0 0 0 0 0 0 0 0 0 0 0 0 0 0.074 0.121 0.144 0.125 0.191 0.268 0.053 0.047 0.053 0 0.025 0.026 0.026 0.025 0.025 0 0.231 0 0 0 0 0.244 0.054 0.116 0.134 0.106 0.166 0.065 0 0.353 0.072 0.046 0.066 0 0.67 0 0 0 0 0 0 0 0 0 0 0.093 0.085 0.002 0.035 0.016 0.164 0.045 0.031 0.069 0.151 0.139 0.018 0.146 0.176 0.001 0.019 0.178 0.188 0.003 0.001 0.003 0.152 0.001 0.236 0.018 0.034 0.019 0.017

2 raise 40, 1 raise  75
0 0 0 0 0 0 0 0 0 0 0 0 0 0 0 0 0 0 0 0 0 0 0 0 0 0 0 0 0.42 0.204 0.183 0.196 0.186 0.715 0.947 0.953 0.947 1 0.173 0.175 0.177 0.178 0.181 1 0.642 1 1 1 1 0.756 0.165 0.151 0.137 0.148 0.142 0.935 1 0.629 0.928 0.954 0.934 1 0.33 0.001 0 0 0.001 0 0 0.001 0 0 0 0.687 0.603 0.001 0.965 0.011 0.657 0.955 0.969 0.711 0.849 0.861 0.025 0.119 0.824 0.004 0.042 0.781 0.812 0.034 0.475 0.03 0.841 0.001 0.011 0.982 0.009 0.981 0.983

root, 1 bet 20
0.095 0 0.086 0.121 0.141 0 0.187 0.168 0.001 0 0.176 0.022 0.367 0.316 0.013 0.201 0.167 0.36 0 0 0.172 0 0.426 0.247 0 0.3 0.128 0.388 0.108 0.098 0.086 0.124 0.091 0 0.199 0.191 0.192 0.48 0.115 0.102 0.087 0.106 0.069 0.197 0.179 0.189 0.217 0.236 0.565 0.092 0.131 0.075 0.056 0.112 0.068 0.158 0.203 0.007 0.162 0.215 0.191 0.505 0.119 0.005 0.004 0.247 0.064 0.255 0.297 0.015 0.185 0.228 0.246 0.185 0.137 0.212 0.236 0.227 0.177 0.242 0.258 0.208 0.102 0.041 0.305 0.001 0.036 0.282 0.265 0.005 0.111 0.333 0.313 0.293 0.001 0.356 0.324 0.394 0.359 0.325 0.452

1 bet 20, 2 call 20
0 0 0 0 0 0 0 0 0 0 0 0 0 0 0 0 0 0 0 0 0 0 0 0 0 0 0 0 0 0 0 0 0 0 0 0 0.98 0.969 0.98 0.718 0.408 0.49 0.407 0.75 1 1 1 0.997 1 0.998 1 1 0.009 0.003 0.003 0.002 0.002 0.001 0 0 0.998 0.984 0.997 0.798 0.847 0.683 0.784 0.7 1 0.947 0.942 0.953 0.697 0.362 0.416 0.377 0.704 1 1 1 1 1 0.998 1 1 1 0 1 0 0 1 0.279 0.085 0.005 1 1 0.999 0.707 0.651 1 1 0.722 0.812 0.298 0.666 1 1 0.685 0.416 1 0.775 1 1 1 0 1 0 0 1 0.189 0.052 0 1 1 1

1 bet 20, 2 raise 50
0 0 0 0 0 0 0 0 0 0 0 0 0 0 0 0 0 0 0 0 0 0 0 0 0 0 0 0 0 0 0 0 0 0 0 0 0 0 0 0 0 0 0 0 0 0 0 0.003 0 0.002 0 0 0.038 0.039 0.039 0.036 0.038 0.039 0 0 0.002 0.016 0.003 0.202 0.153 0.317 0.216 0.3 0 0 0 0 0 0 0 0 0 0 0 0 0 0 0.002 0 0 0 0 0 0 0 0 0 0 0 0 0 0.001 0 0 0 0 0 0.003 0 0 0 0 0 0 0 0 0 0 0 0 0 0 0 0 0 0 0 0 0 0

1 bet 20, 2 raise 50, 1 call  50
0 0 0 0 0 0 0 0 0 0 0 0 0 0 0 0 0 0 0 0 0 0 0 0 0 0 0 0 0.021 0.03 0.032 0.019 0.045 0.353 0.014 0.032 0.008 0.001 0.031 0.033 0.035 0.032 0.028 0.003 0.136 0.004 0.047 0.004 0.013 0.287 0.014 0.022 0.024 0.017 0.032 0.058 0.002 0.372 0.008 0.03 0.007 0 0.432 0 0 0 0 0 0 0 0 0 0 0.016 0.011 0.001 0.023 0 0.036 0.004 0.009 0.005 0.037 0.027 0 0 0.077 0 0 0.007 0.108 0.002 0.002 0.002 0.045 0 0.008 0.013 0.002 0.005 0.006

2 raise 50, 1 raise  70
0 0 0 0 0 0 0 0 0 0 0 0 0 0 0 0 0 0 0 0 0 0 0 0 0 0 0 0 0.09 0.055 0.056 0.056 0.054 0.646 0.986 0.968 0.992 0.999 0.034 0.033 0.034 0.034 0.034 0.997 0.202 0.996 0.951 0.996 0.987 0.703 0.012 0.012 0.013 0.013 0.012 0.942 0.998 0.624 0.992 0.97 0.993 1 0.568 0 0 0 0 0 0 0.001 0 0 0 0.565 0.607 0.001 0.977 0 0.543 0.996 0.991 0.858 0.963 0.973 0.001 0.001 0.923 0.003 0.002 0.747 0.892 0.029 0.047 0.195 0.889 0 0.008 0.987 0.005 0.995 0.994

root, 1 bet 25
0.004 0.001 0.003 0.004 0.02 0.001 0.003 0.031 0.006 0 0.002 0.002 0.013 0.004 0.01 0.003 0.002 0.016 0.002 0 0.002 0.001 0.006 0.004 0.002 0.001 0.002 0.006 0.001 0 0 0.001 0.001 0.001 0.005 0.005 0.002 0.043 0.001 0 0 0.002 0.005 0.004 0.001 0.001 0.002 0.001 0.088 0 0 0 0 0 0 0.016 0.002 0.002 0.003 0.004 0.002 0.059 0 0.001 0.001 0.005 0.001 0.037 0.011 0 0.007 0.009 0.006 0 0.001 0.002 0.033 0.005 0 0.007 0.012 0 0.001 0.001 0.037 0 0.001 0.011 0.042 0 0.001 0.012 0.024 0.011 0 0 0 0.003 0 0.003 0.002

1 bet 25, 2 call 25
0 0 0 0 0 0 0 0 0 0 0 0 0 0 0 0 0 0 0 0 0 0 0 0 0 0 0 0 0 0 0 0 0 0 0 0 0.358 0.36 0.36 0.324 0.221 0.255 0.344 0.383 0.994 0.765 0.742 0.727 0.944 0.66 0.561 0.693 0.009 0.009 0.009 0.009 0.01 0.011 0.009 0.008 0.761 0.693 0.701 0.657 0.617 0.697 0.542 0.663 0.783 0.392 0.394 0.394 0.347 0.22 0.244 0.352 0.387 0.824 0.74 0.746 0.987 0.636 0.661 0.558 0.995 0.999 0.002 0.482 0.002 0.002 0.589 0.012 0.086 0.005 0.989 0.993 0.99 0.592 0.374 0.666 0.884 0.532 0.57 0.353 0.662 0.998 0.994 0.426 0.485 0.791 0.559 1 1 1 0.241 1 0.003 0.02 1 0.235 0.377 0.004 0.044 0.041 0.045

1 bet 25, 2 raise 90
0.001 0.001 0.001 0.001 0.001 0.001 0.001 0.001 0.001 0.001 0.001 0.001 0 0 0 0 0 0 0 0 0 0 0 0 0 0 0 0 0 0 0 0 0 0 0 0 0.152 0.152 0.152 0.102 0.065 0.036 0.032 0.065 0.004 0.228 0.179 0.269 0.056 0.339 0.438 0.306 0.013 0.013 0.013 0.013 0.014 0.014 0.011 0.011 0.229 0.297 0.253 0.339 0.382 0.302 0.457 0.336 0.217 0.116 0.116 0.116 0.094 0.071 0.041 0.031 0.06 0.167 0.255 0.207 0.011 0.363 0.338 0.441 0.005 0.001 0.001 0.001 0.001 0.001 0.002 0.001 0.001 0.001 0.002 0.002 0.003 0.005 0.001 0.002 0.002 0.001 0.025 0.001 0.002 0.002 0.002 0.001 0.002 0.001 0.001 0 0 0 0.002 0 0.001 0.001 0 0.002 0.001 0.001 0.956 0.959 0.955

1 bet 25, 2 raise 90, 1 call  90
0 0 0 0 0 0 0 0 0 0 0 0 0 0 0 0 0 0 0 0 0 0 0 0 0 0 0 0 0.001 0.001 0.001 0.001 0.001 1 1 1 1 1 0 0 0 0 0 1 1 1 1 1 1 1 0.001 0.001 0.001 0.001 0.001 1 1 1 1 1 1 1 1 0 0 0 0 0 0 0 0 0 0 0.001 0.001 0 1 0 0.001 1 1 0.002 1 1 0 0 1 0 0 0 1 0 0 0 0 0 0 1 0 1 1
