game = '6-max Cash', preflop situation = 'MP openraise BB 3bet MP call', stack = '90', pot = '20', bets = '33 50 75 100 125'

OOP preflop range
6c5c_0.25 6d5d_0.25 6h5h_0.25 6s5s_0.25 7c6c_0.50 7d6d_0.50 7s6s_0.50 8c7c_0.50 8d7d_0.50 8d8c_0.25 8h8c_0.25 8h8d_0.25 8s7s_0.50 8s8c_0.25 8s8d_0.25 8s8h_0.25 9c8c_0.25 9d8d_0.25 9d9c_0.25 9h8h_0.25 9h9c_0.25 9h9d_0.25 9s8s_0.25 9s9c_0.25 9s9d_0.25 9s9h_0.25 Ac3c_0.25 Ac4c_0.25 Ac5c_0.50 Ac6c_0.50 AcJc_0.50 AcKc_1 AcKd_0.75 AcKh_0.75 AcKs_0.75 AcQc_1 AcTc_0.25 Ad2d_0.50 Ad3d_0.25 Ad4d_0.25 Ad5d_0.50 Ad6d_0.50 AdAc_1 AdJd_0.50 AdKc_0.75 AdKd_1 AdKh_0.75 AdKs_0.75 AdQd_1 AdTd_0.25 Ah2h_0.50 Ah3h_0.25 Ah4h_0.25 Ah5h_0.50 Ah6h_0.50 AhAc_1 AhAd_1 AhJh_0.50 AhKc_0.75 AhKd_0.75 AhKh_1 AhKs_0.75 AhQh_1 AhTh_0.25 Jc9c_0.25 Jd9d_0.25 JdJc_0.75 Jh9h_0.25 JhJc_0.75 JhJd_0.75 Js9s_0.25 JsJc_0.75 JsJd_0.75 JsJh_0.75 KcJc_0.75 KcQc_1 KdJd_0.75 KdKc_1 KdQd_1 KhJh_0.75 KhKc_1 KhKd_1 KhQh_1 KsJs_0.75 KsKc_1 KsKd_1 KsKh_1 KsQs_1 QcJc_0.75 QcTc_0.25 QdJd_0.75 QdQc_1 QdTd_0.25 QhJh_0.75 QhQc_1 QhQd_1 QhTh_0.25 QsJs_0.75 QsQc_1 QsQd_1 QsQh_1 QsTs_0.25 Tc9c_0.25 Td9d_0.25 TdTc_0.50 Th9h_0.25 ThTc_0.50 ThTd_0.50 Ts9s_0.25 TsTc_0.50 TsTd_0.50 TsTh_0.50

IP preflop range
4d4c_0.25 4h4c_0.25 4h4d_0.25 4s4c_0.25 4s4d_0.25 4s4h_0.25 5d5c_0.25 5h5c_0.25 5h5d_0.25 5s5c_0.25 5s5d_0.25 5s5h_0.25 6d6c_0.50 6h6c_0.50 6h6d_0.50 6s6c_0.50 6s6d_0.50 6s6h_0.50 7d7c_0.50 7s7c_0.50 7s7d_0.50 8d8c_1 8h8c_1 8h8d_1 8s8c_1 8s8d_1 8s8h_1 9d9c_1 9h9c_1 9h9d_1 9s9c_1 9s9d_1 9s9h_1 Ac3c_1 Ac4c_1 Ac5c_1 Ac6c_1 Ac7c_1 Ac8c_1 Ac9c_1 AcJc_0.75 AcJd_1 AcJh_1 AcJs_1 AcQc_0.50 AcQd_1 AcQh_1 AcQs_1 AcTc_1 Ad2d_1 Ad3d_1 Ad4d_1 Ad5d_1 Ad6d_1 Ad7d_1 Ad8d_1 Ad9d_1 AdJc_1 AdJd_0.75 AdJh_1 AdJs_1 AdQc_1 AdQd_0.50 AdQh_1 AdQs_1 AdTd_1 Ah2h_1 Ah3h_1 Ah4h_1 Ah5h_1 Ah6h_1 Ah8h_1 Ah9h_1 AhJc_1 AhJd_1 AhJh_0.75 AhJs_1 AhQc_1 AhQd_1 AhQh_0.50 AhQs_1 AhTh_1 JcTc_0.50 JdJc_1 JdTd_0.50 JhJc_1 JhJd_1 JhTh_0.50 JsJc_1 JsJd_1 JsJh_1 JsTs_0.50 KcJc_1 KcQc_1 KcQd_1 KcQh_1 KcQs_1 KcTc_0.50 KdJd_1 KdQc_1 KdQd_1 KdQh_1 KdQs_1 KdTd_0.50 KhJh_1 KhQc_1 KhQd_1 KhQh_1 KhQs_1 KhTh_0.50 KsJs_1 KsQc_1 KsQd_1 KsQh_1 KsQs_1 KsTs_0.50 QcJc_0.50 QdJd_0.50 QdQc_1 QhJh_0.50 QhQc_1 QhQd_1 QsJs_0.50 QsQc_1 QsQd_1 QsQh_1 TdTc_1 ThTc_1 ThTd_1 TsTc_1 TsTd_1 TsTh_1

root, 1 check
0.002 0.099 0.002 0.002 0.214 0.176 0.066 0.185 0.133 0.178 0.192 0.22 0.133 0.208 0.258 0.247 0.093 0.617 0.268 0.017 0.258 0.282 0.018 0.297 0.339 0.317 0.867 0.884 0.821 0.828 0.678 0.126 0.045 0.144 0.187 0.573 0.692 0.673 0.856 0.86 0.819 0.852 0.679 0.654 0.142 0.051 0.123 0.169 0.597 0.679 0.637 0.892 0.891 0.815 0.838 0.647 0.675 0.666 0.167 0.052 0.088 0.194 0.627 0.695 0.567 0.991 0.692 0.514 0.614 0.711 0.494 0.59 0.754 0.628 0.778 0.999 0.999 0.662 1 0.777 0.608 0.656 0.999 0.553 0.652 0.742 0.664 0.886 0.504 0.814 0.908 0.756 0.999 0.51 0.695 0.751 0.817 0.383 0.697 0.753 0.701 0.681 0.384 0.995 0.442 0.32 0.394 0.459 0.305 0.42 0.528 0.441

1 check, 2 check
0.071 0.081 0.05 0.179 0.135 0.156 0.026 0.03 0.015 0.196 0.142 0.165 0.046 0.021 0.057 0.143 0.16 0.149 0 0 0 0.218 0.154 0.232 0.194 0.254 0.215 0.408 0.237 0.391 0.271 0.438 0.264 0.861 0.829 0.734 0.697 0 0.371 0.33 0.014 0.37 0.523 0.622 0 0.076 0.085 0.206 0.354 0 0.917 0.912 0.823 0.704 0 0.451 0.391 0.428 0.268 0.416 0.476 0.112 0.056 0.076 0.194 0.495 0 0.843 0.818 0.716 0.724 0.37 0.344 0.474 0.301 0.005 0.539 0.048 0.011 0 0.125 0.361 0.302 0.999 0.418 0.998 0.999 0.299 0.973 0.999 0.983 0.461 0.499 0.459 0.894 0.702 0.595 0.433 0.588 0.88 0.362 0.893 0.778 0.391 0.498 0.728 0.947 0.438 0.633 0.416 0.702 0.566 0.784 0.58 0.592 0.493 0.113 0.041 0.71 0.098 0.708 0.723 0.351 0.822 0.811 0.861 0.547 0.503 0.538 0.685 0.725 0.683

1 check, 2 bet 7
0.398 0.371 0.415 0.359 0.398 0.366 0.435 0.402 0.464 0.388 0.434 0.396 0.382 0.4 0.384 0.351 0.377 0.358 0.007 0.047 0.011 0.302 0.331 0.279 0.319 0.275 0.302 0.212 0.275 0.208 0.284 0.214 0.278 0.121 0.149 0.221 0.235 0.379 0.383 0.383 0.419 0.339 0.274 0.226 0.501 0.468 0.44 0.375 0.359 0.526 0.064 0.069 0.14 0.224 0.361 0.387 0.389 0.302 0.342 0.303 0.272 0.435 0.498 0.445 0.386 0.325 0.461 0.129 0.155 0.233 0.215 0.361 0.368 0.29 0.351 0.409 0.254 0.439 0.472 0.499 0.388 0.342 0.319 0 0.243 0.001 0 0.319 0.022 0 0.013 0.286 0.356 0.353 0.042 0.169 0.224 0.376 0.326 0.076 0.372 0.066 0.17 0.377 0.364 0.153 0.022 0.369 0.207 0.386 0.26 0.207 0.117 0.204 0.267 0.37 0.349 0.381 0.163 0.359 0.166 0.156 0.319 0.159 0.141 0.136 0.177 0.192 0.179 0.118 0.101 0.121

2 bet 7, 1 call 7
0 0 0 0 0.001 0.007 0.008 0.424 0.772 0.996 0.995 0.996 0.63 0.997 0.997 0.997 0.575 0 0.998 0.586 0.997 0.998 0.788 0.998 0.998 0.998 1 1 0.999 0.98 0.961 0 0.01 0.004 0.032 0.678 0.999 0.411 1 1 0.99 0.989 1 0.951 0.006 0.036 0.006 0.163 0.714 0.926 0.467 1 1 0.983 0.963 1 1 0.956 0.091 0.068 0.002 0.287 0.709 0.996 0 0 0.819 0 0.934 0.817 0 0.941 0.783 0.948 0 0 0 0.89 0 0 0.983 0.887 0 0.087 0.843 0.758 0.842 0.059 0.049 0 0 0.819 0 0.032 0.869 0.828 0 0.122 0.86 0.836 0.863 0 0.018 0 0.964 0.007 0.98 0.975 0.384 0.999 0.999 0.999

2 bet 7, 1 raise 24
1 0.003 1 1 0.999 0.993 0.992 0.576 0.228 0.004 0.005 0.004 0.37 0.003 0.002 0.002 0.417 0 0.002 0.411 0.002 0.002 0.209 0.001 0.001 0.001 0 0 0.001 0.02 0.039 1 0.99 0.996 0.968 0.322 0.001 0.589 0 0 0.01 0.011 0 0.049 0.994 0.964 0.994 0.837 0.286 0.074 0.533 0 0 0.017 0.037 0 0 0.044 0.909 0.932 0.998 0.713 0.291 0.004 0.001 0 0.177 0.001 0.065 0.171 0.001 0.058 0.078 0.051 0 0 0 0.028 0 0 0.003 0.033 0 0 0 0 0 0 0.001 0 0 0.177 0 0.001 0.129 0.169 0 0.047 0.136 0.159 0.133 0 0.001 0 0.035 0.001 0.02 0.024 0.001 0 0 0

2 bet 7, 1 raise 24, 2 call 24
0.702 0.804 0.714 0.709 0.634 0.72 0.659 0.731 0.673 0.629 0.579 0.642 0.458 0.611 0.492 0.47 0.353 0.508 1 1 1 0.159 0.335 0.248 0.203 0.082 0.286 0.203 0.223 0.234 0.14 0.152 0.176 1 1 1 1 1 1 1 1 0.999 0.999 0.999 1 0.999 0.999 0.999 1 1 1 1 1 1 1 1 1 0.999 0.999 0.999 0.999 0.999 0.999 0.999 0.999 1 1 1 1 1 1 1 1 0.999 0.999 1 0.999 0.999 0.999 1 0.999 1 0 0.027 0 0.054 0.031 0 0.002 0.002 0.002 0 0 0.001 0 0 0 0.001 0 0 0 0 0 0 0 0 0 0.001 0 0.001 0 0 0 0 0 0.001 0 0 0.992 0 0.999 0.992 0 0.966 0.82 0.977 0.352 0.384 0.359 0.306 0.302 0.319

1 raise 24, 2 raise 83
0 0 0 0 0 0 0 0 0 0 0 0 0 0 0 0 0 0 0 0 0 0 0 0 0 0 0 0 0 0 0 0 0 0 0 0 0 0 0 0 0 0.001 0.001 0.001 0 0.001 0.001 0.001 0 0 0 0 0 0 0 0 0 0.001 0.001 0.001 0.001 0.001 0.001 0.001 0.001 0 0 0 0 0 0 0 0 0.001 0.001 0 0.001 0.001 0.001 0 0.001 0 0 0 0 0 0 0 0 0 0 0 0 0 0 0 0 0 0 0 0 0 0 0 0 0 0 0 0 0 0 0 0 0 0 0 0 0 0 0 0 0 0 0 0 0 0 0 0 0 0 0

1 check, 2 bet 10
0.412 0.409 0.419 0.371 0.392 0.375 0.456 0.448 0.461 0.39 0.406 0.393 0.523 0.555 0.51 0.384 0.384 0.384 0.378 0.535 0.468 0.339 0.365 0.351 0.309 0.309 0.325 0.282 0.316 0.286 0.306 0.279 0.31 0.018 0.021 0.044 0.067 0.518 0.246 0.281 0.441 0.271 0.202 0.151 0.477 0.408 0.407 0.355 0.284 0.451 0.019 0.019 0.038 0.072 0.479 0.161 0.208 0.257 0.315 0.27 0.246 0.399 0.431 0.416 0.376 0.18 0.463 0.027 0.027 0.051 0.061 0.268 0.288 0.235 0.303 0.461 0.206 0.432 0.455 0.49 0.392 0.293 0.374 0 0.321 0.001 0 0.378 0.004 0 0.003 0.251 0.145 0.185 0.059 0.129 0.18 0.189 0.084 0.044 0.265 0.041 0.051 0.23 0.138 0.119 0.031 0.191 0.16 0.197 0.037 0.216 0.096 0.202 0.131 0.096 0.487 0.461 0.127 0.489 0.126 0.121 0.329 0.019 0.048 0.003 0.226 0.232 0.23 0.195 0.173 0.195

2 bet 10, 1 call 10
0 0 0 0 0.015 0.004 0.31 0.402 0.466 0.987 0.99 0.99 0.608 0.981 0.968 0.986 0 0 0.997 0.001 0.997 0.997 0 0.996 0.993 0.996 1 1 0.988 0.969 0.958 0.003 0 0.003 0.002 0.599 1 0.205 1 1 0.929 0.938 1 0.94 0.007 0.002 0.006 0.012 0.637 0.994 0.387 1 1 0.952 0.921 1 1 0.95 0.113 0.001 0.009 0.023 0.663 1 0 0 0.579 0 0.817 0.577 0 0.752 0.554 0.753 0 0 0 0.613 0 0 0.657 0.618 0 0 0.56 0.523 0.564 0.002 0 0 0 0.609 0 0 0.664 0.6 0 0.077 0.661 0.6 0.644 0 0 0 0.692 0 0.953 0.683 0 0.696 0.519 0.685

2 bet 10, 1 raise 30
0.561 0.005 0.617 0.973 0.985 0.996 0.69 0.598 0.534 0.005 0.006 0.004 0.392 0.004 0.002 0.003 0.007 0.001 0.001 0.008 0.001 0.001 0.004 0.001 0.001 0.001 0 0 0.012 0.031 0.042 0.997 1 0.997 0.998 0.401 0 0.795 0 0 0.071 0.062 0 0.06 0.993 0.998 0.994 0.988 0.363 0.006 0.613 0 0 0.048 0.079 0 0 0.05 0.887 0.999 0.991 0.977 0.337 0 0.001 0 0.108 0.001 0.02 0.099 0.001 0.061 0.073 0.041 0 0 0 0 0 0 0 0 0 0 0 0 0 0 0.003 0.001 0 0.217 0 0.002 0.171 0.214 0.001 0.01 0.237 0.269 0.237 0.001 0.001 0 0 0.001 0 0 0.001 0 0 0

2 bet 10, 1 raise 30, 2 call 30
0.578 0.635 0.585 0.582 0.535 0.59 0.572 0.621 0.587 0.555 0.52 0.569 0.306 0.45 0.338 0.365 0.231 0.4 0.999 0.999 0.999 0.105 0.257 0.158 0.163 0.03 0.212 0.164 0.204 0.179 0.152 0.122 0.167 0.999 0.999 0.999 0.999 1 0.999 0.999 0.999 0.997 0.998 0.998 0.999 0.99 0.902 0.782 0.999 0.999 0.999 0.999 0.999 0.999 0.999 0.999 0.998 0.998 0.997 0.998 0.998 0.778 0.97 0.718 0.444 0.998 1 0.999 0.999 0.999 0.999 0.999 0.999 0.997 0.996 0.998 0.998 0.906 0.966 0.999 0.757 0.999 0 0.001 0 0.001 0.001 0 0 0 0 0 0.001 0.004 0 0 0 0.045 0 0 0 0 0 0 0 0 0 0.003 0 0.017 0 0 0 0 0 0.16 0 0 0.794 0 0.893 0.794 0 0.531 0.542 0.548 0.261 0.287 0.272 0.229 0.209 0.24

1 raise 30, 2 raise 80
0 0 0 0 0 0 0 0 0 0 0 0 0 0 0 0 0 0 0.001 0.001 0.001 0 0 0 0 0 0 0 0 0 0 0 0 0.001 0.001 0.001 0.001 0 0.001 0.001 0.001 0.003 0.002 0.002 0.001 0.01 0.098 0.218 0.001 0.001 0.001 0.001 0.001 0.001 0.001 0.001 0.002 0.002 0.003 0.002 0.002 0.222 0.03 0.282 0.556 0.002 0 0.001 0.001 0.001 0.001 0.001 0.001 0.003 0.004 0.002 0.002 0.094 0.034 0.001 0.243 0.001 0 0 0 0 0 0 0 0 0 0 0 0 0 0 0 0 0 0 0 0 0 0 0 0 0 0 0 0 0 0 0 0 0 0 0 0 0 0 0 0 0 0 0 0 0 0 0 0 0 0

1 check, 2 bet 15
0.119 0.132 0.117 0.09 0.075 0.098 0.083 0.062 0.059 0.026 0.018 0.033 0.047 0.023 0.046 0.066 0.067 0.057 0.402 0.417 0.382 0.13 0.142 0.135 0.121 0.134 0.122 0.092 0.149 0.104 0.111 0.058 0.12 0 0 0 0 0.103 0 0.006 0.125 0.019 0.001 0 0.021 0.042 0.063 0.047 0.003 0.022 0 0 0 0 0.152 0 0.011 0.013 0.074 0.01 0.006 0.053 0.014 0.061 0.042 0 0.072 0 0 0 0 0.001 0.001 0.001 0.044 0.123 0.001 0.076 0.057 0.01 0.075 0.004 0.005 0 0.002 0 0 0.004 0 0 0 0.002 0.001 0.003 0.005 0 0 0.001 0.001 0 0.001 0 0 0.002 0.001 0 0 0.002 0 0.001 0.001 0.011 0.003 0.009 0.009 0.04 0.051 0.116 0 0.054 0 0 0.001 0 0 0 0.049 0.072 0.053 0.002 0.001 0.002

2 bet 15, 1 call 15
0 0 0 0 0.779 0.439 0.897 0.95 0.964 0.002 0.144 0.029 1 0.001 0.001 0.029 0 0 0.372 0 0.401 0.375 0 0.336 0.303 0.338 1 1 0.986 0.966 0.999 0.048 0.002 0.015 0.056 0.455 0.999 0.256 1 0.969 0.967 0.94 1 0.826 0 0 0 0.029 0.503 0.996 0.499 1 0.983 0.96 0.955 1 1 0.999 0.077 0.039 0.058 0.107 0.556 1 0 0 0.421 0 0.462 0.423 0 0.438 0.401 0.438 0 0 0 0.37 0 0 0.437 0.368 0 0 0.385 0.31 0.384 0 0 0 0 0.402 0 0 0.443 0.397 0 0 0.453 0.409 0.45 0 0 0 0.327 0 0.37 0.327 0 0.324 0.28 0.323

2 bet 15, 1 raise 40
0.007 0.001 0.008 0.012 0.221 0.561 0.103 0.05 0.036 0 0 0 0 0 0 0 0.001 0 0 0.001 0 0 0 0 0 0 0 0 0.014 0.034 0.001 0.952 0.998 0.985 0.944 0.545 0.001 0.744 0 0.031 0.033 0.06 0 0.174 1 1 1 0.971 0.497 0.004 0.501 0 0.017 0.04 0.045 0 0 0.001 0.923 0.961 0.942 0.893 0.444 0 0 0 0.018 0 0.002 0.015 0 0.002 0.004 0.002 0 0 0 0 0 0 0 0 0 0 0 0 0 0 0.179 0 0.015 0.264 0 0.174 0.19 0.257 0 0.38 0.25 0.313 0.242 0.002 0 0 0 0 0 0 0 0 0 0

2 bet 15, 1 raise 40, 2 call 40
0.258 0.318 0.269 0.266 0.211 0.277 0.318 0.37 0.355 0.261 0.242 0.298 0.029 0.304 0.069 0.165 0.002 0.195 0.131 0.515 0.257 0.001 0.096 0.001 0.01 0 0.016 0.005 0.095 0.008 0.005 0.001 0.008 0.999 0.998 0.999 0.999 0.668 0.999 0.999 0.933 0.995 0.967 0.997 0.983 0.498 0.798 0.755 0.999 0.045 0.996 0.996 0.996 0.999 0.023 0.998 0.994 0.996 0.992 0.996 0.997 0.687 0.695 0.625 0.618 0.993 0.19 0.997 0.997 0.998 0.999 0.999 0.998 0.995 0.987 0.921 0.997 0.752 0.414 0.984 0.644 0.997 0 0.017 0 0 0.02 0 0 0 0 0 0 0 0 0 0 0.393 0 0 0 0 0 0 0 0 0 0 0 0.368 0.006 0 0 0 0 0.197 0 0 0.014 0 0.006 0.016 0 0 0.001 0 0.228 0.331 0.249 0.198 0.073 0.221

1 raise 40, 2 raise 75
0.38 0.406 0.381 0.384 0.365 0.385 0.281 0.278 0.244 0.343 0.311 0.306 0 0 0 0 0 0 0.869 0.485 0.743 0 0.008 0 0 0 0.001 0 0.025 0 0 0 0 0.001 0.002 0.001 0.001 0.332 0.001 0.001 0.067 0.005 0.033 0.003 0.017 0.502 0.202 0.245 0.001 0.955 0.004 0.004 0.004 0.001 0.977 0.002 0.005 0.004 0.008 0.004 0.003 0.313 0.305 0.375 0.382 0.007 0.81 0.003 0.003 0.002 0.001 0.001 0.002 0.005 0.013 0.079 0.003 0.248 0.586 0.016 0.356 0.003 0 0 0 0 0 0 0 0 0 0 0 0 0 0 0 0.405 0 0 0 0 0 0 0 0 0 0 0 0.191 0.267 0 0 0 0 0.751 0 0 0 0 0 0 0 0 0 0 0 0.011 0 0 0 0

1 check, 2 bet 20
0 0.007 0 0.001 0.001 0.005 0 0.057 0 0 0 0.013 0.002 0.001 0.002 0.055 0.011 0.052 0.203 0.001 0.138 0.011 0.008 0.004 0.056 0.025 0.036 0.007 0.024 0.01 0.027 0.011 0.028 0 0 0 0 0 0 0 0.001 0 0 0 0.001 0.005 0.004 0.016 0 0 0 0 0 0 0.008 0 0 0 0.001 0 0 0.001 0.001 0.001 0.001 0 0.003 0 0 0 0 0 0 0 0 0.002 0 0.005 0.005 0.001 0.018 0 0 0 0.002 0 0 0 0 0 0 0 0 0 0 0 0 0 0 0 0 0 0 0.001 0 0 0 0 0 0 0 0 0 0.006 0 0 0 0.001 0 0 0 0 0 0 0 0 0 0 0 0 0 0

2 bet 20, 1 call 20
0 0.001 0 0 0.95 0.519 0.991 0.95 0.539 0 0 0.003 0.792 0 0 0 0 0 0.059 0 0.072 0.059 0 0.059 0.047 0.06 0.99 0.997 0.971 0.996 0.542 0.016 0.011 0.011 0.011 0.208 0.999 0.013 0.619 0.636 0.58 0.499 0.999 0.527 0.001 0.001 0.001 0.001 0.222 0.908 0.148 0.945 0.993 0.918 0.997 0.999 0.999 0.55 0.024 0.021 0.033 0.022 0.246 0.999 0 0 0.153 0 0.24 0.157 0 0.223 0.137 0.226 0 0 0 0.15 0 0 0.21 0.147 0 0 0.2 0.136 0.198 0.016 0.003 0 0 0.227 0 0.026 0.252 0.226 0 0.056 0.251 0.225 0.251 0.021 0 0 0.113 0 0.152 0.113 0 0.154 0.115 0.154

2 bet 20, 1 raise 50
0 0 0 0 0.048 0.196 0.002 0.019 0.123 0 0 0 0.001 0 0 0 0 0 0 0 0 0 0 0 0 0 0.01 0.003 0.029 0.002 0.458 0.984 0.989 0.989 0.987 0.792 0.001 0.987 0.359 0.342 0.396 0.401 0.001 0.407 0.999 0.999 0.999 0.999 0.777 0.058 0.852 0.055 0.007 0.082 0.003 0.001 0.001 0.45 0.976 0.979 0.967 0.978 0.754 0.001 0 0 0 0 0 0 0 0 0 0 0 0 0 0 0 0 0 0 0 0 0 0 0 0.033 0.294 0 0.087 0.218 0 0.293 0.196 0.21 0 0.314 0.233 0.247 0.226 0.044 0 0 0 0 0 0 0 0 0 0

2 bet 20, 1 raise 50, 2 call 50
0.411 0.026 0.414 0.033 0.343 0.029 0.568 0.01 0.606 0.021 0.432 0.019 0.001 0.002 0.002 0 0 0.001 0.01 0.173 0.009 0 0.001 0 0 0 0 0 0.001 0.001 0 0 0.001 0.001 0.001 0.001 0.001 0.998 0.23 0.282 0.003 0.002 0.002 0.005 0.001 0.001 0.001 0.001 0.558 0 0.995 0.995 0.994 0.991 0 0.978 0.978 0.967 0.969 0.964 0.975 0 0.001 0 0 0.984 0 0.001 0.001 0.001 0.001 0.09 0.216 0.001 0.001 0.002 0.001 0.001 0.001 0.001 0.001 0.488 0 0 0 0 0 0 0 0 0 0 0 0 0 0 0 0 0 0 0 0 0 0 0 0 0 0 0 0 0 0 0 0 0 0.001 0 0 0 0 0 0 0 0 0 0 0.188 0.342 0.228 0.242 0.026 0.278

1 raise 50, 2 raise 70
0.047 0.917 0.093 0.738 0.01 0.814 0 0.972 0 0.906 0 0.933 0 0.003 0 0.001 0 0 0.99 0.827 0.991 0.005 0.177 0.012 0.007 0.001 0.018 0.008 0.196 0.018 0.008 0.001 0.018 0.999 0.999 0.999 0.999 0.002 0.77 0.718 0.997 0.998 0.998 0.995 0.999 0.999 0.999 0.999 0.442 1 0.005 0.005 0.006 0.009 1 0.022 0.022 0.033 0.031 0.036 0.025 1 0.999 1 1 0.016 1 0.999 0.999 0.999 0.999 0.91 0.784 0.999 0.999 0.998 0.999 0.999 0.999 0.999 0.999 0.512 0 0 0 0 0 0 0 0 0 0 0.001 0 0 0 0 0.023 0 0 0 0 0 0 0 0 0 0 0 0.001 0.001 0 0 0 0 0.646 0 0 0 0 0 0 0 0 0 0 0 0.079 0.001 0.002 0 0.005

1 check, 2 bet 25
0 0 0 0 0 0 0 0 0 0 0 0 0 0 0 0 0 0 0.01 0 0.002 0 0 0 0.001 0.002 0 0 0 0 0 0 0 0 0 0 0 0 0 0 0 0 0 0 0 0 0 0 0 0 0 0 0 0 0 0 0 0 0 0 0 0 0 0 0.002 0 0 0 0 0 0 0 0 0 0 0 0 0 0 0 0.001 0 0 0 0.014 0 0 0 0 0 0 0 0 0 0 0 0 0 0 0 0 0 0 0 0 0 0 0 0 0 0 0 0 0 0 0 0 0 0 0 0 0 0 0 0 0 0 0 0 0 0 0

2 bet 25, 1 call 25
0.003 0.002 0.003 0.003 0.238 0.184 0.243 0.26 0.2 0.002 0.003 0.002 0.263 0.002 0.002 0.002 0.003 0.002 0.047 0.004 0.052 0.046 0.002 0.045 0.039 0.044 0.406 0.423 0.392 0.354 0.168 0.062 0.064 0.072 0.065 0.145 0.345 0.089 0.377 0.392 0.349 0.309 0.827 0.167 0.069 0.06 0.069 0.062 0.148 0.336 0.103 0.421 0.436 0.396 0.372 0.816 0.842 0.173 0.083 0.075 0.072 0.076 0.146 0.355 0.003 0 0.159 0.003 0.192 0.156 0.003 0.197 0.161 0.194 0.005 0.004 0 0.13 0.004 0.005 0.146 0.127 0.004 0.005 0.159 0.14 0.156 0.013 0.005 0.006 0 0.169 0 0.005 0.181 0.167 0.006 0.027 0.218 0.204 0.216 0.016 0.004 0 0.063 0.004 0.089 0.062 0.004 0.081 0.062 0.08

2 bet 25, 1 raise 90
0 0 0 0 0.595 0.371 0.497 0.532 0.318 0 0 0 0.425 0 0 0 0 0 0 0 0 0 0 0 0 0 0.551 0.534 0.563 0.569 0.752 0.938 0.936 0.927 0.935 0.853 0.608 0.911 0.587 0.564 0.602 0.597 0.173 0.75 0.929 0.938 0.929 0.936 0.839 0.607 0.897 0.555 0.534 0.572 0.569 0.184 0.158 0.779 0.916 0.924 0.928 0.923 0.851 0.619 0 0 0 0 0 0 0 0 0 0 0 0 0 0 0 0 0 0 0 0 0 0 0 0.003 0 0 0 0 0 0 0 0 0 0.002 0.003 0.003 0.002 0.002 0 0 0 0 0 0 0 0 0 0

2 bet 25, 1 raise 90, 2 call 90
0 0 0 0 0 0 0 0 0 0 0 0 0 0 0 0 0 0 1 1 1 0 0 0 0 0 0 0 0 0 0 0 0 0.274 0.494 1 1 1 1 1 1 1 1 1 1 1 1 1 1 1 0.001 0.001 0.003 0.018 1 1 1 1 1 1 1 1 1 1 1 1 1 0.544 0.685 1 1 1 1 1 1 1 1 1 1 1 1 1 0 0 0 0 0 0 0 0 0 0 0 0 0 0 0 0 0 0 0 0 0 0 0 0 0 0 0 0 0 0 0 0 0 0 0 0 0 0 0 0 0 0 0 0 0 0 0 0 0 0

root, 1 bet 7
0.192 0.263 0.049 0.142 0.124 0.02 0.185 0.129 0.087 0.127 0.118 0.116 0.144 0.189 0.177 0.174 0.365 0.207 0.07 0.322 0.038 0.06 0.377 0.073 0.119 0.072 0.129 0.114 0.177 0.169 0.31 0.156 0.126 0.101 0.164 0.267 0.251 0.256 0.143 0.14 0.178 0.146 0.317 0.315 0.132 0.154 0.113 0.178 0.266 0.294 0.297 0.106 0.109 0.18 0.161 0.348 0.321 0.322 0.117 0.12 0.132 0.159 0.263 0.271 0.097 0.001 0.234 0.09 0.308 0.244 0.171 0.25 0.2 0.257 0.171 0.001 0 0.334 0 0.175 0.39 0.336 0.001 0.286 0.332 0.257 0.331 0.092 0.249 0.185 0.089 0.24 0.001 0.241 0.303 0.245 0.182 0.329 0.276 0.213 0.277 0.304 0.26 0.003 0.125 0.254 0.206 0.124 0.248 0.201 0.114 0.209

1 bet 7, 2 call 7
0.709 0.768 0.679 0.745 0.663 0.707 0.787 0.905 0.729 0.968 0.801 0.877 0.797 0.829 0.904 0.641 0.695 0.708 0.522 0.776 0.544 0.571 0.761 0.59 0.618 0.485 0.623 0.493 0.654 0.486 0.53 0.42 0.536 0.999 0.995 0.962 1 0.711 0.998 0.895 0.659 0.75 0.982 0.951 0.581 0.568 0.6 0.607 0.965 0.52 0.962 0.95 0.925 0.937 0.337 0.866 0.865 0.89 0.702 0.91 0.836 0.732 0.733 0.688 0.692 0.929 0.702 0.994 0.985 0.965 0.998 0.899 0.908 0.951 0.735 0.694 0.945 0.609 0.551 0.717 0.574 0.985 0.405 0.996 0 0.702 0.996 0.397 0.393 0.655 0.411 0.578 0.38 0.783 0 0 0 0.233 0.018 0.038 0.524 0.089 0 0 0.342 0 0 0.823 0 0.193 0.447 0 0 0 0.709 0.352 0.25 0 0.866 0.231 0.946 0.875 0.101 1 0.998 1 0.487 0.588 0.482 0.436 0.36 0.436

1 bet 7, 2 raise 24
0.291 0.232 0.321 0.255 0.337 0.292 0.213 0.095 0.27 0.032 0.199 0.123 0.203 0.171 0.096 0.359 0.305 0.292 0.478 0.224 0.456 0.187 0.235 0.159 0.17 0.098 0.171 0.154 0.027 0.18 0.001 0.074 0.001 0.001 0.005 0.038 0 0.289 0.002 0.105 0.341 0.25 0.018 0.049 0.419 0.432 0.4 0.393 0.035 0.48 0.038 0.05 0.075 0.063 0.663 0.134 0.135 0.11 0.298 0.09 0.164 0.268 0.267 0.312 0.308 0.071 0.298 0.006 0.015 0.035 0.002 0.101 0.092 0.049 0.265 0.306 0.055 0.391 0.449 0.283 0.426 0.015 0.001 0 0 0 0 0.001 0 0 0 0 0.006 0.215 0 0 0 0.372 0.004 0.002 0.248 0.002 0 0.004 0.005 0 0 0.175 0 0.343 0.001 0 0 0 0.29 0.255 0.016 0 0.133 0.004 0.054 0.125 0 0 0.001 0 0.241 0.1 0.258 0.001 0.104 0.001

1 bet 7, 2 raise 24, 1 call  24
0 0 0 0 0.238 0.495 0.331 0.605 0.791 0 0 0 0.599 0 0 0 0 0 0.343 0 0.402 0.351 0 0.354 0.294 0.361 1 1 0.999 1 0.964 0.133 0.03 0.13 0.006 0.569 0.969 0.172 1 1 1 1 1 0.998 0.07 0.004 0.073 0.016 0.613 0.999 0.218 1 1 0.999 1 1 1 0.996 0.194 0.103 0.187 0.067 0.625 0.999 0 0 0.397 0 0.364 0.396 0 0.376 0.405 0.376 0 0 0 0.358 0 0 0.344 0.36 0 0 0.48 0.492 0.482 0 0 0 0 0.436 0 0 0.52 0.438 0 0 0.554 0.472 0.558 0 0 0 0.253 0 0.255 0.268 0 0.191 0.238 0.21

2 raise 24, 1 raise  83
0 0 0 0 0.762 0.503 0.669 0.395 0.208 0 0 0 0.4 0 0 0 0 0 0 0 0 0 0 0 0 0 0 0 0.001 0 0.036 0.867 0.97 0.87 0.994 0.431 0.031 0.828 0 0 0 0 0 0.002 0.93 0.996 0.927 0.984 0.387 0.001 0.782 0 0 0.001 0 0 0 0.004 0.806 0.897 0.813 0.933 0.375 0.001 0 0 0 0 0 0 0 0 0 0 0 0 0 0 0 0 0 0 0 0 0 0 0 0 0 0 0 0.088 0 0 0.083 0.086 0 0 0.151 0.149 0.146 0 0 0 0 0 0 0 0 0 0 0

root, 1 bet 10
0.043 0.01 0.037 0.042 0.027 0.004 0.031 0.022 0.007 0.003 0.004 0.003 0.02 0.006 0.005 0.005 0.04 0.003 0.003 0.046 0.004 0.002 0.028 0.003 0.002 0.003 0.004 0.001 0.002 0.002 0.007 0.03 0.014 0.008 0.006 0.008 0.005 0.005 0.001 0 0.002 0.001 0.004 0.01 0.011 0.016 0.013 0.012 0.01 0.006 0.005 0.002 0 0.004 0.001 0.005 0.004 0.007 0.006 0.012 0.03 0.007 0.008 0.005 0.003 0 0.005 0.004 0.001 0.003 0.007 0.008 0.002 0.008 0.001 0 0 0.004 0 0.001 0.002 0.008 0 0.013 0.016 0 0.005 0 0.016 0 0 0.001 0 0.015 0.001 0.003 0.001 0.018 0.003 0.003 0.002 0.001 0.019 0.001 0.001 0.035 0.005 0.001 0.025 0.008 0.001 0.004

1 bet 10, 2 call 10
0.999 0.999 0.999 0.999 0.999 0.999 0.999 0.999 0.999 0.999 0.999 0.999 0.998 0.998 0.998 0.997 0.998 0.998 0.999 1 0.999 0.586 0.654 0.572 0.525 0.447 0.511 0.394 0.403 0.383 0.361 0.336 0.347 1 1 0.999 1 1 1 0.999 0.998 0.999 1 1 0.995 0.997 0.997 0.997 0.999 1 0.999 0.999 0.999 0.998 0.999 0.998 0.997 0.997 0.995 0.998 0.998 0.997 0.997 0.996 0.997 0.997 1 1 1 1 1 1 1 0.999 0.999 0.999 0.999 0.996 0.997 0.998 0.997 1 0.323 0.621 0.001 0.592 0.626 0.228 0.417 0.429 0.424 0.507 0.563 0.904 0 0 0 0.362 0.001 0 0.172 0 0 0 0.507 0 0.016 0.797 0 0.294 0.529 0 0 0 0.969 0.484 0.359 0.001 0.999 0.269 0.999 0.999 0.272 0.999 0.999 0.999 0.46 0.479 0.454 0.413 0.378 0.404

1 bet 10, 2 raise 30
0.001 0.001 0.001 0.001 0.001 0.001 0.001 0.001 0.001 0.001 0.001 0.001 0.001 0.001 0.001 0.002 0.001 0.001 0.001 0 0.001 0 0 0 0.001 0 0 0.001 0 0 0 0.001 0 0 0 0.001 0 0 0 0.001 0.002 0.001 0 0 0.005 0.003 0.003 0.003 0.001 0 0.001 0.001 0.001 0.002 0.001 0.002 0.003 0.003 0.005 0.002 0.002 0.003 0.003 0.004 0.003 0.003 0 0 0 0 0 0 0 0.001 0.001 0.001 0.001 0.004 0.003 0.002 0.003 0 0 0 0 0 0 0 0 0 0 0 0 0.003 0.005 0 0 0.005 0.001 0 0.004 0 0 0.001 0 0 0.011 0.003 0 0.002 0 0 0 0 0 0 0 0 0.001 0 0 0.001 0 0 0.001 0 0 0 0 0 0 0

1 bet 10, 2 raise 30, 1 call  30
0.003 0.003 0.004 0.003 0.402 0.479 0.394 0.568 0.67 0.02 0.022 0.019 0.611 0.02 0.017 0.019 0.003 0.003 0.063 0.004 0.074 0.057 0.003 0.065 0.048 0.059 0.989 0.988 0.988 0.986 0.847 0.131 0.023 0.139 0.131 0.431 0.992 0.444 1 1 1 0.998 1 0.858 0.101 0.016 0.101 0.128 0.376 0.999 0.489 0.99 0.99 0.99 0.988 1 1 0.984 0.114 0.022 0.114 0.122 0.456 0.991 0.004 0.004 0.231 0.004 0.244 0.223 0.003 0.265 0.245 0.258 0.003 0.067 0.007 0.196 0 0.002 0.204 0.195 0.018 0.005 0.443 0.442 0.444 0.106 0.034 0.037 0 0.271 0 0.005 0.322 0.239 0.005 0.032 0.512 0.526 0.541 0.043 0.003 0.003 0.113 0.004 0.12 0.106 0.003 0.099 0.084 0.091

2 raise 30, 1 raise  80
0.016 0.017 0.016 0.016 0.597 0.204 0.606 0.431 0.065 0.013 0.013 0.012 0.389 0.013 0.012 0.013 0.018 0.019 0.013 0.018 0.013 0.012 0.019 0.013 0.012 0.013 0.011 0.012 0.012 0.014 0.153 0.869 0.977 0.861 0.869 0.569 0.008 0.556 0 0 0 0.002 0 0.142 0.899 0.984 0.899 0.872 0.624 0.001 0.511 0.01 0.01 0.01 0.012 0 0 0.016 0.886 0.978 0.886 0.878 0.544 0.009 0.018 0.019 0.011 0.018 0.011 0.011 0.018 0.011 0.011 0.011 0.015 0.089 0.028 0.009 0.022 0.01 0.003 0.007 0.014 0.021 0.008 0.011 0.005 0.14 0.085 0.074 0.007 0.006 0.008 0.02 0.037 0.006 0.021 0.102 0.118 0.006 0.025 0.113 0.017 0.017 0.012 0.017 0.012 0.012 0.018 0.013 0.012 0.013

root, 1 bet 15
0.749 0.47 0.844 0.814 0.471 0.46 0.546 0.493 0.433 0.378 0.387 0.364 0.506 0.348 0.337 0.321 0.5 0.171 0.329 0.608 0.357 0.324 0.553 0.322 0.285 0.305 0 0 0 0 0.004 0.51 0.547 0.495 0.422 0.135 0.051 0.066 0 0 0 0 0 0.019 0.475 0.529 0.513 0.436 0.108 0.017 0.061 0 0 0 0 0 0 0.004 0.456 0.542 0.566 0.42 0.086 0.025 0.309 0.001 0.05 0.335 0.03 0.03 0.319 0.091 0.032 0.053 0.05 0 0 0 0 0.046 0 0 0 0.147 0 0 0 0.021 0.185 0 0.001 0.003 0 0.186 0.001 0 0 0.185 0.022 0.03 0.019 0.015 0.335 0.001 0.223 0.392 0.227 0.203 0.422 0.217 0.196 0.191

1 bet 15, 2 call 15
0.931 0.954 0.929 0.94 0.899 0.938 0.704 0.746 0.683 0.709 0.647 0.688 0.785 0.979 0.983 0.987 0.853 0.957 0.999 1 0.999 0.256 0.271 0.197 0.233 0.153 0.179 0.056 0.044 0.037 0.029 0.023 0.023 1 1 1 1 1 1 1 0.999 0.998 0.999 0.999 0.999 0.997 0.998 0.998 0.999 1 1 1 1 0.999 0.999 1 0.999 0.999 0.998 0.999 0.998 0.998 0.999 0.998 0.998 0.999 1 1 1 1 1 1 0.999 0.998 0.998 0.999 0.998 0.998 0.998 0.999 0.998 0.999 0 0.245 0 0.175 0.248 0 0.034 0.088 0.029 0 0.536 0.897 0.001 0.001 0 0.312 0 0.001 0.001 0.001 0 0 0.431 0.001 0.001 0.693 0 0.067 0.616 0 0 0 0.748 0.64 0.013 0 0.63 0.001 0.62 0.615 0.007 0.458 0.451 0.443 0.104 0.136 0.096 0.074 0.036 0.065

1 bet 15, 2 raise 40
0 0 0 0 0 0 0 0 0 0 0 0 0 0 0 0 0 0 0.001 0 0.001 0 0 0 0 0 0 0 0 0 0 0 0 0 0 0 0 0 0 0 0.001 0.002 0.001 0.001 0.001 0.003 0.002 0.002 0.001 0 0 0 0 0.001 0.001 0 0.001 0.001 0.002 0.001 0.002 0.002 0.001 0.002 0.002 0.001 0 0 0 0 0 0 0.001 0.002 0.002 0.001 0.002 0.002 0.002 0.001 0.002 0.001 0 0 0 0 0 0 0 0 0 0 0 0.001 0.001 0.001 0 0 0 0.001 0.002 0.001 0 0 0 0.001 0.001 0.001 0 0 0 0 0.001 0 0 0 0 0 0 0 0 0 0 0 0 0 0 0 0 0 0 0

1 bet 15, 2 raise 40, 1 call  40
0 0 0 0 0.123 0.063 0.162 0.142 0.116 0 0 0 0.177 0 0 0 0 0 0.013 0 0.014 0.008 0 0.018 0.011 0.012 0.733 0.734 0.771 0.798 0.539 0.021 0.018 0.021 0.069 0.167 0.699 0.349 1 1 1 1 1 0.547 0.036 0.03 0.036 0.085 0.155 0.998 0.334 0.859 0.896 0.887 0.998 1 1 0.591 0.016 0.012 0.017 0.063 0.188 0.997 0 0 0.003 0 0.001 0.002 0 0.003 0.004 0.002 0 0 0 0 0 0 0 0 0 0 0.003 0.009 0 0.003 0 0 0 0 0 0 0 0 0 0 0.015 0 0.024 0 0 0 0.008 0 0.009 0.006 0 0.01 0.007 0.008

2 raise 40, 1 raise  75
0 0 0 0 0.877 0.065 0.838 0.858 0.062 0 0 0 0.823 0 0 0 0 0 0 0 0 0 0 0 0 0 0.267 0.266 0.229 0.202 0.461 0.979 0.982 0.979 0.931 0.833 0.301 0.651 0 0 0 0 0 0.453 0.964 0.97 0.964 0.915 0.845 0.002 0.666 0.141 0.104 0.113 0.002 0 0 0.409 0.984 0.988 0.983 0.937 0.812 0.003 0 0 0 0 0 0 0 0 0 0 0 0 0 0 0 0 0 0 0 0 0 0 0 0 0 0 0 0 0 0 0 0 0 0 0 0 0 0 0 0 0 0 0 0 0 0 0 0

root, 1 bet 20
0.013 0.152 0.068 0 0.164 0.34 0.172 0.171 0.341 0.312 0.297 0.295 0.197 0.248 0.222 0.251 0 0 0.329 0.008 0.342 0.331 0.023 0.304 0.254 0.301 0 0 0 0 0.001 0.177 0.267 0.25 0.22 0.014 0.001 0 0 0 0 0 0 0.002 0.239 0.249 0.236 0.204 0.017 0.004 0 0 0 0 0 0 0 0.001 0.252 0.272 0.183 0.219 0.014 0.003 0.023 0.006 0.02 0.055 0.047 0.012 0.01 0.061 0.011 0.054 0 0 0 0 0 0 0 0 0 0 0 0 0 0 0.045 0 0.001 0 0 0.048 0 0 0 0.083 0.001 0 0.001 0 0 0 0.208 0 0.167 0.213 0 0.153 0.16 0.156

1 bet 20, 2 call 20
0.496 0.53 0.494 0.502 0.466 0.5 0.306 0.44 0.306 0.433 0.297 0.434 0.306 0.442 0.268 0.403 0.207 0.371 0.986 0.997 0.987 0.003 0.004 0.002 0.005 0.002 0.003 0 0.001 0 0.002 0 0.002 0.999 0.999 0.999 0.999 0.999 0.999 0.999 0.999 0.998 0.998 0.998 0.999 0.994 0.995 0.994 0.999 0.999 0.997 0.997 0.998 0.996 0.996 0.998 0.998 0.998 0.987 0.998 0.998 0.995 0.997 0.995 0.994 0.999 0.999 0.999 0.999 0.999 0.999 0.999 0.999 0.998 0.998 0.998 0.998 0.995 0.994 0.999 0.995 0.999 0 0 0 0 0 0 0 0 0 0 0.348 0.694 0.001 0 0 0.011 0.012 0.028 0.168 0.014 0 0 0.261 0 0.001 0.601 0 0.005 0.208 0 0 0 0.558 0.423 0 0 0.314 0 0.323 0.306 0 0.211 0.191 0.201 0 0.001 0 0.001 0.001 0.001

1 bet 20, 2 raise 50
0 0 0 0 0 0 0 0 0 0 0 0 0 0 0 0 0 0 0.014 0.003 0.013 0 0 0 0 0 0 0 0 0 0 0 0 0.001 0.001 0.001 0.001 0.001 0.001 0.001 0.001 0.002 0.002 0.002 0.001 0.006 0.005 0.006 0.001 0.001 0.003 0.003 0.002 0.004 0.004 0.002 0.002 0.002 0.013 0.002 0.002 0.005 0.003 0.005 0.006 0.001 0.001 0.001 0.001 0.001 0.001 0.001 0.001 0.002 0.002 0.002 0.002 0.005 0.006 0.001 0.005 0.001 0 0 0 0 0 0 0 0 0 0 0 0.002 0 0.001 0 0 0 0 0.002 0 0 0 0 0.001 0 0.002 0 0 0 0 0 0 0 0 0 0 0 0 0 0 0 0 0 0 0 0 0 0 0 0

1 bet 20, 2 raise 50, 1 call  50
0 0 0 0 0.109 0 0.109 0.131 0 0 0 0 0.132 0 0 0 0 0 0 0 0 0 0 0 0 0 0.113 0.113 0.103 0.104 0.073 0.001 0 0.002 0.002 0.017 0.09 0.054 0.282 0.28 0.224 0.001 0.369 0 0.005 0 0.005 0.005 0.003 0 0.011 0.137 0.138 0.131 0.127 0.997 0.39 0.089 0.001 0 0 0.001 0.017 0.109 0 0 0 0 0 0 0 0 0 0 0 0 0 0 0 0 0 0 0 0 0 0 0 0 0 0 0 0 0 0 0 0 0 0 0 0 0 0 0 0 0 0 0 0 0 0 0 0

2 raise 50, 1 raise  70
0 0 0 0 0.793 0.001 0.814 0.777 0.001 0 0 0 0.795 0 0 0 0 0 0 0 0 0 0 0 0 0 0.704 0.704 0.715 0.682 0.761 0.998 0.992 0.995 0.995 0.949 0.733 0.944 0 0 0.001 0.001 0.631 0.418 0.995 0.995 0.995 0.994 0.861 0.03 0.989 0.664 0.663 0.671 0.641 0.003 0.61 0.724 0.997 0.995 0.999 0.997 0.954 0.695 0 0 0 0 0 0 0 0 0 0 0 0 0 0 0 0 0 0 0 0 0 0 0 0 0 0 0 0 0 0 0 0 0 0 0 0 0 0 0 0 0 0 0 0 0 0 0 0

root, 1 bet 25
0.001 0.004 0 0 0 0 0 0 0 0.002 0.002 0.002 0 0.001 0.001 0.001 0.001 0.001 0.001 0 0.002 0.001 0 0.001 0.001 0.001 0 0 0 0 0 0.001 0.001 0.001 0.001 0.002 0 0 0 0 0 0 0 0 0.001 0.001 0.001 0.001 0.002 0 0 0 0 0 0 0 0 0 0.002 0.001 0.001 0.001 0.001 0 0.002 0.001 0 0.001 0 0 0 0 0 0 0 0 0 0 0 0 0 0 0 0 0 0 0 0 0.001 0 0 0 0 0.001 0 0 0 0.001 0 0 0 0 0.001 0.001 0.001 0.001 0.001 0.001 0 0 0 0

1 bet 25, 2 call 25
0.256 0.266 0.256 0.255 0.244 0.255 0.218 0.25 0.221 0.24 0.21 0.243 0.143 0.22 0.147 0.205 0.136 0.21 0.736 0.776 0.741 0.033 0.059 0.036 0.06 0.04 0.063 0.001 0.01 0.001 0.037 0.014 0.046 0.819 0.827 0.835 0.899 0.993 0.997 0.997 0.998 0.738 0.946 0.943 0.694 0.567 0.572 0.579 0.997 0.916 0.615 0.623 0.666 0.728 0.873 0.903 0.755 0.957 0.831 0.959 0.969 0.603 0.641 0.599 0.608 0.782 0.977 0.771 0.784 0.79 0.851 0.997 0.996 0.984 0.748 0.997 0.955 0.587 0.578 0.71 0.609 0.997 0.001 0.02 0.001 0.028 0.026 0.001 0.035 0.027 0.041 0.001 0.005 0.156 0.066 0.046 0.001 0.002 0 0.024 0.029 0.006 0 0 0.001 0.055 0.059 0.147 0.001 0.001 0.012 0.003 0.009 0.001 0.016 0.033 0.001 0 0.189 0.001 0.203 0.186 0 0.1 0.084 0.093 0.023 0.042 0.024 0.058 0.042 0.059

1 bet 25, 2 raise 90
0 0 0 0 0 0 0 0 0 0 0 0 0 0 0 0 0 0 0.264 0.224 0.259 0 0 0 0 0 0 0 0 0 0 0 0 0.181 0.172 0.165 0.1 0.007 0.002 0.003 0.002 0.031 0.004 0.004 0.306 0.429 0.425 0.385 0.002 0.084 0.385 0.377 0.334 0.163 0.127 0.026 0.036 0.04 0.042 0.039 0.029 0.397 0.359 0.401 0.391 0.037 0.023 0.229 0.216 0.21 0.149 0.003 0.003 0.013 0.104 0.003 0.042 0.413 0.422 0.29 0.39 0.003 0 0 0 0 0 0 0 0 0 0 0.013 0.011 0.008 0.008 0.001 0.014 0 0 0 0 0 0 0.001 0.001 0.001 0.001 0 0.001 0.001 0.001 0.001 0.001 0.001 0.001 0 0 0 0 0 0 0 0 0 0 0 0 0 0 0 0

1 bet 25, 2 raise 90, 1 call  90
0 0 0 0 0 0 0 0 0 0 0 0 0 0 0 0 0 0 0 0 0 0 0 0 0 0 0.003 0.003 0.477 0.999 1 1 1 1 1 1 1 1 0.001 0.001 0.002 0.002 1 1 1 1 1 1 1 1 1 0.003 0.003 0.231 0.992 1 1 1 1 1 1 1 1 1 0 0 0 0 0 0 0 0 0 0 0 0 0 0 0 0 0 0 0 0 0 0 0 0 0 0 0 0 0 0 0 0 0 0 0 0 0 0 0 0 0 0 0 0 0 0 0 0
