game = '6-max Cash', preflop situation = 'MP openraise BB 3bet MP call', stack = '90', pot = '20', bets = '33 50 75 100 125'

OOP preflop range
6c5c_0.25 6d5d_0.25 6h5h_0.25 6s5s_0.25 7c6c_0.50 7d6d_0.50 7h6h_0.50 8c7c_0.50 8d7d_0.50 8d8c_0.25 8h7h_0.50 8h8c_0.25 8h8d_0.25 8s8c_0.25 8s8d_0.25 8s8h_0.25 9c8c_0.25 9d8d_0.25 9d9c_0.25 9h8h_0.25 9h9c_0.25 9h9d_0.25 9s8s_0.25 9s9c_0.25 9s9d_0.25 9s9h_0.25 Ac2c_0.50 Ac3c_0.25 Ac4c_0.25 Ac5c_0.50 Ac6c_0.50 AcJc_0.50 AcKc_1 AcKd_0.75 AcKh_0.75 AcKs_0.75 AcQc_1 AcTc_0.25 Ad2d_0.50 Ad3d_0.25 Ad4d_0.25 Ad5d_0.50 Ad6d_0.50 AdAc_1 AdJd_0.50 AdKc_0.75 AdKd_1 AdKh_0.75 AdKs_0.75 AdQd_1 AdTd_0.25 Ah3h_0.25 Ah4h_0.25 Ah5h_0.50 Ah6h_0.50 AhAc_1 AhAd_1 AhJh_0.50 AhKc_0.75 AhKd_0.75 AhKh_1 AhKs_0.75 AhQh_1 AhTh_0.25 Jc9c_0.25 Jd9d_0.25 JdJc_0.75 Jh9h_0.25 JhJc_0.75 JhJd_0.75 Js9s_0.25 JsJc_0.75 JsJd_0.75 JsJh_0.75 KcJc_0.75 KcQc_1 KdJd_0.75 KdKc_1 KdQd_1 KhJh_0.75 KhKc_1 KhKd_1 KhQh_1 KsJs_0.75 KsKc_1 KsKd_1 KsKh_1 KsQs_1 QcJc_0.75 QcTc_0.25 QdJd_0.75 QdQc_1 QdTd_0.25 QhJh_0.75 QhQc_1 QhQd_1 QhTh_0.25 QsJs_0.75 QsQc_1 QsQd_1 QsQh_1 QsTs_0.25 Tc9c_0.25 Td9d_0.25 TdTc_0.50 Th9h_0.25 ThTc_0.50 ThTd_0.50 Ts9s_0.25 TsTc_0.50 TsTd_0.50 TsTh_0.50

IP preflop range
4d4c_0.25 4h4c_0.25 4h4d_0.25 4s4c_0.25 4s4d_0.25 4s4h_0.25 5d5c_0.25 5h5c_0.25 5h5d_0.25 5s5c_0.25 5s5d_0.25 5s5h_0.25 6d6c_0.50 6h6c_0.50 6h6d_0.50 6s6c_0.50 6s6d_0.50 6s6h_0.50 7d7c_0.50 7h7c_0.50 7h7d_0.50 8d8c_1 8h8c_1 8h8d_1 8s8c_1 8s8d_1 8s8h_1 9d9c_1 9h9c_1 9h9d_1 9s9c_1 9s9d_1 9s9h_1 Ac2c_1 Ac3c_1 Ac4c_1 Ac5c_1 Ac6c_1 Ac7c_1 Ac8c_1 Ac9c_1 AcJc_0.75 AcJd_1 AcJh_1 AcJs_1 AcQc_0.50 AcQd_1 AcQh_1 AcQs_1 AcTc_1 Ad2d_1 Ad3d_1 Ad4d_1 Ad5d_1 Ad6d_1 Ad7d_1 Ad8d_1 Ad9d_1 AdJc_1 AdJd_0.75 AdJh_1 AdJs_1 AdQc_1 AdQd_0.50 AdQh_1 AdQs_1 AdTd_1 Ah3h_1 Ah4h_1 Ah5h_1 Ah6h_1 Ah7h_1 Ah8h_1 Ah9h_1 AhJc_1 AhJd_1 AhJh_0.75 AhJs_1 AhQc_1 AhQd_1 AhQh_0.50 AhQs_1 AhTh_1 JcTc_0.50 JdJc_1 JdTd_0.50 JhJc_1 JhJd_1 JhTh_0.50 JsJc_1 JsJd_1 JsJh_1 JsTs_0.50 KcJc_1 KcQc_1 KcQd_1 KcQh_1 KcQs_1 KcTc_0.50 KdJd_1 KdQc_1 KdQd_1 KdQh_1 KdQs_1 KdTd_0.50 KhJh_1 KhQc_1 KhQd_1 KhQh_1 KhQs_1 KhTh_0.50 KsJs_1 KsQc_1 KsQd_1 KsQh_1 KsQs_1 KsTs_0.50 QcJc_0.50 QdJd_0.50 QdQc_1 QhJh_0.50 QhQc_1 QhQd_1 QsJs_0.50 QsQc_1 QsQd_1 QsQh_1 TdTc_1 ThTc_1 ThTd_1 TsTc_1 TsTd_1 TsTh_1

root, 1 check
0.303 0.303 0.002 0.018 0.002 0.002 0.008 0.003 0.003 0.307 0.118 0.227 0.227 0.244 0.244 0.155 0.75 0.75 0.225 0.134 0.203 0.203 0.001 0.235 0.235 0.229 0.7 0.92 0.842 0.747 0.837 0.546 0.157 0.144 0.154 0.005 0.446 0.632 0.7 0.92 0.842 0.747 0.837 0.691 0.546 0.144 0.157 0.154 0.005 0.446 0.632 0.849 0.935 0.773 0.814 0.59 0.59 0.555 0.186 0.186 0.128 0.034 0.411 0.619 0.995 0.995 0.771 0.788 0.769 0.769 0.077 0.422 0.422 0.457 0.999 1 0.999 0.864 1 0.868 0.805 0.805 0.998 0.111 0.471 0.471 0.425 0.218 0.836 0.999 0.836 0.748 0.999 0.464 0.76 0.76 0.729 0.337 0.525 0.525 0.541 0.147 0.988 0.988 0.587 0.437 0.517 0.517 0.112 0.288 0.288 0.28

1 check, 2 check
0.045 0.1 0.1 0.247 0.247 0.278 0.121 0.138 0.138 0.27 0.27 0.279 0.203 0.162 0.162 0.248 0.248 0.2 0 0 0 0.301 0.233 0.233 0.309 0.309 0.23 0.862 0.425 0.425 0.323 0.323 0.23 0 0.975 0.956 0.821 0.938 0 0.65 0.544 0.444 0.426 0.586 0.381 0.011 0.06 0.126 0.09 0.66 0 0.975 0.956 0.821 0.938 0 0.65 0.544 0.426 0.444 0.586 0.381 0.06 0.011 0.126 0.09 0.66 0.961 0.945 0.849 0.916 0 0.544 0.466 0.631 0.631 0.172 0.472 0.113 0.113 0 0.073 0.483 0.478 0.999 0.478 0.999 0.999 0.38 0.861 0.861 0.984 0.295 0.819 0.769 0.999 0.999 0.129 0.694 0.819 0.999 0.769 0.999 0.129 0.694 0.778 0.999 0.999 0.705 0.213 0.633 0.235 0.089 0.089 0.153 0.515 0 0.461 0.461 0.996 0.43 1 1 0.339 0.841 0.841 0.895 0.834 0.647 0.647 0.579 0.579 0.607

1 check, 2 bet 7
0.301 0.283 0.283 0.315 0.315 0.299 0.277 0.269 0.269 0.327 0.327 0.316 0.234 0.229 0.229 0.273 0.273 0.259 0.174 0.166 0.166 0.21 0.25 0.25 0.221 0.221 0.246 0.014 0.186 0.186 0.195 0.195 0.24 0.386 0.024 0.035 0.11 0.053 0.343 0.234 0.261 0.228 0.231 0.193 0.369 0.338 0.32 0.286 0.384 0.208 0.386 0.024 0.035 0.11 0.053 0.343 0.234 0.261 0.231 0.228 0.193 0.369 0.32 0.338 0.286 0.384 0.208 0.038 0.047 0.108 0.078 0.369 0.284 0.288 0.196 0.196 0.318 0.334 0.28 0.28 0.344 0.381 0.28 0.236 0 0.236 0 0 0.296 0.108 0.108 0.012 0.257 0.15 0.23 0 0 0.315 0.292 0.15 0 0.23 0 0.315 0.292 0.175 0 0 0.294 0.247 0.271 0.331 0.254 0.254 0.239 0.35 0.339 0.333 0.333 0.004 0.405 0 0 0.159 0.12 0.12 0.1 0.074 0.152 0.152 0.208 0.208 0.195

2 bet 7, 1 call 7
0 0 0 0.005 0.004 0.004 0.011 0.622 0.622 0.991 0.615 0.989 0.989 0.993 0.993 0.986 0 0 0.995 0.113 0.995 0.995 0.006 0.998 0.998 0.998 0.247 1 1 0.931 0.903 0.944 0 0 0 0.771 0.608 0.958 0.247 1 1 0.931 0.903 1 0.944 0 0 0 0.771 0.608 0.958 1 1 0.973 0.914 1 1 0.935 0 0 0 0.463 0.545 1 0 0 0.622 0 0.768 0.768 0.051 0.581 0.581 0.678 0 0 0 0.467 0 0 0.602 0.602 0 0.999 0.93 0.93 0.995 0.486 0 0 0 0.691 0 0 0.828 0.828 0 0.35 0.656 0.656 0.686 0.002 0 0 0.777 0 0.982 0.982 0.014 0.829 0.829 0.784

2 bet 7, 1 raise 24
0.016 0.016 0.999 0.995 0.996 0.996 0.989 0.378 0.378 0.005 0.385 0.008 0.008 0.007 0.007 0.013 0.001 0.001 0.002 0.233 0.003 0.003 0.994 0.001 0.001 0.002 0.753 0 0 0.069 0.097 0.056 1 1 1 0.229 0.392 0.042 0.753 0 0 0.069 0.097 0 0.056 1 1 1 0.229 0.392 0.042 0 0 0.027 0.086 0 0 0.065 1 1 1 0.537 0.455 0 0 0 0.003 0.001 0.024 0.024 0.949 0.418 0.418 0.322 0 0 0 0 0 0 0 0 0 0.001 0.069 0.069 0.004 0.514 0 0 0 0.088 0 0.001 0.091 0.091 0 0.65 0.344 0.344 0.314 0.998 0 0 0 0.001 0.004 0.004 0.986 0.17 0.17 0.216

2 bet 7, 1 raise 24, 2 call 24
0.299 0.361 0.361 0.586 0.586 0.645 0.261 0.317 0.317 0.581 0.581 0.636 0.027 0.118 0.118 0.469 0.469 0.528 0.998 0.998 0.998 0 0 0 0.262 0.262 0.316 0 0 0 0.337 0.337 0.348 0.999 1 1 0.999 1 0.999 0.999 0.995 0.997 0.997 0.998 0.999 0.586 0.572 0.562 0.998 0.999 0.999 1 1 0.999 1 0.999 0.999 0.995 0.997 0.997 0.998 0.999 0.572 0.586 0.562 0.998 0.999 1 1 1 1 1 1 1 0.999 0.999 0.999 0.999 0.966 0.966 0.997 0.999 1 0 0 0 0 0 0 0.001 0.001 0 1 0 0 0 0 0 0 0 0 0 0 0 0 0 0 0 0 0 0 0.994 0 0 0 0.999 0.982 0 0 0.865 0 0.987 0.987 1 0.683 0.683 0.701 0.001 0.002 0.002 0.266 0.266 0.314

1 raise 24, 2 raise 83
0 0 0 0 0 0 0 0 0 0 0 0 0 0 0 0 0 0 0.002 0.002 0.002 0 0 0 0 0 0 0 0 0 0 0 0 0.001 0 0 0.001 0 0.001 0.001 0.005 0.003 0.003 0.002 0.001 0.414 0.428 0.438 0.002 0.001 0.001 0 0 0.001 0 0.001 0.001 0.005 0.003 0.003 0.002 0.001 0.428 0.414 0.438 0.002 0.001 0 0 0 0 0 0 0 0.001 0.001 0.001 0.001 0.034 0.034 0.003 0.001 0 0 0 0 0 0 0 0 0 0 0 0 0 0 0 0 0 0 0 0 0 0 0 0 0 0 0 0 0 0.006 0 0 0 0.001 0.018 0 0 0 0 0 0 0 0 0 0 0 0 0 0 0 0

1 check, 2 bet 10
0.413 0.372 0.372 0.3 0.3 0.275 0.391 0.359 0.359 0.294 0.294 0.284 0.318 0.338 0.338 0.275 0.275 0.283 0.338 0.354 0.354 0.296 0.297 0.297 0.274 0.274 0.269 0.11 0.249 0.249 0.245 0.245 0.262 0.418 0.001 0.009 0.068 0.009 0.396 0.109 0.166 0.238 0.245 0.192 0.247 0.445 0.422 0.376 0.349 0.131 0.418 0.001 0.009 0.068 0.009 0.396 0.109 0.166 0.245 0.238 0.192 0.247 0.422 0.445 0.376 0.349 0.131 0 0.008 0.039 0.006 0.466 0.17 0.223 0.151 0.151 0.308 0.194 0.389 0.389 0.433 0.347 0.222 0.278 0 0.278 0 0 0.318 0.03 0.03 0.004 0.09 0.03 0.001 0 0 0.407 0.011 0.03 0 0.001 0 0.407 0.011 0.046 0 0 0 0.36 0.094 0.311 0.512 0.512 0.507 0.13 0.656 0.177 0.177 0 0.16 0 0 0.242 0.031 0.031 0.005 0.088 0.163 0.163 0.203 0.203 0.194

2 bet 10, 1 call 10
0 0 0 0.89 0.027 0.027 0.298 0.854 0.854 0.556 0.841 0.577 0.577 0.981 0.981 0.982 0 0 0.693 0 0.799 0.799 0.956 0.995 0.995 0.996 0.045 1 1 0.892 0.841 0.954 0 0 0 0.945 0.626 0.999 0.045 1 1 0.892 0.841 1 0.954 0 0 0 0.945 0.626 0.999 1 1 0.972 0.903 1 1 0.999 0 0 0 0.669 0.535 0.999 0 0 0.329 0 0.446 0.446 0.999 0.678 0.678 0.733 0 0 0 0.27 0 0 0.369 0.369 0 0.999 0.997 0.997 0.998 0.614 0 0 0 0.331 0 0 0.422 0.422 0 0.788 0.717 0.717 0.76 0.135 0 0 0.224 0 0.342 0.342 0.999 0.995 0.995 0.997

2 bet 10, 1 raise 30
0.004 0.004 0.127 0.11 0.972 0.972 0.701 0.145 0.145 0.001 0.159 0.001 0.001 0.001 0.001 0.001 0 0 0.001 0.001 0.001 0.001 0.044 0 0 0 0.955 0 0 0.108 0.159 0.046 1 1 1 0.055 0.374 0.001 0.955 0 0 0.108 0.159 0 0.046 1 1 1 0.055 0.374 0.001 0 0 0.028 0.097 0 0 0.001 1 1 1 0.331 0.465 0.001 0 0 0.012 0.001 0.034 0.034 0.001 0.321 0.321 0.266 0 0 0 0 0 0 0 0 0 0.001 0.001 0.001 0.001 0.386 0 0 0 0.129 0 0.003 0.147 0.147 0 0.212 0.283 0.283 0.24 0.865 0 0 0 0 0 0 0.001 0.002 0.002 0.001

2 bet 10, 1 raise 30, 2 call 30
0.016 0.072 0.072 0.35 0.35 0.395 0.008 0.082 0.082 0.342 0.342 0.41 0.001 0.007 0.007 0.218 0.218 0.34 0.977 0.979 0.979 0 0.001 0.001 0.144 0.144 0.188 0.001 0.001 0.001 0.149 0.149 0.189 0.622 0.996 0.997 0.996 0.998 0.817 0.997 0.993 0.992 0.993 0.995 0.997 0.396 0.39 0.372 0.993 0.993 0.622 0.996 0.997 0.996 0.998 0.817 0.997 0.993 0.993 0.992 0.995 0.997 0.39 0.396 0.372 0.993 0.993 0.994 0.994 0.994 0.998 0.999 0.998 0.994 0.993 0.993 0.996 0.998 0.482 0.482 0.604 0.996 0.987 0 0 0 0 0 0 0 0 0 0.869 0 0 0 0 0 0 0 0 0 0 0 0 0 0 0 0 0 0 0.959 0 0 0 0.998 0.426 0 0 0.001 0 0.001 0.001 1 0.038 0.038 0.015 0 0.001 0.001 0.157 0.157 0.194

1 raise 30, 2 raise 80
0 0 0 0 0 0 0 0 0 0 0 0 0 0 0 0 0 0 0.023 0.021 0.021 0 0 0 0 0 0 0 0 0 0 0 0 0.378 0.004 0.003 0.004 0.002 0.183 0.003 0.007 0.008 0.007 0.005 0.003 0.604 0.61 0.628 0.007 0.007 0.378 0.004 0.003 0.004 0.002 0.183 0.003 0.007 0.007 0.008 0.005 0.003 0.61 0.604 0.628 0.007 0.007 0.006 0.006 0.006 0.002 0.001 0.002 0.006 0.007 0.007 0.004 0.002 0.518 0.518 0.396 0.004 0.013 0 0 0 0 0 0 0 0 0 0.131 0 0 0 0 0 0 0 0 0 0 0 0 0 0 0 0 0 0 0.041 0 0 0 0.002 0.574 0 0 0 0 0 0 0 0 0 0 0 0 0 0 0 0

1 check, 2 bet 15
0.204 0.214 0.214 0.136 0.136 0.148 0.182 0.202 0.202 0.108 0.108 0.121 0.17 0.191 0.191 0.194 0.194 0.187 0.319 0.341 0.341 0.123 0.149 0.149 0.171 0.171 0.192 0.007 0.115 0.115 0.189 0.189 0.214 0.15 0 0 0.001 0 0.238 0.006 0.028 0.088 0.096 0.027 0.002 0.163 0.155 0.167 0.141 0.001 0.15 0 0 0.001 0 0.238 0.006 0.028 0.096 0.088 0.027 0.002 0.155 0.163 0.167 0.141 0.001 0 0 0.003 0 0.164 0.001 0.023 0.022 0.022 0.201 0.001 0.19 0.19 0.209 0.161 0.015 0.004 0 0.004 0 0 0.005 0 0 0 0.305 0.001 0 0 0 0.148 0.001 0.001 0 0 0 0.148 0.001 0.001 0 0 0 0.179 0.001 0.114 0.129 0.129 0.091 0.004 0.005 0.027 0.027 0 0.005 0 0 0.21 0.008 0.008 0 0.002 0.037 0.037 0.009 0.009 0.004

2 bet 15, 1 call 15
0 0 0 0.998 0.995 0.995 0.999 0.998 0.998 0 0.999 0 0 0.289 0.289 0.254 0 0 0 0 0.007 0.007 0.999 0.512 0.512 0.579 0.08 1 1 0.992 0.756 0.998 0 0 0 0.983 0.605 0.999 0.08 1 1 0.992 0.756 1 0.998 0 0 0 0.983 0.605 0.999 1 1 1 0.999 1 1 0.998 0.007 0.007 0.076 0.98 0.529 0.999 0 0 0.012 0 0.128 0.128 0.999 0.859 0.859 0.945 0 0 0 0.057 0 0 0.129 0.129 0 0.999 0.69 0.69 0.746 0.835 0 0 0 0.109 0 0 0.159 0.159 0 0.984 0.904 0.904 0.951 0.998 0 0 0 0 0.002 0.002 0.999 0.707 0.707 0.773

2 bet 15, 1 raise 40
0 0 0.001 0.002 0.004 0.004 0 0.001 0.001 0 0 0 0 0 0 0 0 0 0 0 0 0 0.001 0 0 0 0.92 0 0 0.008 0.244 0.002 1 1 1 0.017 0.395 0.001 0.92 0 0 0.008 0.244 0 0.002 1 1 1 0.017 0.395 0.001 0 0 0 0.001 0 0 0.002 0.993 0.993 0.924 0.02 0.471 0.001 0 0 0 0 0 0 0.001 0.103 0.103 0.043 0 0 0 0 0 0 0 0 0 0.001 0 0 0 0.165 0.001 0 0.001 0.235 0 0.011 0.239 0.239 0 0.016 0.078 0.078 0.045 0.002 0 0 0 0 0 0 0.001 0 0 0

2 bet 15, 1 raise 40, 2 call 40
0 0 0 0.051 0.051 0.082 0 0 0 0.052 0.052 0.094 0 0 0 0 0 0.107 0.282 0.163 0.163 0 0 0 0 0 0 0 0 0 0 0 0 0.216 0.994 0.994 0.994 0.998 0.003 0.996 0.994 0.946 0.976 0.984 0.996 0.07 0.381 0.209 0.698 0.994 0.216 0.994 0.994 0.994 0.998 0.003 0.996 0.994 0.976 0.946 0.984 0.996 0.381 0.07 0.209 0.698 0.994 0.988 0.987 0.99 0.998 0.808 0.999 0.998 0.83 0.83 0.389 0.997 0.022 0.022 0.002 0.384 0.998 0 0 0 0 0 0 0 0 0 0.014 0 0 0 0 0 0 0 0 0 0 0 0 0 0 0 0 0 0 0.001 0 0 0 0.385 0 0 0 0 0 0 0 0.837 0 0 0 0 0 0 0 0 0

1 raise 40, 2 raise 75
0 0 0 0 0 0 0 0 0 0 0 0 0 0 0 0 0 0 0.718 0.837 0.837 0 0 0 0 0 0 0 0 0 0 0 0 0.784 0.006 0.006 0.005 0.001 0.997 0.004 0.006 0.054 0.023 0.011 0.004 0.93 0.474 0.789 0.302 0.006 0.784 0.006 0.006 0.005 0.001 0.997 0.004 0.006 0.023 0.054 0.011 0.004 0.474 0.93 0.789 0.302 0.006 0.012 0.013 0.01 0.002 0.192 0.001 0.002 0.17 0.17 0.611 0.003 0.978 0.978 0.998 0.616 0.002 0 0 0 0 0 0 0 0 0 0.986 0 0 0 0 0 0 0 0 0 0 0 0 0 0 0 0 0 0 0.999 0 0 0 0.615 1 0 0 0 0 0 0 0.163 0 0 0 0 0 0 0 0 0

1 check, 2 bet 20
0.037 0.03 0.03 0.001 0.001 0.001 0.029 0.032 0.032 0.001 0.001 0.001 0.023 0.054 0.054 0.01 0.01 0.071 0.16 0.127 0.127 0.032 0.066 0.066 0.025 0.025 0.062 0.006 0.025 0.025 0.047 0.047 0.054 0.045 0 0 0 0 0.023 0 0 0.001 0.002 0.003 0 0.023 0.019 0.026 0.036 0 0.045 0 0 0 0 0.023 0 0 0.002 0.001 0.003 0 0.019 0.023 0.026 0.036 0 0 0 0 0 0 0 0 0.001 0.001 0.001 0 0.022 0.022 0.014 0.038 0 0.004 0 0.004 0 0 0 0 0 0 0.054 0 0 0 0 0 0.002 0 0 0 0 0 0.002 0 0 0 0 0 0 0.008 0.016 0.016 0.01 0 0 0.002 0.002 0 0 0 0 0.05 0 0 0 0.002 0.001 0.001 0 0 0

2 bet 20, 1 call 20
0 0 0 0.995 0.543 0.543 0.978 0.592 0.592 0.001 0.991 0 0 0 0 0 0 0 0 0 0 0 0.995 0.179 0.179 0.189 0.074 0.888 0.977 0.853 0.686 0.844 0.024 0.024 0.026 0.271 0.307 0.994 0.074 0.888 0.977 0.853 0.686 0.999 0.844 0.024 0.024 0.026 0.271 0.307 0.994 0.996 0.997 0.996 0.973 0.998 0.998 0.814 0.031 0.031 0.042 0.272 0.293 0.996 0 0 0.001 0 0.003 0.003 0.982 0.437 0.437 0.502 0 0 0 0.002 0 0 0.004 0.004 0 0.987 0.432 0.432 0.489 0.738 0 0 0 0.189 0 0 0.216 0.216 0 0.723 0.563 0.563 0.606 0.991 0 0 0.002 0 0.002 0.002 0.996 0.334 0.334 0.377

2 bet 20, 1 raise 50
0 0 0 0.005 0.012 0.012 0.001 0.001 0.001 0 0 0 0 0 0 0 0 0 0 0 0 0 0.005 0 0 0 0.926 0.112 0.023 0.141 0.104 0.155 0.976 0.976 0.974 0.729 0.693 0.006 0.926 0.112 0.023 0.141 0.104 0.001 0.155 0.976 0.976 0.974 0.729 0.693 0.006 0.004 0.003 0.004 0.003 0.002 0.002 0.186 0.969 0.969 0.958 0.728 0.707 0.004 0 0 0 0 0 0 0.018 0 0 0 0 0 0 0 0 0 0 0 0 0.013 0 0 0 0.262 0 0 0 0.223 0 0.001 0.239 0.239 0 0.277 0.026 0.026 0.035 0.008 0 0 0 0 0 0 0.004 0 0 0

2 bet 20, 1 raise 50, 2 call 50
0 0 0 0.004 0.004 0.052 0 0 0 0.001 0.001 0.088 0 0 0 0 0 0.001 0.008 0.008 0.008 0 0 0 0 0 0 0 0 0 0 0 0 0 0.996 0.996 0.996 0.997 0.002 0.998 0.998 0.955 0.985 0.985 0.984 0 0 0 0.291 0.997 0 0.996 0.996 0.996 0.997 0.002 0.998 0.998 0.985 0.955 0.985 0.984 0 0 0 0.291 0.997 0.639 0.563 0.959 0.991 0.474 0.998 0.998 0.435 0.435 0.004 0.614 0 0 0.001 0.026 0.997 0 0 0 0 0 0 0 0 0 0.001 0 0 0 0 0 0 0 0 0 0 0 0 0 0 0 0 0 0 0.001 0 0 0 0.001 0.001 0 0 0 0 0 0 0.001 0 0 0 0 0 0 0 0 0.002

1 raise 50, 2 raise 70
0 0 0 0 0 0 0 0 0 0 0 0 0 0 0 0 0 0 0.992 0.992 0.992 0 0 0 0 0 0 0 0 0 0 0 0 1 0.003 0.004 0.004 0.003 0.998 0.002 0.002 0.045 0.015 0.015 0.016 1 1 1 0.709 0.003 1 0.003 0.004 0.004 0.003 0.998 0.002 0.002 0.015 0.045 0.015 0.016 1 1 1 0.709 0.003 0.361 0.437 0.041 0.009 0.526 0.002 0.002 0.565 0.565 0.996 0.386 1 1 0.999 0.974 0.003 0 0 0 0 0 0 0 0 0 0.999 0 0 0 0 0 0 0 0 0 0 0 0 0 0 0 0 0 0 0.999 0 0 0 0.999 0.999 0 0 0 0 0 0 0.999 0 0 0 0 0 0 0 0 0

1 check, 2 bet 25
0 0 0 0 0 0 0 0 0 0 0 0 0.053 0.025 0.025 0 0 0 0.008 0.011 0.011 0.038 0.005 0.005 0 0 0 0 0 0 0 0 0 0 0 0 0 0 0 0 0 0 0 0 0 0.02 0.023 0.018 0 0 0 0 0 0 0 0 0 0 0 0 0 0 0.023 0.02 0.018 0 0 0 0 0 0 0 0 0 0 0 0 0 0.006 0.006 0 0 0 0 0 0 0 0 0 0 0 0 0 0 0 0 0 0 0 0 0 0 0 0 0 0 0 0 0 0 0 0 0 0 0 0 0 0 0 0 0 0 0 0 0 0 0 0 0 0 0 0 0

2 bet 25, 1 call 25
0 0 0 0.004 0.059 0.059 0.215 0.101 0.101 0 0.266 0 0 0 0 0 0 0 0.034 0 0.038 0.038 0.24 0.075 0.075 0.081 0.085 0.369 0.372 0.329 0.258 0.157 0.022 0.022 0.025 0.016 0.102 0.17 0.085 0.369 0.372 0.329 0.258 0.544 0.157 0.022 0.022 0.025 0.016 0.102 0.17 0.368 0.378 0.328 0.284 0.528 0.528 0.202 0.01 0.01 0.012 0.006 0.092 0.169 0 0 0.027 0 0.037 0.037 0.26 0.22 0.22 0.246 0 0 0 0.044 0 0 0.053 0.053 0 0.202 0.165 0.165 0.195 0.206 0 0 0 0.134 0 0.001 0.15 0.15 0.001 0.144 0.193 0.193 0.221 0.294 0 0 0.022 0 0.04 0.04 0.333 0.097 0.097 0.118

2 bet 25, 1 raise 90
0 0 0 0.996 0 0 0.016 0 0 0 0.002 0 0 0 0 0 0 0 0 0 0 0 0.76 0 0 0 0.915 0.554 0.523 0.56 0.454 0.734 0.978 0.978 0.975 0.984 0.898 0.72 0.915 0.554 0.523 0.56 0.454 0.456 0.734 0.978 0.978 0.975 0.984 0.898 0.72 0.485 0.464 0.497 0.386 0.472 0.472 0.518 0.99 0.99 0.988 0.994 0.908 0.618 0 0 0 0 0 0 0.74 0 0 0 0 0 0 0 0 0 0 0 0 0.798 0 0 0 0.794 0 0 0 0.051 0 0 0.048 0.048 0 0.856 0 0 0 0.706 0 0 0 0 0 0 0.667 0 0 0

2 bet 25, 1 raise 90, 2 call 90
0 0 0 0 0 0 0 0 0 0 0 0 0 0 0 0 0 0 1 1 1 0 0 0 0 0 0 0 0 0 0 0 0 1 0.001 0.001 0.001 0.911 1 1 1 1 1 1 1 1 1 1 1 1 1 0.001 0.001 0.001 0.911 1 1 1 1 1 1 1 1 1 1 1 1 0.999 1 1 1 1 1 1 1 1 1 1 1 1 1 1 1 0 0 0 0 0 0 0 0 0 1 0 0 0 0 0 0 0 0 0 0 0 0 0 0 0 0 0 0 1 0 0 0 1 1 0 0 0 0 0 0 1 0 0 0 0 0 0 0 0 0

root, 1 bet 7
0.439 0.439 0.447 0.496 0.107 0.107 0.213 0.125 0.125 0.221 0.192 0.209 0.209 0.293 0.293 0.273 0.239 0.239 0.185 0.344 0.138 0.138 0.269 0.318 0.318 0.257 0.206 0.063 0.146 0.186 0.126 0.36 0.147 0.139 0.156 0.292 0.285 0.331 0.206 0.063 0.146 0.186 0.126 0.274 0.36 0.139 0.147 0.156 0.292 0.285 0.331 0.124 0.049 0.165 0.145 0.359 0.359 0.351 0.104 0.104 0.213 0.265 0.29 0.317 0.002 0.002 0.138 0.181 0.184 0.184 0.355 0.202 0.202 0.198 0 0 0 0.136 0 0.131 0.179 0.179 0.002 0.359 0.426 0.426 0.414 0.3 0.132 0 0.132 0.195 0 0.313 0.172 0.172 0.252 0.319 0.321 0.321 0.312 0.451 0.011 0.011 0.147 0.33 0.156 0.156 0.303 0.233 0.233 0.21

1 bet 7, 2 call 7
0.784 0.804 0.804 0.785 0.785 0.807 0.994 0.997 0.997 0.661 0.661 0.738 0.986 0.997 0.997 0.769 0.769 0.763 0.301 0.421 0.421 0.015 0.16 0.16 0.784 0.784 0.947 0.002 0.006 0.006 0.649 0.649 0.948 0.351 0.962 0.947 0.958 0.94 0.307 0.997 0.999 0.709 0.839 0.997 0.837 0.69 0.75 0.655 0.999 0.999 0.351 0.962 0.947 0.958 0.94 0.307 0.997 0.999 0.839 0.709 0.997 0.837 0.75 0.69 0.655 0.999 0.999 0.999 0.995 0.926 1 0.594 1 0.993 0.936 0.936 0.781 0.961 0.503 0.503 0.989 0.991 0.999 0 0.656 0 0.296 0.296 0.218 0.766 0.766 0.999 1 0 0 0 0 0.316 0 0 0 0 0 0.316 0 0.202 0 0 0.623 0 0.069 1 0.471 0.471 0.259 1 1 0 0 0.999 0.086 0.999 0.999 1 1 1 1 0.053 0.016 0.016 0.749 0.749 0.985

1 bet 7, 2 raise 24
0.216 0.196 0.196 0.215 0.215 0.193 0.006 0.003 0.003 0.339 0.339 0.262 0.001 0.001 0.001 0.231 0.231 0.237 0.699 0.579 0.579 0 0 0 0.188 0.188 0.048 0 0 0 0.346 0.346 0.049 0.649 0.038 0.053 0.042 0.06 0.693 0.003 0.001 0.291 0.161 0.003 0.163 0.31 0.25 0.345 0.001 0.001 0.649 0.038 0.053 0.042 0.06 0.693 0.003 0.001 0.161 0.291 0.003 0.163 0.25 0.31 0.345 0.001 0.001 0.001 0.005 0.074 0 0.406 0 0.007 0.064 0.064 0.219 0.039 0.497 0.497 0.011 0.009 0.001 0 0 0 0 0 0 0.234 0.234 0.001 0 0 0 0 0 0.15 0 0 0 0 0 0.15 0 0 0 0 0 0.264 0 0 0.32 0.32 0.048 0 0 0 0 0 0 0 0 0 0 0 0 0 0 0 0.248 0.248 0.013

1 bet 7, 2 raise 24, 1 call  24
0 0 0 0 0.494 0.494 0.976 0.684 0.684 0 1 0 0 0 0 0 0 0 0 0 0 0 0.001 0 0 0 0.485 1 1 1 1 0.999 0 0 0 0.523 0.602 0.999 0.485 1 1 1 1 1 0.999 0 0 0 0.523 0.602 0.999 1 1 1 1 1 1 0.998 0 0 0.001 0.547 0.614 0.999 0 0 0 0 0 0 0.88 0.635 0.635 0.662 0 0 0 0.065 0 0 0.233 0.233 0 0.697 0.418 0.418 0.51 0.74 0 0 0 0 0 0 0.171 0.171 0 0.024 0.408 0.408 0.608 0.31 0 0 0 0 0 0 0.329 0.014 0.014 0.17

2 raise 24, 1 raise  83
0 0 0 1 0 0 0 0 0 0 0 0 0 0 0 0 0 0 0 0 0 0 0.999 0 0 0 0.515 0 0 0 0 0.001 1 1 1 0.477 0.398 0.001 0.515 0 0 0 0 0 0.001 1 1 1 0.477 0.398 0.001 0 0 0 0 0 0 0.002 1 1 0.999 0.453 0.386 0.001 0 0 0 0 0 0 0.12 0 0 0 0 0 0 0 0 0 0 0 0 0.303 0 0 0 0.26 0 0 0 0 0 0 0 0 0 0.976 0 0 0 0.69 0 0 0 0 0 0 0.671 0 0 0

root, 1 bet 10
0.107 0.107 0.276 0.25 0.136 0.136 0.191 0.15 0.15 0.008 0.154 0.019 0.019 0.167 0.167 0.188 0.008 0.008 0.029 0.229 0.018 0.018 0.264 0.215 0.215 0.211 0.039 0.017 0.012 0.047 0.029 0.078 0.117 0.12 0.081 0.246 0.097 0.031 0.039 0.017 0.012 0.047 0.029 0.035 0.078 0.12 0.117 0.081 0.246 0.097 0.031 0.026 0.016 0.051 0.033 0.051 0.051 0.081 0.09 0.09 0.144 0.223 0.105 0.032 0 0 0.022 0.008 0.001 0.001 0.29 0.117 0.117 0.122 0 0 0 0 0 0 0.016 0.016 0 0.221 0.08 0.08 0.128 0.12 0.029 0 0.029 0.006 0 0.155 0.013 0.013 0.019 0.188 0.077 0.077 0.066 0.221 0.001 0.001 0.004 0.129 0.003 0.003 0.19 0.154 0.154 0.147

1 bet 10, 2 call 10
0.794 0.894 0.894 0.995 0.995 0.996 0.78 0.86 0.86 0.995 0.995 0.997 0.533 0.599 0.599 0.901 0.901 0.984 0.3 0.467 0.467 0.125 0.218 0.218 0.499 0.499 0.556 0.015 0.017 0.017 0.422 0.422 0.474 0.998 0.991 0.967 0.957 1 0.995 1 0.999 0.968 0.998 0.999 1 0.942 0.877 0.885 1 0.999 0.998 0.991 0.967 0.957 1 0.995 1 0.999 0.998 0.968 0.999 1 0.877 0.942 0.885 1 0.999 0.991 0.988 0.999 1 0.999 1 0.999 0.956 0.956 0.999 1 0.957 0.957 0.998 1 0.999 0 0.19 0 0.099 0.099 0 0.924 0.924 0.842 1 0 0 0 0 0.028 0 0 0 0 0 0.028 0 0.054 0 0 0.328 0 0.003 1 0.611 0.611 0.485 1 1 0 0 0.972 0 0.976 0.976 1 0.999 0.999 0.999 0.107 0.157 0.157 0.466 0.466 0.466

1 bet 10, 2 raise 30
0.002 0.002 0.002 0.002 0.002 0.001 0.001 0.001 0.001 0.003 0.003 0.002 0 0.001 0.001 0.001 0.001 0.001 0.7 0.533 0.533 0 0 0 0.001 0.001 0.001 0 0 0 0.129 0.129 0.002 0.002 0.009 0.033 0.043 0 0.005 0 0.001 0.032 0.002 0.001 0 0.058 0.123 0.115 0 0.001 0.002 0.009 0.033 0.043 0 0.005 0 0.001 0.002 0.032 0.001 0 0.123 0.058 0.115 0 0.001 0.009 0.012 0.001 0 0.001 0 0.001 0.044 0.044 0.001 0 0.043 0.043 0.002 0 0.001 0 0 0 0 0 0 0.001 0.001 0 0 0 0.016 0.016 0 0.041 0 0 0.016 0.016 0 0.041 0 0 0 0 0.081 0.001 0 0 0.119 0.119 0.014 0 0 0 0 0 0 0 0 0 0 0 0 0 0 0 0 0 0

1 bet 10, 2 raise 30, 1 call  30
0 0 0 0 0.189 0.189 0.418 0.242 0.242 0 0.562 0 0 0 0 0 0 0 0 0 0 0 0.077 0.001 0.001 0.001 0.601 0.777 0.779 0.742 0.626 0.551 0.131 0.131 0.142 0.144 0.437 0.716 0.601 0.777 0.779 0.742 0.626 1 0.551 0.131 0.131 0.142 0.144 0.437 0.716 0.78 0.779 0.752 0.596 1 1 0.75 0.044 0.044 0.074 0.062 0.455 0.902 0 0 0 0 0 0 0.202 0.127 0.127 0.127 0 0 0 0 0 0 0 0 0 0.887 0.001 0.001 0.002 0.997 0 0 0 0 0 0 0 0 0 0 0 0 0.061 0.001 0 0 0 0 0 0 0.15 0.07 0.07 0.101

2 raise 30, 1 raise  80
0 0 0 1 0 0 0 0 0 0 0 0 0 0 0 0 0 0 0 0 0 0 0.923 0 0 0 0.399 0 0 0 0 0.003 0.869 0.869 0.858 0.856 0.521 0.001 0.399 0 0 0 0 0 0.003 0.869 0.869 0.858 0.856 0.521 0.001 0 0 0 0 0 0 0.004 0.956 0.956 0.926 0.938 0.545 0.001 0 0 0 0 0 0 0.798 0 0 0 0 0 0 0 0 0 0 0 0 0.113 0 0 0 0.003 0 0 0 0 0 0 0 0 0 1 0 0 0 0.999 0 0 0 0 0 0 0.85 0 0 0

root, 1 bet 15
0.135 0.135 0.229 0.236 0.432 0.432 0.311 0.413 0.413 0.168 0.314 0.232 0.233 0.199 0.199 0.219 0.002 0.002 0.281 0.221 0.321 0.321 0.392 0.219 0.219 0.224 0.053 0 0 0.02 0.008 0.015 0.276 0.3 0.288 0.406 0.1 0.003 0.053 0 0 0.02 0.008 0 0.015 0.3 0.276 0.288 0.406 0.1 0.003 0 0 0.011 0.007 0 0 0.011 0.292 0.292 0.273 0.412 0.113 0.028 0 0 0.049 0.015 0.016 0.016 0.276 0.154 0.154 0.131 0 0 0 0 0 0 0 0 0 0.195 0.022 0.022 0.032 0.227 0.003 0 0.003 0.026 0 0.058 0.029 0.029 0 0.099 0.06 0.06 0.068 0.181 0 0 0.113 0.083 0.151 0.151 0.38 0.234 0.234 0.223

1 bet 15, 2 call 15
0.253 0.306 0.306 0.685 0.685 0.746 0.098 0.185 0.185 0.654 0.654 0.716 0.008 0.183 0.183 0.475 0.475 0.685 0.813 0.973 0.973 0 0 0 0.139 0.139 0.259 0 0 0 0.23 0.23 0.205 0.999 0.993 0.992 0.993 0.999 0.997 0.999 0.999 0.995 0.997 0.998 0.999 0.989 0.985 0.972 0.999 0.999 0.999 0.993 0.992 0.993 0.999 0.997 0.999 0.999 0.997 0.995 0.998 0.999 0.985 0.989 0.972 0.999 0.999 1 1 1 1 0.999 1 0.999 0.996 0.996 0.998 0.999 0.979 0.979 0.996 0.999 0.999 0 0 0 0 0 0 0.492 0.492 0.462 1 0 0 0 0 0.003 0 0 0 0 0 0.003 0 0 0 0 0.268 0.002 0 0.999 0.545 0.545 0.508 0.999 0.999 0 0 0.129 0 0.118 0.118 0.999 0.991 0.991 0.991 0 0 0 0.203 0.203 0.222

1 bet 15, 2 raise 40
0 0 0 0 0 0 0 0 0 0 0 0 0 0 0 0 0 0 0.187 0.027 0.027 0 0 0 0 0 0 0 0 0 0 0 0 0.001 0.007 0.008 0.007 0.001 0.003 0.001 0.001 0.005 0.003 0.002 0.001 0.011 0.015 0.028 0.001 0.001 0.001 0.007 0.008 0.007 0.001 0.003 0.001 0.001 0.003 0.005 0.002 0.001 0.015 0.011 0.028 0.001 0.001 0 0 0 0 0.001 0 0.001 0.004 0.004 0.002 0.001 0.021 0.021 0.004 0.001 0.001 0 0 0 0 0 0 0 0 0 0 0 0.001 0.001 0.001 0.003 0 0 0.001 0.001 0.001 0.003 0 0 0.001 0.001 0.001 0.001 0 0.001 0.015 0.015 0.01 0.001 0.001 0 0 0 0 0 0 0 0 0 0 0 0 0 0 0 0

1 bet 15, 2 raise 40, 1 call  40
0 0 0 0.017 0.014 0.014 0.202 0.002 0.002 0 0.37 0 0 0 0 0 0 0 0 0 0 0 0.003 0 0 0 0.251 0.862 0.86 0.836 0.656 0.495 0.031 0.031 0.034 0.007 0.176 0.542 0.251 0.862 0.86 0.836 0.656 0.298 0.495 0.031 0.031 0.034 0.007 0.176 0.542 0.696 0.701 0.603 0.427 0.57 0.57 0.529 0.015 0.015 0.018 0.002 0.193 0.63 0 0 0 0 0 0 0.001 0 0 0 0 0 0 0 0 0 0 0 0 0.309 0 0 0 0.74 0 0 0 0 0 0 0 0 0 0.001 0 0 0 0.001 0 0 0 0 0 0 0.003 0 0 0

2 raise 40, 1 raise  75
0 0 0 0.983 0.017 0.017 0.001 0.017 0.017 0 0.001 0 0 0 0 0 0 0 0 0 0 0 0.997 0 0 0 0.747 0.001 0.001 0.001 0.001 0.008 0.966 0.966 0.963 0.967 0.65 0.003 0.747 0.001 0.001 0.001 0.001 0.702 0.008 0.966 0.966 0.963 0.967 0.65 0.003 0.004 0.004 0.005 0.005 0.43 0.43 0.037 0.981 0.981 0.98 0.997 0.709 0.014 0 0 0 0 0 0 0.999 0 0 0 0 0 0 0 0 0 0 0 0 0.594 0 0 0 0.14 0 0 0 0 0 0 0 0 0 0.999 0 0 0 0.999 0 0 0 0 0 0 0.997 0 0 0

root, 1 bet 20
0.009 0.009 0.008 0 0.314 0.314 0.272 0.299 0.299 0.294 0.221 0.302 0.302 0.092 0.092 0.139 0.001 0.001 0.279 0.003 0.314 0.314 0.065 0.011 0.011 0.068 0.001 0 0 0 0 0.001 0.274 0.283 0.313 0.051 0.072 0 0.001 0 0 0 0 0 0.001 0.283 0.274 0.313 0.051 0.072 0 0 0 0 0 0 0 0.002 0.298 0.298 0.24 0.066 0.078 0.004 0.002 0.002 0.021 0.007 0.029 0.029 0 0.091 0.091 0.086 0 0 0 0 0 0 0 0 0 0.115 0 0 0 0.135 0.001 0 0.001 0.024 0 0.01 0.026 0.026 0 0.048 0.016 0.016 0.013 0 0.001 0.001 0.148 0.001 0.173 0.173 0.015 0.085 0.085 0.122

1 bet 20, 2 call 20
0 0 0 0.321 0.321 0.351 0 0 0 0.248 0.248 0.327 0 0 0 0.177 0.177 0.35 0.988 0.989 0.989 0 0 0 0.001 0.001 0.004 0 0 0 0 0 0.002 0.997 0.998 0.998 0.997 0.998 0.995 0.997 0.982 0.981 0.982 0.986 0.998 0.968 0.964 0.944 0.997 0.92 0.997 0.998 0.998 0.997 0.998 0.995 0.997 0.982 0.982 0.981 0.986 0.998 0.964 0.968 0.944 0.997 0.92 0.999 0.999 0.999 0.999 0.997 0.999 0.998 0.984 0.984 0.998 0.998 0.973 0.973 0.994 0.998 0.998 0 0 0 0 0 0 0.043 0.043 0.083 0.997 0 0 0 0 0.124 0 0 0 0 0 0.124 0 0 0 0 0 0.103 0 0.996 0 0 0 0.997 0.996 0 0 0.001 0 0.002 0.002 0.997 0.579 0.579 0.621 0 0 0 0 0 0.001

1 bet 20, 2 raise 50
0 0 0 0 0 0 0 0 0 0 0 0 0 0 0 0 0 0 0.012 0.011 0.011 0 0 0 0 0 0 0 0 0 0 0 0 0.003 0.002 0.002 0.003 0.002 0.005 0.002 0.004 0.002 0.002 0.003 0.002 0.032 0.036 0.056 0.003 0.002 0.003 0.002 0.002 0.003 0.002 0.005 0.002 0.004 0.002 0.002 0.003 0.002 0.036 0.032 0.056 0.003 0.002 0.001 0.001 0.001 0.001 0.003 0.001 0.001 0.001 0.001 0.002 0.002 0.027 0.027 0.006 0.002 0.002 0 0 0 0 0 0 0 0 0 0.003 0 0 0 0 0.006 0 0 0 0 0 0.006 0 0 0 0 0 0.006 0 0.004 0 0 0 0.003 0.004 0 0 0 0 0 0 0.003 0 0 0 0 0 0 0 0 0

1 bet 20, 2 raise 50, 1 call  50
0 0 0 0.807 0.003 0.003 0.046 0.003 0.003 0 0.047 0 0 0.001 0.001 0.001 0 0 0 0 0 0 0.718 0.003 0.003 0.002 0.018 0.173 0.15 0.154 0.043 0.003 0 0 0 0 0.088 0.003 0.018 0.173 0.15 0.154 0.043 0 0.003 0 0 0 0 0.088 0.003 0.195 0.196 0.007 0.005 0.373 0.373 0.069 0 0 0 0 0.089 0.024 0 0 0 0 0 0 0.416 0 0 0 0 0 0 0 0 0 0 0 0 0.435 0.001 0.001 0.001 0.263 0 0 0 0.001 0 0 0.001 0.001 0 0.291 0 0 0 0.368 0 0 0 0 0 0 0.766 0.003 0.003 0.003

2 raise 50, 1 raise  70
0 0 0.001 0.193 0 0 0.001 0 0 0.001 0.001 0.001 0.001 0.001 0.001 0.001 0 0 0.001 0.001 0.001 0.001 0.282 0.002 0.002 0.002 0.982 0.003 0.003 0.013 0.006 0.01 1 1 1 1 0.912 0.008 0.982 0.003 0.003 0.013 0.006 1 0.01 1 1 1 1 0.912 0.008 0.252 0.223 0.008 0.007 0.627 0.627 0.02 1 1 1 1 0.911 0.014 0 0 0 0 0 0 0.584 0 0 0 0 0 0 0 0 0 0 0 0.001 0.565 0 0 0 0.737 0.001 0.001 0.001 0 0.001 0.002 0.001 0.001 0.002 0.709 0 0 0 0.632 0 0 0.001 0.001 0.001 0.001 0.234 0.002 0.002 0.002

root, 1 bet 25
0.006 0.006 0.037 0 0.01 0.01 0.005 0.009 0.009 0.002 0.002 0.011 0.011 0.005 0.005 0.026 0 0 0.002 0.07 0.007 0.007 0.008 0.001 0.001 0.012 0 0 0 0 0 0 0.028 0.014 0.008 0 0.001 0.002 0 0 0 0 0 0 0 0.014 0.028 0.008 0 0.001 0.002 0 0 0 0 0 0 0 0.031 0.031 0.002 0 0.004 0 0 0 0 0.001 0 0 0.001 0.014 0.014 0.006 0 0 0 0 0 0 0 0 0 0 0 0 0 0.001 0 0 0 0 0 0 0 0 0 0.01 0.001 0.001 0.001 0 0 0 0.001 0.021 0.001 0.001 0 0.007 0.007 0.017

1 bet 25, 2 call 25
0.001 0.001 0.001 0.11 0.11 0.126 0 0 0 0.069 0.069 0.099 0 0 0 0.008 0.008 0.061 0.554 0.615 0.615 0 0 0 0.001 0.001 0.001 0 0 0 0.001 0.001 0.001 0.996 0.702 0.703 0.735 0.836 0.988 0.822 0.733 0.678 0.696 0.69 0.991 0.47 0.441 0.469 0.912 0.754 0.996 0.702 0.703 0.735 0.836 0.988 0.822 0.733 0.696 0.678 0.69 0.991 0.441 0.47 0.469 0.912 0.754 0.996 0.997 0.996 0.996 0.997 0.994 0.993 0.595 0.595 0.997 0.997 0.447 0.447 0.687 0.908 0.996 0 0 0 0 0 0 0.003 0.003 0.005 0.729 0 0 0 0 0.028 0 0 0 0 0 0.028 0 0 0 0 0 0 0 0.696 0 0 0 0.866 0.625 0 0 0.041 0 0.043 0.043 0.925 0.313 0.313 0.318 0 0 0 0.002 0.002 0.003

1 bet 25, 2 raise 90
0 0 0 0 0 0 0 0 0 0 0 0 0 0 0 0 0 0 0.446 0.385 0.385 0 0 0 0 0 0 0 0 0 0 0 0 0.004 0.295 0.293 0.261 0.007 0.012 0.003 0.005 0.02 0.011 0.005 0.002 0.527 0.555 0.528 0.088 0.004 0.004 0.295 0.293 0.261 0.007 0.012 0.003 0.005 0.011 0.02 0.005 0.002 0.555 0.527 0.528 0.088 0.004 0.003 0.003 0.003 0.002 0.003 0.002 0.003 0.009 0.009 0.002 0.002 0.549 0.549 0.312 0.092 0.002 0 0 0 0 0 0 0 0 0 0.271 0.001 0.001 0.001 0.001 0.001 0.001 0.001 0.001 0.001 0.001 0.001 0.001 0 0 0 0 0 0 0.304 0 0 0 0.134 0.375 0 0 0 0 0 0 0.075 0 0 0 0 0 0 0 0 0

1 bet 25, 2 raise 90, 1 call  90
0 0 0 1 0 0 0 0 0 0 0 0 0 0 0 0 0 0 0 0 0 0 1 0 0 0 1 0.003 0.003 0.006 0.009 1 1 1 1 1 1 0.995 1 0.003 0.003 0.006 0.009 1 1 1 1 1 1 1 0.995 0.982 0.995 1 1 1 1 1 1 1 1 1 1 1 0 0 0 0 0 0 1 0 0 0 0 0 0 0 0 0 0 0 0 1 0 0 0 1 0 0 0 0 0 0 0 0 0 1 0 0 0 1 0 0 0 0 0 0 1 0 0 0
