game = '6-max Cash', preflop situation = 'MP openraise BB 3bet MP call', stack = '90', pot = '20', bets = '33 50 75 100 125'

OOP preflop range
6c5c_0.25 6d5d_0.25 6h5h_0.25 6s5s_0.25 7c6c_0.50 7d6d_0.50 7s6s_0.50 8c7c_0.50 8d7d_0.50 8d8c_0.25 8h8c_0.25 8h8d_0.25 8s7s_0.50 8s8c_0.25 8s8d_0.25 8s8h_0.25 9c8c_0.25 9d8d_0.25 9d9c_0.25 9h8h_0.25 9h9c_0.25 9h9d_0.25 9s8s_0.25 9s9c_0.25 9s9d_0.25 9s9h_0.25 Ac2c_0.50 Ac3c_0.25 Ac4c_0.25 Ac5c_0.50 Ac6c_0.50 AcKc_1 AcKd_0.75 AcKh_0.75 AcKs_0.75 AcQc_1 AcTc_0.25 Ad2d_0.50 Ad3d_0.25 Ad4d_0.25 Ad5d_0.50 Ad6d_0.50 AdAc_1 AdJd_0.50 AdKc_0.75 AdKd_1 AdKh_0.75 AdKs_0.75 AdQd_1 Ah2h_0.50 Ah3h_0.25 Ah4h_0.25 Ah5h_0.50 Ah6h_0.50 AhAc_1 AhAd_1 AhJh_0.50 AhKc_0.75 AhKd_0.75 AhKh_1 AhKs_0.75 AhQh_1 AhTh_0.25 As2s_0.50 As3s_0.25 As4s_0.25 As5s_0.50 As6s_0.50 AsAc_1 AsAd_1 AsAh_1 AsJs_0.50 AsKc_0.75 AsKd_0.75 AsKh_0.75 AsKs_1 AsQs_1 AsTs_0.25 Jd9d_0.25 Jh9h_0.25 JhJd_0.75 Js9s_0.25 JsJd_0.75 JsJh_0.75 KcQc_1 KdJd_0.75 KdKc_1 KdQd_1 KhJh_0.75 KhKc_1 KhKd_1 KhQh_1 KsJs_0.75 KsKc_1 KsKd_1 KsKh_1 KsQs_1 QcTc_0.25 QdJd_0.75 QdQc_1 QhJh_0.75 QhQc_1 QhQd_1 QhTh_0.25 QsJs_0.75 QsQc_1 QsQd_1 QsQh_1 QsTs_0.25 Tc9c_0.25 Th9h_0.25 ThTc_0.50 Ts9s_0.25 TsTc_0.50 TsTh_0.50

IP preflop range
4d4c_0.25 4h4c_0.25 4h4d_0.25 4s4c_0.25 4s4d_0.25 4s4h_0.25 5d5c_0.25 5h5c_0.25 5h5d_0.25 5s5c_0.25 5s5d_0.25 5s5h_0.25 6d6c_0.50 6h6c_0.50 6h6d_0.50 6s6c_0.50 6s6d_0.50 6s6h_0.50 7d7c_0.50 7s7c_0.50 7s7d_0.50 8d8c_1 8h8c_1 8h8d_1 8s8c_1 8s8d_1 8s8h_1 9d9c_1 9h9c_1 9h9d_1 9s9c_1 9s9d_1 9s9h_1 Ac2c_1 Ac3c_1 Ac4c_1 Ac5c_1 Ac6c_1 Ac7c_1 Ac8c_1 Ac9c_1 AcJd_1 AcJh_1 AcJs_1 AcQc_0.50 AcQd_1 AcQh_1 AcQs_1 AcTc_1 Ad2d_1 Ad3d_1 Ad4d_1 Ad5d_1 Ad6d_1 Ad7d_1 Ad8d_1 Ad9d_1 AdJd_0.75 AdJh_1 AdJs_1 AdQc_1 AdQd_0.50 AdQh_1 AdQs_1 Ah2h_1 Ah3h_1 Ah4h_1 Ah5h_1 Ah6h_1 Ah8h_1 Ah9h_1 AhJd_1 AhJh_0.75 AhJs_1 AhQc_1 AhQd_1 AhQh_0.50 AhQs_1 AhTh_1 As2s_1 As3s_1 As4s_1 As5s_1 As6s_1 As7s_1 As8s_1 As9s_1 AsJd_1 AsJh_1 AsJs_0.75 AsQc_1 AsQd_1 AsQh_1 AsQs_0.50 AsTs_1 JhJd_1 JhTh_0.50 JsJd_1 JsJh_1 JsTs_0.50 KcQc_1 KcQd_1 KcQh_1 KcQs_1 KcTc_0.50 KdJd_1 KdQc_1 KdQd_1 KdQh_1 KdQs_1 KhJh_1 KhQc_1 KhQd_1 KhQh_1 KhQs_1 KhTh_0.50 KsJs_1 KsQc_1 KsQd_1 KsQh_1 KsQs_1 KsTs_0.50 QdJd_0.50 QdQc_1 QhJh_0.50 QhQc_1 QhQd_1 QsJs_0.50 QsQc_1 QsQd_1 QsQh_1 ThTc_1 TsTc_1 TsTh_1

root, 1 check
0 0 0 0.123 0 0 0 0.156 0.129 0.331 0.322 0.317 0 0.344 0.337 0.331 0.089 0.037 0.33 0.099 0.327 0.341 0.057 0.321 0.331 0.334 0 0.035 0.26 0.256 0.49 0.002 0.083 0.088 0.071 0.062 0.603 0.05 0.054 0.263 0.266 0.534 0 0.206 0.108 0.016 0.099 0.099 0.063 0.03 0.032 0.239 0.237 0.446 0 0 0.122 0.101 0.1 0.009 0.078 0.049 0.555 0.657 0.698 0.984 0.985 0.993 0.013 0.009 0.001 0.276 0.116 0.143 0.136 0.136 0.106 0.555 0.141 0.162 0.139 0.148 0.19 0.186 0.081 0.102 0.006 0.073 0.099 0.01 0.005 0.077 0.166 0.023 0.001 0.015 0.111 0.261 0.28 0.025 0.259 0.027 0.019 0.227 0.35 0.013 0.02 0.023 0.214 0.035 0.014 0.145 0.163 0.032 0.05

1 check, 2 check
0.297 0.295 0.292 0.318 0.315 0.312 0.379 0.375 0.369 0.443 0.437 0.433 0.503 0.494 0.478 0.54 0.524 0.516 0.001 0.001 0.001 0.944 0.893 0.869 0.954 0.928 0.859 0.86 0.8 0.762 0.859 0.826 0.714 0.409 0.408 0.413 0.444 0.476 1 0.931 0.633 0.366 0.375 0.326 0.767 0.629 0.598 0.646 1 0.395 0.393 0.396 0.425 0.458 1 0.965 0.663 0.086 0.437 0.388 0.705 0.906 0.625 0.674 0.404 0.403 0.407 0.441 0.47 0.988 0.651 0.435 0.098 0.377 0.687 0.607 0.851 0.661 1 0.938 0.938 0.94 0.981 0.986 0.997 1 0.69 0.583 0.583 0.553 0.704 0.7 0.658 0.726 1 0.001 0.001 0.001 0.001 0.001 0.108 0.395 0.395 0.414 1 0.257 0.324 0.142 0.336 0.365 0.148 0.31 0.318 0.145 0.35 1 0.302 0.27 0.295 0.298 0.324 1 0.615 0.048 0.678 0.1 0.216 0.999 0.175 0.286 0.327 0.001 0.001 0.001

1 check, 2 bet 7
0.231 0.232 0.235 0.222 0.224 0.226 0.204 0.206 0.21 0.18 0.184 0.186 0.155 0.164 0.17 0.143 0.148 0.155 0.292 0.216 0.213 0.035 0.053 0.057 0.034 0.04 0.061 0.104 0.128 0.133 0.082 0.088 0.105 0.186 0.186 0.189 0.182 0.179 0 0.057 0.049 0.186 0.17 0.172 0.142 0.098 0.115 0.078 0 0.18 0.181 0.183 0.177 0.175 0 0.028 0.034 0.252 0.161 0.16 0.085 0.026 0.085 0.056 0.187 0.188 0.191 0.184 0.179 0.009 0.038 0.16 0.249 0.15 0.11 0.123 0.085 0.092 0 0.008 0.008 0.009 0.003 0.002 0.002 0 0 0.133 0.126 0.087 0.085 0.066 0.081 0.109 0 0.379 0.249 0.328 0.301 0.111 0.203 0.215 0.22 0.194 0 0.332 0.24 0.24 0.261 0.223 0.348 0.236 0.256 0.216 0.227 0 0.297 0.253 0.234 0.24 0.249 0 0.05 0.209 0.034 0.253 0.258 0.001 0.224 0.242 0.243 0.263 0.108 0.106

2 bet 7, 1 call 7
0 0 0 0 1 1 0.997 0.999 0.999 0.744 0.772 0.733 0.609 0.742 0.705 0.729 0 0 1 0 1 1 0 1 0.999 0.998 0 0 0 0 0 0.52 0.873 0.924 0.879 0.643 1 0 0 0 0 0 0 0.991 0.777 0.208 0.677 0.638 0.862 0 0 0 0 0 0 0 0.911 0.965 0.839 0.278 0.8 0.842 1 0 0 0 0 0 0 0 0 0.845 0.516 0.447 0.465 0.414 0.647 0.985 0.056 0.016 0.142 0.051 0.062 0.124 0.412 0.933 0 0.775 0.878 0 0 0.719 0.783 0 0 0 0.845 0.919 0.883 0 0.873 0 0 1 0.862 0 0.001 0.001 0.999 0.497 0.024 0 0.616 0 0

2 bet 7, 1 raise 24
0 0 0 0 0 0 0.001 0.001 0.001 0.248 0.22 0.259 0.391 0.249 0.286 0.263 1 1 0 1 0 0 1 0 0.001 0.002 0 0 0 0 0 0.48 0.126 0.075 0.12 0.357 0 0 0 0 0 0 1 0.009 0.222 0.792 0.323 0.361 0.138 0 0 0 0 0 1 1 0.089 0.034 0.16 0.722 0.199 0.158 0 0 0 0 0 0 1 1 1 0.155 0.483 0.552 0.534 0.585 0.353 0.015 0.944 0.984 0.858 0.949 0.938 0.876 0.588 0.067 1 0.225 0.122 1 1 0.281 0.217 1 1 1 0.155 0.081 0.117 1 0.127 1 1 0 0.138 1 0.999 0.999 0 0.503 0.976 1 0.384 1 1

2 bet 7, 1 raise 24, 2 call 24
0 0 0 0 0 0 0 0 0 0 0 0 0 0 0 0 0 0 0.573 0.57 0.574 0.268 0.302 0.293 0.256 0.246 0.282 0.956 0.956 0.947 0.953 0.956 0.945 0 0 0 0 0 0.002 0.001 0.143 0.806 0.813 0.695 0.606 0.171 0.172 0.027 0.529 0 0 0 0 0 0 0.001 0.088 0.833 0.87 0.737 0.206 0.513 0.171 0.04 0 0 0 0 0 0.001 0.192 0.833 0.844 0.722 0.218 0.186 0.533 0.05 0.562 0 0 0 0 0 0 0 0.005 0.985 0.977 0.969 0.111 0.064 0.061 0.021 0 0.372 0.013 0.05 0.101 0.002 0.281 0.855 0.87 0.969 0.9 0.892 0.75 0.478 0.959 0.995 0.801 0.777 0.973 0.498 0.994 0.873 0.829 0.708 0.877 0.888 0.888 0.001 0.277 0.743 0.257 0.731 0.729 0.48 0.773 0.776 0.758 0.809 0.771 0.77

1 raise 24, 2 raise 83
0 0 0 0 0 0 0 0 0 0 0 0 0 0 0 0 0 0 0.427 0.43 0.426 0 0 0 0 0 0 0.012 0.026 0.038 0.008 0.012 0.037 0 0 0 0 0 0 0 0 0.193 0.186 0.304 0.001 0 0 0 0 0 0 0 0 0 0 0 0 0.167 0.128 0.262 0 0.001 0 0 0 0 0 0 0 0 0 0.167 0.156 0.278 0 0 0.001 0 0.002 0 0 0 0 0 0 0 0 0.006 0.007 0.021 0 0 0 0 0 0.628 0.987 0.95 0.899 0.998 0.719 0.145 0.13 0.027 0.001 0.108 0.25 0.522 0.041 0.003 0.199 0.223 0.027 0.502 0.005 0.004 0.171 0.292 0.123 0.111 0.105 0 0.723 0.257 0.743 0.269 0.271 0.52 0.226 0.224 0.242 0.191 0.229 0.23

1 check, 2 bet 10
0.331 0.333 0.334 0.324 0.324 0.326 0.306 0.308 0.31 0.288 0.289 0.292 0.27 0.275 0.278 0.261 0.263 0.268 0.53 0.513 0.509 0.021 0.054 0.068 0.012 0.026 0.059 0.035 0.07 0.094 0.059 0.085 0.124 0.247 0.247 0.245 0.242 0.236 0 0.012 0.23 0.338 0.348 0.3 0.09 0.182 0.189 0.175 0 0.23 0.23 0.231 0.226 0.226 0 0.006 0.22 0.448 0.328 0.286 0.148 0.067 0.184 0.166 0.244 0.244 0.243 0.238 0.235 0.003 0.217 0.321 0.438 0.284 0.161 0.201 0.064 0.189 0 0.028 0.028 0.028 0.009 0.007 0.001 0 0.171 0.253 0.271 0.234 0.086 0.111 0.124 0.164 0 0.55 0.571 0.461 0.46 0.419 0.406 0.309 0.312 0.276 0 0.377 0.34 0.393 0.34 0.308 0.4 0.352 0.352 0.365 0.325 0 0.279 0.364 0.352 0.35 0.309 0 0.203 0.399 0.199 0.439 0.381 0 0.348 0.321 0.324 0.429 0.428 0.439

2 bet 10, 1 call 10
0 0 0 0 0.999 0.999 0.522 0.999 0.999 0.131 0.199 0.242 0.544 0.132 0.182 0.239 0 0 0.999 0 0.999 0.999 0 0.999 0.999 0.999 0 0 0 0 0 0.42 0.911 0.986 0.561 0.86 0.999 0 0 0 0 0 0 0.999 0.698 0.069 0.857 0.57 0.987 0 0 0 0 0 0 0 0.989 0.735 0.982 0.227 0.738 0.995 0.999 0 0 0 0 0 0 0 0 0.92 0.618 0.492 0.548 0.395 0.804 0.519 0.051 0.021 0.392 0.13 0.106 0.166 0.365 0.873 0 0.624 0.891 0 0 0.585 0.608 0 0 0 0.768 0.694 0.784 0 0.806 0 0 0.885 0.799 0 0 0 0.996 0.001 0.001 0 0.002 0 0

2 bet 10, 1 raise 30
0 0 0 0 0 0 0.472 0.001 0.001 0.001 0.001 0.001 0.456 0.002 0.005 0.007 1 1 0 1 0 0 1 0 0 0 0 0 0 0 0 0.579 0.038 0.007 0.002 0.14 0 0 0 0 0 0 1 0.001 0.039 0.93 0.14 0.279 0.012 0 0 0 0 0 1 1 0.011 0.004 0.014 0.773 0.065 0.005 0 0 0 0 0 0 1 1 1 0.08 0.375 0.505 0.45 0.602 0.195 0.006 0.949 0.979 0.608 0.87 0.894 0.834 0.635 0.127 1 0.376 0.109 1 1 0.415 0.392 1 1 1 0.232 0.306 0.216 1 0.194 1 1 0.115 0.19 1 1 1 0.003 0.999 0.999 1 0.998 1 1

2 bet 10, 1 raise 30, 2 call 30
0 0 0 0 0 0 0 0 0 0 0 0 0 0 0 0 0 0 0.47 0.447 0.449 0.254 0.285 0.277 0.234 0.226 0.258 0.559 0.541 0.515 0.498 0.477 0.476 0 0 0 0 0 0 0 0.026 0.808 0.835 0.746 0.522 0.001 0.001 0.001 0.08 0 0 0 0 0 0 0 0.025 0.882 0.843 0.756 0.002 0.437 0.001 0.001 0 0 0 0 0 0 0.036 0.827 0.856 0.761 0.002 0.002 0.452 0.001 0.014 0 0 0 0 0 0 0 0.001 0.905 0.826 0.675 0.002 0.001 0.001 0.001 0 0.008 0.001 0.001 0.001 0.001 0.279 0.835 0.833 0.784 0.392 0.848 0.661 0.527 0.927 0.79 0.803 0.668 0.939 0.523 0.79 0.343 0.959 0.611 0.738 0.738 0.658 0 0.085 0.743 0.071 0.74 0.676 0.457 0.709 0.654 0.651 0.264 0.285 0.3

1 raise 30, 2 raise 80
0 0 0 0 0 0 0 0 0 0 0 0 0 0 0 0 0 0 0.53 0.553 0.551 0 0 0 0 0 0.001 0.181 0.27 0.332 0.275 0.334 0.422 0 0 0 0 0 0.001 0 0 0.192 0.165 0.254 0.001 0 0 0 0.509 0 0 0 0 0 0.001 0 0 0.118 0.157 0.244 0 0.001 0 0 0 0 0 0 0 0 0 0.173 0.144 0.239 0 0 0.001 0 0.718 0 0 0 0 0 0 0 0 0.006 0.005 0.006 0 0 0 0 0 0.992 0.999 0.999 0.999 0.999 0.721 0.13 0.127 0.002 0.391 0.152 0.339 0.473 0.047 0.001 0.197 0.332 0.04 0.477 0.002 0.443 0.041 0.387 0.13 0.126 0.047 0 0.915 0.257 0.929 0.26 0.324 0.543 0.291 0.346 0.349 0.736 0.715 0.7

1 check, 2 bet 15
0.141 0.14 0.14 0.137 0.137 0.136 0.111 0.111 0.112 0.089 0.09 0.09 0.073 0.067 0.073 0.056 0.064 0.061 0.172 0.226 0.228 0 0 0.006 0 0.007 0.02 0 0.002 0.011 0 0.001 0.049 0.112 0.113 0.113 0.103 0.092 0 0 0.087 0.103 0.097 0.125 0 0.091 0.098 0.082 0 0.114 0.114 0.116 0.106 0.094 0 0 0.083 0.179 0.073 0.119 0.062 0 0.106 0.091 0.114 0.114 0.115 0.104 0.094 0 0.094 0.079 0.158 0.114 0.042 0.068 0 0.058 0 0.006 0.006 0.006 0.002 0.002 0 0 0.139 0.025 0.014 0.069 0.107 0.12 0.116 0.001 0 0.068 0.152 0.209 0.228 0.265 0.197 0.079 0.071 0.094 0 0.029 0.095 0.181 0.062 0.092 0.059 0.1 0.072 0.188 0.089 0 0.107 0.103 0.116 0.111 0.094 0 0.072 0.188 0.072 0.165 0.132 0 0.207 0.139 0.098 0.237 0.378 0.373

2 bet 15, 1 call 15
0 0 0 0 0.996 0.996 0.007 0.952 0.944 0 0.001 0.001 0.998 0 0 0.001 0 0 0.991 0 0.996 0.996 0 0.945 0.931 0.967 0 0 0 0 0 0.994 0.332 0.343 0.136 0.831 0.746 0 0 0 0 0 0 0.998 0.385 0.969 0.521 0.372 0.803 0 0 0 0 0 0 0 0.915 0.255 0.423 0.965 0.272 0.963 0.698 0 0 0 0 0 0 0 0 0.998 0.524 0.55 0.585 0.322 0.374 0.008 0.007 0.004 0.187 0.007 0.298 0.365 0.243 0.93 0 0.212 0.893 0 0 0.299 0.631 0 0 0 0.548 0.998 0.876 0 0.824 0 0 0.904 0.409 0 0 0 0.9 0.011 0.007 0 0.009 0 0

2 bet 15, 1 raise 40
0 0 0 0 0 0 0 0.048 0.056 0 0 0 0.001 0 0 0 1 1 0.007 1 0.001 0.001 1 0.025 0.046 0.005 0 0 0 0 0 0.004 0 0 0.001 0.169 0 0 0 0 0 0 1 0.002 0 0.029 0 0.001 0.196 0 0 0 0 0 1 1 0.085 0 0 0.033 0.004 0.036 0 0 0 0 0 0 1 1 1 0.002 0.157 0.333 0.307 0.514 0.623 0 0.993 0.996 0.813 0.993 0.702 0.635 0.757 0.07 1 0.788 0.107 1 1 0.701 0.364 1 1 1 0.452 0.002 0.102 1 0.147 1 1 0.096 0.148 1 1 1 0.057 0.989 0.993 1 0.991 1 1

2 bet 15, 1 raise 40, 2 call 40
0 0 0 0 0 0 0 0 0 0 0 0 0 0 0 0 0 0 0.217 0.134 0.141 0.018 0.059 0.057 0.028 0.029 0.089 0.823 0.927 0.947 0.861 0.913 0.911 0 0 0 0 0 0 0 0.002 0.646 0.691 0.625 0.215 0 0 0 0.322 0 0 0 0 0 0 0 0.002 0.643 0.71 0.642 0 0.072 0 0 0 0 0 0 0 0 0.002 0.667 0.702 0.647 0 0 0.053 0 0.373 0 0 0 0 0 0 0 0 0.873 0.903 0.664 0 0 0 0 0 0.256 0 0.001 0.001 0 0.256 0.358 0.356 0.509 0.426 0.689 0.318 0.272 0.335 0.488 0.67 0.308 0.33 0.273 0.475 0.429 0.799 0.408 0.427 0.417 0.474 0.001 0.329 0.614 0.313 0.638 0.684 0.804 0.511 0.559 0.585 0.028 0.074 0.084

1 raise 40, 2 raise 75
0 0 0 0 0 0 0 0 0 0 0 0 0 0 0 0 0 0 0.783 0.866 0.859 0 0 0 0 0 0.001 0.025 0.035 0.05 0.034 0.055 0.085 0 0 0 0 0 0.001 0 0 0.354 0.309 0.375 0.115 0.001 0.001 0 0.495 0 0 0 0 0 0.001 0 0 0.357 0.29 0.358 0.001 0.046 0.001 0 0 0 0 0 0 0 0 0.333 0.298 0.353 0.001 0.001 0.048 0 0.582 0 0 0 0 0 0 0 0 0.127 0.087 0.079 0.002 0.002 0.002 0 0 0.744 1 0.999 0.999 1 0.744 0.374 0.361 0.12 0.452 0.311 0.442 0.728 0.383 0.143 0.33 0.458 0.411 0.727 0.157 0.494 0.201 0.274 0.224 0.197 0.126 0.001 0.671 0.386 0.687 0.362 0.316 0.196 0.489 0.441 0.415 0.972 0.926 0.916

1 check, 2 bet 20
0 0 0 0 0 0 0 0 0 0 0 0 0 0 0 0 0 0 0.002 0.042 0.048 0 0 0 0 0 0 0 0 0 0 0 0.009 0.043 0.044 0.038 0.027 0.016 0 0 0 0.007 0.01 0.077 0.001 0 0 0.02 0 0.073 0.074 0.068 0.059 0.042 0 0 0 0.034 0.001 0.046 0 0 0 0.014 0.047 0.048 0.042 0.031 0.02 0 0 0.004 0.056 0.074 0 0 0 0 0 0.018 0.018 0.016 0.003 0.001 0 0 0 0.005 0.006 0.056 0.018 0.003 0.021 0 0 0.002 0.023 0.001 0.01 0.164 0.086 0.002 0.002 0.021 0 0.005 0.001 0.044 0.001 0.012 0.044 0.001 0.001 0.085 0.008 0 0.015 0.01 0.002 0.002 0.024 0 0.06 0.15 0.017 0.039 0.011 0 0.028 0.003 0.001 0.065 0.082 0.078

2 bet 20, 1 call 20
0 0 0 0 0.966 0.848 0.001 0.955 0.95 0.004 0.005 0.013 0.983 0.002 0.004 0.005 0 0 0.523 0 0.518 0.541 0 0.468 0.492 0.487 0 0 0 0 0 0.694 0.249 0.254 0.235 0.38 0.513 0 0 0 0 0 0 0.877 0.181 0.942 0.254 0.258 0.676 0 0 0 0 0 0 0 0.978 0.23 0.285 0.605 0.274 0.525 0.477 0 0 0 0 0 0 0 0 0.97 0.346 0.301 0.32 0.191 0.2 0.183 0.347 0.292 0.015 0.208 0.261 0.323 0.282 0.755 0 0.221 0.736 0 0 0.174 0.309 0 0 0 0.251 0.718 0.543 0 0.51 0 0 0.872 0.263 0 0 0 0.786 0.351 0.304 0 0.33 0 0

2 bet 20, 1 raise 50
0 0 0 0 0 0 0 0.045 0.049 0 0 0 0.009 0 0 0 1 1 0.003 1 0.003 0.003 1 0.001 0.002 0.001 0 0 0 0 0 0.295 0.005 0.001 0.1 0.618 0 0 0 0 0 0 1 0.097 0 0.038 0.001 0.001 0.321 0 0 0 0 0 1 1 0.022 0.001 0.019 0.382 0.1 0.473 0 0 0 0 0 0 1 1 1 0.027 0.077 0.252 0.228 0.483 0.79 0 0.653 0.708 0.985 0.791 0.739 0.677 0.718 0.05 1 0.779 0.175 1 1 0.826 0.31 1 1 1 0.749 0.278 0.234 1 0.234 1 1 0.113 0.251 1 1 1 0.018 0.648 0.696 1 0.67 1 1

2 bet 20, 1 raise 50, 2 call 50
0 0 0 0 0 0 0 0 0 0 0 0 0 0 0 0 0 0 0.001 0.001 0.001 0.724 0.979 0.981 0.894 0.881 0.994 0.996 0.996 0.996 0.996 0.996 0.996 0 0 0 0 0 0.11 0 0.07 0.56 0.566 0.556 0.662 0.001 0 0 0.963 0 0 0 0 0 0.293 0 0.061 0.547 0.584 0.568 0.004 0.59 0.001 0 0 0 0 0 0 0 0.059 0.56 0.557 0.559 0.005 0.001 0.569 0 0.964 0 0 0 0 0 0 0 0 0.583 0.592 0.64 0.009 0.002 0 0 0.008 0.003 0.044 0 0 0.067 0.358 0.397 0.393 0.696 0.973 0.63 0.398 0.342 0.388 0.704 0.615 0.396 0.389 0.333 0.708 0.97 0.663 0.49 0.485 0.484 0.758 0.157 0.739 0.495 0.728 0.509 0.562 0.987 0.458 0.507 0.52 0.001 0.001 0.001

1 raise 50, 2 raise 70
0 0 0 0 0 0 0 0 0 0 0 0 0 0 0 0 0 0 0.999 0.999 0.999 0 0 0 0 0 0 0.003 0.003 0.004 0.003 0.004 0.004 0 0 0 0 0 0.001 0 0 0.44 0.434 0.444 0.334 0.021 0.015 0 0.036 0 0 0 0 0 0.002 0 0 0.453 0.416 0.432 0.009 0.404 0.019 0 0 0 0 0 0 0 0 0.44 0.443 0.441 0.01 0.027 0.424 0 0.035 0 0 0 0 0 0 0 0 0.417 0.408 0.36 0.023 0.058 0.044 0 0.002 0.997 0.956 1 1 0.933 0.642 0.565 0.558 0.23 0.026 0.37 0.591 0.658 0.573 0.233 0.385 0.585 0.573 0.667 0.22 0.03 0.337 0.463 0.449 0.437 0.239 0.005 0.261 0.505 0.272 0.491 0.438 0.013 0.542 0.493 0.48 0.999 0.999 0.999

1 check, 2 bet 25
0 0 0 0 0 0 0 0 0 0 0 0 0 0 0 0 0 0 0.002 0.002 0.002 0 0 0 0 0 0 0 0 0 0 0 0 0.003 0.003 0.002 0.002 0.001 0 0 0 0 0 0.001 0 0 0 0 0 0.008 0.008 0.007 0.006 0.005 0 0 0 0.001 0 0.001 0 0 0 0 0.003 0.003 0.003 0.002 0.002 0 0 0 0.001 0.002 0 0 0 0 0 0.002 0.002 0.002 0.002 0.001 0 0 0 0 0 0.001 0 0 0 0 0 0 0.004 0.001 0.001 0.04 0.001 0.001 0 0 0 0 0 0.001 0 0 0 0 0 0.001 0 0 0 0 0.001 0 0 0 0 0.005 0 0.003 0.002 0 0.018 0.01 0.006 0.004 0.003 0.003

2 bet 25, 1 call 25
0.003 0.003 0.003 0.002 0.282 0.238 0.05 0.521 0.527 0.06 0.065 0.068 0.255 0.058 0.061 0.066 0.015 0.247 0.113 0.123 0.112 0.115 0.007 0.106 0.11 0.108 0 0 0 0 0 0.201 0.162 0.165 0.128 0.141 0.178 0.001 0.001 0.001 0.001 0.001 0.009 0.139 0.068 0.166 0.1 0.052 0.242 0.001 0.001 0.001 0.001 0.001 0.026 0.006 0.197 0.158 0.159 0.18 0.125 0.196 0.15 0.001 0.001 0.001 0.001 0.001 0.017 0.002 0.015 0.2 0.113 0.113 0.116 0.088 0.074 0.08 0.043 0.026 0.063 0.063 0.106 0.125 0.005 0.174 0 0.003 0.188 0 0 0.004 0.09 0 0 0 0.008 0.255 0.14 0 0.144 0 0 0.236 0.133 0 0 0 0.189 0.128 0.144 0.022 0.216 0.031 0.035

2 bet 25, 1 raise 90
0.006 0.008 0.008 0.006 0.001 0.001 0 0.464 0.453 0.002 0.002 0.002 0.185 0.002 0.002 0.002 0.985 0.753 0.041 0.877 0.043 0.043 0.993 0.041 0.041 0.044 0 0 0 0 0 0.576 0.268 0.264 0.29 0.843 0 0.009 0.009 0.009 0.009 0.009 0.99 0.545 0.006 0.445 0.01 0.014 0.634 0.006 0.006 0.006 0.006 0.006 0.972 0.994 0.651 0.182 0.225 0.57 0.248 0.779 0.001 0.007 0.007 0.007 0.007 0.007 0.981 0.998 0.985 0.56 0.147 0.197 0.193 0.217 0.693 0.01 0.941 0.957 0.937 0.935 0.894 0.875 0.993 0.463 1 0.995 0.505 1 1 0.992 0.338 1 1 1 0.986 0.287 0.453 0.996 0.493 0.996 0.997 0.3 0.415 0.996 0.996 0.996 0.259 0.856 0.84 0.978 0.783 0.969 0.965

2 bet 25, 1 raise 90, 2 call 90
0 0 0 0 0 0 0 0 0 0 0 0 0 0 0 0 0 0 1 1 1 0.499 0.959 0.968 0.897 0.915 0.998 0.999 0.999 0.999 0.999 0.999 0.999 0 0 0 0 0 0.813 0 0 1 1 1 1 0.973 0.965 0.121 0.999 0 0 0 0 0 0.997 0 0.001 1 1 1 0.963 0.999 0.976 0.054 0 0 0 0 0 0 0 1 1 1 0.965 0.981 0.999 0.13 0.999 0 0 0 0 0 0.008 0 0 1 1 1 0.989 0.993 0.991 0.479 0.607 1 1 1 1 1 1 1 1 1 0.999 1 1 1 1 1 1 1 1 1 1 0.999 1 1 1 1 1 0.995 1 1 1 1 1 1 1 1 1 1 1 1

root, 1 bet 7
0.001 0.004 0.07 0.001 0.129 0.14 0.004 0.075 0.073 0.264 0.273 0.261 0.001 0.225 0.223 0.236 0.008 0.006 0.275 0.015 0.268 0.269 0.002 0.267 0.261 0.263 0.001 0.002 0.101 0.053 0.005 0.108 0.069 0.065 0.056 0.054 0.232 0.002 0.003 0.126 0.079 0.007 0 0.216 0.064 0.06 0.12 0.086 0.056 0.002 0.002 0.1 0.057 0.058 0 0 0.214 0.094 0.136 0.081 0.104 0.052 0.253 0.039 0.054 0.005 0.004 0.001 0 0 0 0.105 0.107 0.12 0.121 0.127 0.061 0.305 0.309 0.346 0.255 0.259 0.224 0.228 0.077 0.08 0.002 0.099 0.081 0.004 0.028 0.109 0.076 0.032 0.031 0.048 0.113 0.243 0.261 0.028 0.236 0.027 0.03 0.194 0.26 0.05 0.03 0.027 0.327 0.088 0.083 0.208 0.018 0.064 0.07

1 bet 7, 2 call 7
0.363 0.367 0.372 0.291 0.296 0.3 0.403 0.419 0.425 0.315 0.322 0.338 0.416 0.479 0.48 0.389 0.397 0.343 0.385 0.481 0.447 1 1 1 1 1 1 1 1 1 1 1 1 0 0 0 0 0 1 0.933 1 0.838 0.931 0.887 1 0.818 0.823 0.878 1 0 0 0 0 0 0.989 0.957 1 0.951 0.903 0.902 0.764 1 0.783 0.835 0 0 0 0 0 0.98 1 0.838 0.998 0.896 0.798 0.805 1 0.845 1 0 0 0 0 0 0.94 0 0.99 0.999 1 0.999 0.891 0.875 0.883 0.999 1 0.522 0 0.254 0.342 0 0.404 0.871 0.903 0.924 1 1 0.753 0.595 0.912 0.913 0.999 0.769 0.906 0.552 0.929 1 1 0.775 0.909 0.923 0.665 1 0.561 0.796 0.443 0.889 0.808 0.877 0.741 0.698 0.785 0.543 0.403 0.488

1 bet 7, 2 raise 24
0.463 0.465 0.464 0.528 0.526 0.528 0.361 0.334 0.317 0.463 0.443 0.415 0 0.028 0.014 0.044 0.011 0.296 0.615 0.519 0.553 0 0 0 0 0 0 0 0 0 0 0 0 0.002 0.002 0.003 0.002 0 0 0 0 0.162 0.069 0.113 0 0.182 0.176 0.121 0 0.002 0.002 0.002 0.001 0 0.011 0 0 0.049 0.097 0.098 0.235 0 0.217 0.164 0.002 0.002 0.002 0 0 0 0 0.162 0.002 0.104 0.201 0.194 0 0.154 0 0 0 0 0 0 0.059 0 0 0.001 0 0.001 0.108 0.124 0.116 0 0 0.478 1 0.746 0.658 1 0.596 0.129 0.097 0.075 0 0 0.247 0.405 0.088 0.087 0.001 0.231 0.093 0.448 0.071 0 0 0.225 0.091 0.077 0.335 0 0.439 0.204 0.557 0.111 0.192 0.123 0.259 0.302 0.215 0.457 0.597 0.512

1 bet 7, 2 raise 24, 1 call  24
0 0 0 0 0 0 0 0.996 0.994 0 0 0 0.111 0 0 0 0 0 0.329 0 0.345 0.356 0 0.315 0.326 0.343 0 0 0 0 0 0.001 0.064 0.078 0.058 0.366 0 0 0 0 0 0 0 0.789 0.181 0.005 0.157 0.13 0.005 0 0 0 0 0 0 0 0.765 0.165 0.162 0.003 0.112 0.002 0 0 0 0 0 0 0 0 0 0.994 0.055 0.088 0.103 0.003 0.023 0 0 0 0.064 0.002 0.023 0.128 0.17 0.241 0 0.03 0.242 0 0 0.021 0.167 0 0 0 0.279 0.165 0.316 0.279 0.342 0.265 0.592 0.188 0.165 0 0.018 0.071 0 0.521 0.133 0 0.499 0 0

2 raise 24, 1 raise  83
0 0 0 0 0 0 0 0.003 0.004 0 0 0 0 0 0 0 1 1 0 1 0 0 1 0 0 0 0 0 0 0 0 0.999 0.25 0.196 0.357 0.633 0 0 0 0 0 0 1 0.21 0.006 0.995 0.001 0.009 0.995 0 0 0 0 0 1 1 0.235 0.185 0.132 0.997 0.253 0.998 0 0 0 0 0 0 1 1 1 0.005 0.278 0.228 0.176 0.416 0.975 0 1 1 0.936 0.998 0.977 0.872 0.83 0.755 1 0.97 0.756 1 1 0.979 0.614 1 1 1 0.721 0 0.029 0.721 0.106 0.735 0.408 0 0.107 1 0.982 0.929 0 0.479 0.867 1 0.501 1 1

root, 1 bet 10
0.008 0.039 0.016 0 0.083 0.066 0.001 0.027 0.018 0.15 0.157 0.169 0.002 0.156 0.162 0.17 0.006 0.005 0.191 0.005 0.174 0.171 0.003 0.172 0.164 0.155 0.01 0.073 0.043 0.027 0.001 0.081 0.057 0.068 0.059 0.041 0.143 0.043 0.066 0.03 0.015 0.001 0.001 0.162 0.055 0.051 0.099 0.076 0.055 0.042 0.061 0.039 0.025 0.001 0.003 0.004 0.177 0.073 0.103 0.068 0.092 0.057 0.14 0.005 0.011 0.001 0.001 0 0.005 0.001 0 0.025 0.079 0.09 0.093 0.087 0.066 0.103 0.181 0.215 0.173 0.182 0.156 0.165 0.055 0.085 0.007 0.058 0.076 0.005 0.043 0.064 0.059 0.044 0.034 0.048 0.054 0.165 0.158 0.023 0.158 0.013 0.022 0.094 0.15 0.027 0.025 0.029 0.18 0.039 0.009 0.221 0.052 0.06 0.083

1 bet 10, 2 call 10
0.07 0.069 0.085 0.014 0.032 0.031 0.01 0.011 0.018 0.004 0.004 0.005 0.002 0.025 0.042 0.003 0.004 0.056 0.436 0.516 0.506 0.989 0.939 0.934 0.982 0.964 0.919 1 1 1 1 1 1 0 0 0 0 0 1 0.126 1 0.815 0.907 0.842 0.878 0.879 0.895 0.754 1 0 0 0 0 0 0.984 0.156 1 0.995 0.948 0.949 0.768 1 0.83 0.751 0 0 0 0 0 0.228 1 0.855 0.998 0.918 0.827 0.876 1 0.782 1 0 0 0 0 0 0.413 0 0.391 0.999 0.999 0.998 0.809 0.834 0.852 0.817 0.999 0.704 0.002 0.454 0.549 0 0.436 0.838 0.886 0.853 1 1 0.734 0.555 0.863 0.873 1 0.757 0.848 0.505 0.901 1 1 0.739 0.822 0.87 0.672 1 0.497 0.697 0.365 0.765 0.726 0.898 0.656 0.683 0.765 0.864 0.842 0.964

1 bet 10, 2 raise 30
0.001 0.001 0.001 0.002 0.002 0.002 0 0 0 0 0 0 0 0 0 0 0 0 0.564 0.484 0.494 0.01 0.061 0.065 0.018 0.035 0.081 0 0 0 0 0 0 0 0 0 0 0 0 0 0 0.185 0.093 0.158 0.122 0.035 0.033 0.057 0 0 0 0 0 0 0.015 0 0 0.005 0.052 0.051 0.089 0 0.063 0.011 0 0 0 0 0 0 0 0.145 0.002 0.082 0.062 0.043 0 0.01 0 0 0 0 0 0 0 0 0 0.001 0.001 0.002 0.006 0 0.001 0 0 0.296 0.998 0.546 0.451 1 0.564 0.162 0.114 0.147 0 0 0.266 0.445 0.136 0.127 0 0.243 0.152 0.495 0.099 0 0 0.26 0.178 0.13 0.328 0 0.503 0.303 0.635 0.235 0.274 0.102 0.344 0.317 0.235 0.136 0.158 0.036

1 bet 10, 2 raise 30, 1 call  30
0 0 0 0 0 0 0 0.633 0.609 0 0 0 0 0 0 0 0 0 0.005 0 0.007 0.008 0 0.001 0.002 0.004 0 0 0 0 0 0.001 0.078 0.096 0.08 0.036 0 0 0 0 0 0 0 0.228 0.037 0.009 0.009 0.005 0 0 0 0 0 0 0 0 0.221 0.081 0.046 0.004 0.041 0 0 0 0 0 0 0 0 0 0 0.611 0.09 0.067 0.092 0.02 0.006 0 0.147 0.015 0 0.431 0 0 0.282 0.07 0 0.19 0.092 0 0 0.19 0.173 0 0 0 0.356 0 0.03 0 0.024 0 0 0 0.126 0 0 0 0 0.906 0.652 0 0.937 0 0

2 raise 30, 1 raise  80
0 0 0 0 0 0 0 0.001 0.001 0 0 0 0 0 0 0 1 1 0 1 0 0 1 0 0 0 0 0 0 0 0 0.997 0.141 0.079 0.299 0.962 0 0 0 0 0 0 1 0.771 0.001 0.99 0.002 0.035 0.999 0 0 0 0 0 1 1 0.779 0.041 0.013 0.994 0.235 0.999 0 0 0 0 0 0 1 1 1 0.385 0.198 0.205 0.16 0.372 0.988 0 0.853 0.985 1 0.568 1 1 0.718 0.71 1 0.81 0.669 1 1 0.81 0.393 1 1 1 0.644 0 0.048 1 0.142 1 1 0 0.067 1 1 1 0 0.094 0.348 1 0.062 1 1

root, 1 bet 15
0.168 0.142 0.153 0 0.222 0.189 0.004 0.118 0.136 0.001 0.008 0.007 0.009 0.013 0.013 0.009 0.203 0.16 0.161 0.117 0.164 0.159 0.222 0.124 0.137 0.123 0.138 0.11 0.042 0.05 0.002 0.099 0.155 0.163 0.156 0.094 0.022 0.119 0.124 0.05 0.057 0.002 0.081 0.11 0.117 0.087 0.133 0.135 0.09 0.126 0.136 0.073 0.077 0.007 0.076 0.083 0.14 0.115 0.124 0.112 0.126 0.097 0.052 0.046 0.037 0 0 0 0.042 0.051 0.044 0.054 0.121 0.114 0.119 0.093 0.083 0.037 0.148 0.154 0.206 0.179 0.182 0.173 0.097 0.21 0.065 0.125 0.213 0.057 0.114 0.13 0.18 0.023 0.091 0.085 0.108 0.051 0.092 0.058 0.096 0.058 0.063 0.101 0.094 0.061 0.075 0.076 0.097 0.187 0.232 0.216 0.273 0.258 0.264

1 bet 15, 2 call 15
0 0 0 0 0 0 0 0 0 0 0 0 0 0 0 0 0 0 0.017 0.264 0.25 0.481 0.577 0.584 0.474 0.483 0.477 1 1 1 1 1 0.992 0 0 0 0 0 0.998 0 0.698 0.907 0.973 0.918 1 0.147 0.116 0.071 0.999 0 0 0 0 0 0.999 0 0.676 1 0.959 0.921 0.196 1 0.166 0.053 0 0 0 0 0 0 0.763 0.98 0.991 0.958 0.197 0.184 1 0.135 0.999 0 0 0 0 0 0 0 0 0.979 0.972 0.976 0.378 0.437 0.448 0.473 0.49 0.773 0.001 0.473 0.584 0 0.432 0.87 0.899 0.94 1 1 0.787 0.597 0.892 0.862 1 0.818 0.908 0.582 0.887 1 1 0.822 0.885 0.91 0.705 0.999 0.485 0.852 0.288 0.808 0.713 0.731 0.721 0.661 0.634 0.999 0.999 0.999

1 bet 15, 2 raise 40
0 0 0 0 0 0 0 0 0 0 0 0 0 0 0 0 0 0 0.983 0.736 0.75 0 0.003 0.004 0.003 0 0.213 0 0 0 0 0 0.008 0 0 0 0 0 0 0 0 0.093 0.027 0.082 0 0 0 0 0.001 0 0 0 0 0 0 0 0 0 0.041 0.079 0 0 0 0 0 0 0 0 0 0 0 0.02 0.009 0.042 0 0 0 0 0.001 0 0 0 0 0 0 0 0 0.021 0.028 0.024 0 0 0 0 0 0.227 0.999 0.527 0.416 1 0.568 0.13 0.101 0.059 0 0 0.213 0.403 0.108 0.138 0 0.182 0.092 0.418 0.113 0 0 0.178 0.115 0.09 0.295 0 0.515 0.148 0.712 0.192 0.287 0.269 0.279 0.339 0.366 0.001 0.001 0.001

1 bet 15, 2 raise 40, 1 call  40
0 0 0 0 0 0 0 0.806 0.744 0 0 0 0 0 0 0 0 0 0 0 0 0 0 0 0 0 0 0 0 0 0 0.102 0 0.007 0.143 0.15 0 0 0 0 0 0 0 0.355 0.013 0.174 0.036 0.149 0.001 0 0 0 0 0 0 0 0.384 0.023 0.003 0.111 0.145 0 0 0 0 0 0 0 0 0 0 0.715 0.03 0.003 0.057 0.142 0.186 0 0.315 0.105 0 0.348 0 0 0.677 0.248 0 0.717 0.287 0 0 0.891 0.37 0 0 0 0.999 0 0.076 0 0.183 0 0 0 0.174 0 0 0 0 0.907 0.595 0 0.991 0 0

2 raise 40, 1 raise  75
0 0 0 0 0 0 0 0 0 0 0 0 0 0 0 0 1 1 0 1 0 0 1 0 0 0 0 0 0 0 0 0.898 0 0 0.266 0.85 0 0 0 0 0 0 1 0.644 0 0.826 0 0.165 0.999 0 0 0 0 0 1 1 0.615 0 0 0.889 0.241 1 0 0 0 0 0 0 1 1 1 0.284 0 0 0 0.211 0.813 0 0.685 0.895 1 0.652 1 1 0.322 0.49 1 0.283 0.417 1 1 0.109 0.17 1 1 1 0.001 0 0 1 0 1 0.998 0 0.005 1 1 1 0 0.093 0.405 1 0.001 1 1

root, 1 bet 20
0.822 0.814 0.76 0.749 0.563 0.606 0.673 0.624 0.644 0.255 0.24 0.245 0.987 0.262 0.265 0.254 0.694 0.792 0.042 0.765 0.066 0.06 0.715 0.117 0.107 0.125 0.698 0.518 0.383 0.42 0.373 0.566 0.633 0.615 0.627 0.531 0 0.519 0.491 0.361 0.391 0.336 0.82 0.306 0.621 0.572 0.525 0.566 0.522 0.537 0.509 0.383 0.412 0.355 0.816 0.761 0.335 0.564 0.5 0.53 0.521 0.575 0 0.148 0.102 0.007 0.008 0.004 0.78 0.741 0.761 0.534 0.412 0.362 0.367 0.363 0.451 0 0.221 0.122 0.227 0.232 0.248 0.248 0.498 0.336 0.689 0.481 0.358 0.709 0.665 0.469 0.345 0.563 0.577 0.572 0.428 0.268 0.154 0.596 0.172 0.605 0.63 0.326 0.122 0.534 0.568 0.567 0.147 0.621 0.661 0.21 0.446 0.587 0.533

1 bet 20, 2 call 20
0 0 0 0 0 0 0 0 0 0 0 0 0 0 0 0 0 0 0.007 0.002 0.002 0.003 0.007 0.009 0.133 0.084 0.14 0.97 0.914 0.925 0.995 0.996 0.931 0 0 0 0 0 0.848 0 0.12 0.998 0.992 0.867 0.999 0 0 0 0.953 0 0 0 0 0 0.977 0 0.072 0.999 0.999 0.998 0 0.999 0 0 0 0 0 0 0 0 0.106 0.998 0.999 0.997 0 0 0.998 0 0.9 0 0 0 0 0 0 0 0 0.803 0.941 0.922 0.079 0.12 0.129 0.024 0.071 0.676 0.002 0.195 0.343 0 0.435 0.72 0.732 0.593 0.999 0.999 0.767 0.499 0.861 0.645 0.999 0.775 0.867 0.502 0.655 0.999 0.999 0.641 0.714 0.732 0.496 0.997 0.725 0.982 0.617 0.909 0.875 0.882 0.833 0.737 0.711 0.785 0.873 0.86

1 bet 20, 2 raise 50
0 0 0 0 0 0 0 0 0 0 0 0 0 0 0 0 0 0 0.993 0.998 0.998 0 0 0 0 0 0 0.03 0.085 0.074 0.004 0.003 0.068 0 0 0 0 0 0 0 0 0.001 0.001 0.002 0 0 0 0 0.046 0 0 0 0 0 0 0 0 0.001 0.001 0.001 0 0 0 0 0 0 0 0 0 0 0 0.001 0.001 0.001 0 0 0 0 0.099 0 0 0 0 0 0 0 0 0.196 0.058 0.077 0 0 0 0 0 0.324 0.998 0.805 0.657 1 0.565 0.111 0.077 0.078 0 0.001 0.174 0.501 0.035 0.119 0.001 0.147 0.04 0.498 0.114 0 0.001 0.203 0.105 0.066 0.298 0 0.275 0.018 0.383 0.091 0.125 0.118 0.167 0.263 0.289 0.215 0.127 0.14

1 bet 20, 2 raise 50, 1 call  50
0 0 0 0 0 0 0 0.608 0.618 0 0 0 0 0 0 0 0 0 0 0 0 0 0 0 0 0 0 0 0 0 0 0.076 0 0 0.101 0.028 0 0 0 0 0 0 0 0.173 0 0.12 0 0.118 0.019 0 0 0 0 0 0 0 0.33 0 0 0.073 0.11 0.008 0 0 0 0 0 0 0 0 0 0.397 0 0 0 0.093 0.146 0 0.375 0.351 0 0.47 0 0 0.467 0.064 0 0.613 0.082 0 0 0.672 0.186 0 0 0 0.894 0 0.001 0 0.082 0 0 0 0.341 0 0 0 0 0.698 0.695 0 0.818 0 0

2 raise 50, 1 raise  70
0 0 0 0 0 0 0 0 0 0 0 0 0 0 0 0 1 1 0 1 0 0 1 0 0 0 0 0 0 0 0 0.923 0.001 0.001 0.28 0.97 0 0 0 0 0 0 1 0.827 0 0.88 0.001 0.229 0.981 0 0 0 0 0 1 1 0.652 0.001 0.001 0.927 0.339 0.992 0 0 0 0 0 0 1 1 1 0.521 0 0.001 0.001 0.376 0.854 0 0.625 0.649 1 0.53 1 1 0.533 0.411 1 0.387 0.413 1 1 0.328 0.086 1 1 1 0.106 0 0.002 0.943 0.068 0.948 0.939 0 0.311 1 1 0.999 0 0.302 0.305 1 0.01 1 1

root, 1 bet 25
0.001 0.001 0.001 0.127 0.002 0 0.317 0 0 0 0 0 0 0 0 0 0 0 0 0 0 0 0 0 0 0 0.152 0.263 0.17 0.194 0.128 0.145 0.003 0.001 0.031 0.217 0 0.267 0.263 0.171 0.192 0.119 0.098 0 0.035 0.214 0.025 0.038 0.216 0.263 0.26 0.166 0.193 0.133 0.105 0.152 0.012 0.053 0.036 0.201 0.079 0.17 0 0.105 0.098 0.003 0.003 0.001 0.16 0.198 0.193 0.007 0.166 0.171 0.162 0.194 0.233 0 0 0 0 0 0 0 0.193 0.188 0.231 0.164 0.173 0.215 0.145 0.151 0.173 0.315 0.266 0.232 0.186 0.012 0.055 0.27 0.078 0.27 0.235 0.058 0.024 0.316 0.283 0.278 0.035 0.03 0 0 0.047 0 0

1 bet 25, 2 call 25
0 0 0 0 0 0 0 0 0 0 0 0 0 0 0 0 0 0 0.433 0.046 0.051 0.002 0.001 0.002 0.001 0.001 0.001 0.898 0.909 0.969 0.853 0.903 0.918 0 0 0 0 0 0.019 0 0 0.796 0.752 0.781 0.853 0 0 0 0.39 0 0 0 0 0 0.106 0 0 0.998 0.804 0.781 0 0.491 0 0 0 0 0 0 0 0 0 0.808 0.991 0.741 0 0 0.504 0 0.314 0 0 0 0 0 0 0 0 0.887 0.83 0.83 0.002 0.001 0.001 0.086 0 0.72 0.001 0.003 0.005 0 0.022 0.54 0.511 0.506 0.996 0.998 0.592 0.167 0.589 0.592 0.998 0.594 0.62 0.121 0.598 0.99 0.998 0.613 0.653 0.63 0.015 0.414 0.785 0.767 0.693 0.822 0.742 0.996 0.405 0.493 0.498 0.235 0.485 0.33

1 bet 25, 2 raise 90
0 0 0 0 0 0 0 0 0 0 0 0 0 0 0 0 0 0 0.567 0.954 0.949 0 0 0 0 0 0 0.098 0.087 0.028 0.142 0.094 0.079 0 0 0 0 0 0.005 0 0 0.001 0.001 0.002 0 0 0 0 0.312 0 0 0 0 0 0.001 0 0 0.002 0.001 0.001 0 0 0 0 0 0 0 0 0 0 0 0.001 0.009 0.001 0 0 0 0 0.026 0 0 0 0 0 0 0 0 0.002 0.001 0.013 0 0 0 0 0 0.28 0.999 0.997 0.995 1 0.978 0.001 0.001 0 0.004 0.002 0.001 0.833 0.001 0 0.002 0.001 0.001 0.879 0 0.009 0.002 0.026 0.002 0.001 0.665 0 0.215 0.233 0.307 0.178 0.258 0.002 0.595 0.507 0.502 0.765 0.515 0.67

1 bet 25, 2 raise 90, 1 call  90
0 0 0 0 0 0 0 0.049 0.054 0 0 0 0 0 0 0 1 1 0 1 0 0 1 0 0 0 0 0 0 0 0 1 0.005 0.131 0.972 1 0 0 0 0 0 0 1 1 0.002 1 0.051 0.918 1 0 0 0 0 0 1 1 1 0.003 0.006 1 0.944 1 0 0 0 0 0 0 1 1 1 0.375 0.003 0.01 0.166 0.923 1 0 1 1 1 1 1 1 1 0.924 1 1 0.992 1 1 1 0.249 1 1 1 1 0 0.031 0.995 0.556 0.972 0.833 0 0.605 1 0.993 0.965 0 1 1 1 1 1 1
