game = '6-max Cash', preflop situation = 'MP openraise BB 3bet MP call', stack = '90', pot = '20', bets = '33 50 75 100 125'

OOP preflop range
6c5c_0.25 6d5d_0.25 6h5h_0.25 6s5s_0.25 7d6d_0.50 7h6h_0.50 7s6s_0.50 8d7d_0.50 8d8c_0.25 8h7h_0.50 8h8c_0.25 8h8d_0.25 8s7s_0.50 8s8c_0.25 8s8d_0.25 8s8h_0.25 9c8c_0.25 9d8d_0.25 9d9c_0.25 9h8h_0.25 9h9c_0.25 9h9d_0.25 9s8s_0.25 9s9c_0.25 9s9d_0.25 9s9h_0.25 Ac2c_0.50 Ac3c_0.25 Ac4c_0.25 Ac5c_0.50 Ac6c_0.50 AcJc_0.50 AcKc_1 AcKd_0.75 AcKh_0.75 AcKs_0.75 AcQc_1 AcTc_0.25 Ad2d_0.50 Ad3d_0.25 Ad4d_0.25 Ad5d_0.50 Ad6d_0.50 AdAc_1 AdKc_0.75 AdKd_1 AdKh_0.75 AdKs_0.75 AdQd_1 Ah2h_0.50 Ah3h_0.25 Ah4h_0.25 Ah5h_0.50 Ah6h_0.50 AhAc_1 AhAd_1 AhJh_0.50 AhKc_0.75 AhKd_0.75 AhKh_1 AhKs_0.75 AhQh_1 AhTh_0.25 As2s_0.50 As3s_0.25 As4s_0.25 As5s_0.50 As6s_0.50 AsAc_1 AsAd_1 AsAh_1 AsJs_0.50 AsKc_0.75 AsKd_0.75 AsKh_0.75 AsKs_1 AsQs_1 AsTs_0.25 Jc9c_0.25 Jh9h_0.25 JhJc_0.75 Js9s_0.25 JsJc_0.75 JsJh_0.75 KcJc_0.75 KcQc_1 KdKc_1 KdQd_1 KhJh_0.75 KhKc_1 KhKd_1 KhQh_1 KsJs_0.75 KsKc_1 KsKd_1 KsKh_1 KsQs_1 QcJc_0.75 QcTc_0.25 QdQc_1 QhJh_0.75 QhQc_1 QhQd_1 QhTh_0.25 QsJs_0.75 QsQc_1 QsQd_1 QsQh_1 QsTs_0.25 Tc9c_0.25 Th9h_0.25 ThTc_0.50 Ts9s_0.25 TsTc_0.50 TsTh_0.50

IP preflop range
4d4c_0.25 4h4c_0.25 4h4d_0.25 4s4c_0.25 4s4d_0.25 4s4h_0.25 5d5c_0.25 5h5c_0.25 5h5d_0.25 5s5c_0.25 5s5d_0.25 5s5h_0.25 6d6c_0.50 6h6c_0.50 6h6d_0.50 6s6c_0.50 6s6d_0.50 6s6h_0.50 7h7d_0.50 7s7d_0.50 7s7h_0.50 8d8c_1 8h8c_1 8h8d_1 8s8c_1 8s8d_1 8s8h_1 9d9c_1 9h9c_1 9h9d_1 9s9c_1 9s9d_1 9s9h_1 Ac2c_1 Ac3c_1 Ac4c_1 Ac5c_1 Ac6c_1 Ac8c_1 Ac9c_1 AcJc_0.75 AcJh_1 AcJs_1 AcQc_0.50 AcQd_1 AcQh_1 AcQs_1 AcTc_1 Ad2d_1 Ad3d_1 Ad4d_1 Ad5d_1 Ad6d_1 Ad7d_1 Ad8d_1 Ad9d_1 AdJc_1 AdJh_1 AdJs_1 AdQc_1 AdQd_0.50 AdQh_1 AdQs_1 Ah2h_1 Ah3h_1 Ah4h_1 Ah5h_1 Ah6h_1 Ah7h_1 Ah8h_1 Ah9h_1 AhJc_1 AhJh_0.75 AhJs_1 AhQc_1 AhQd_1 AhQh_0.50 AhQs_1 AhTh_1 As2s_1 As3s_1 As4s_1 As5s_1 As6s_1 As7s_1 As8s_1 As9s_1 AsJc_1 AsJh_1 AsJs_0.75 AsQc_1 AsQd_1 AsQh_1 AsQs_0.50 AsTs_1 JcTc_0.50 JhJc_1 JhTh_0.50 JsJc_1 JsJh_1 JsTs_0.50 KcJc_1 KcQc_1 KcQd_1 KcQh_1 KcQs_1 KcTc_0.50 KdQc_1 KdQd_1 KdQh_1 KdQs_1 KhJh_1 KhQc_1 KhQd_1 KhQh_1 KhQs_1 KhTh_0.50 KsJs_1 KsQc_1 KsQd_1 KsQh_1 KsQs_1 KsTs_0.50 QcJc_0.50 QdQc_1 QhJh_0.50 QhQc_1 QhQd_1 QsJs_0.50 QsQc_1 QsQd_1 QsQh_1 ThTc_1 TsTc_1 TsTh_1

root, 1 check
0 0.214 0 0 0.17 0 0 0.165 0.178 0 0.219 0.166 0 0.219 0.166 0.218 0.177 0.004 0.377 0.148 0.25 0.346 0.148 0.25 0.346 0.232 0.003 0.013 0.263 0.256 0.521 0.105 0.017 0.036 0.211 0.211 0.052 0.538 0 0 0 0 0 0.009 0.002 0.206 0.016 0.016 0.156 0.413 0.419 0.821 0.8 0.993 0 0.03 0.139 0.086 0.085 0.143 0.144 0.053 0.465 0.413 0.419 0.822 0.8 0.993 0 0.03 0 0.139 0.086 0.085 0.144 0.143 0.053 0.465 0.124 0.136 0.134 0.136 0.134 0.201 0.073 0.078 0 0.137 0.144 0.007 0 0.115 0.144 0.007 0 0.008 0.115 0.227 0.065 0.047 0.34 0.022 0.017 0.138 0.34 0.022 0.017 0.014 0.138 0 0 0.01 0 0.01 0

1 check, 2 check
0.303 0.235 0.315 0.235 0.315 0.25 0.373 0.334 0.397 0.334 0.397 0.366 0.445 0.459 0.441 0.459 0.441 0.454 0.001 0.001 0.001 0.892 0.7 0.921 0.7 0.921 0.721 0.871 0.586 0.934 0.586 0.934 0.597 0.359 0.359 0.364 0.39 0.426 0.961 0.762 0.382 0.689 0.689 0.994 0.631 0.899 0.899 1 0.559 0.568 0.55 0.562 0.549 0.634 0 0.003 0.282 0.267 0.267 0.177 0 0.25 0.25 0.559 0.553 0.565 0.606 0.669 0.998 0.995 0.871 0.727 0.677 0.687 0.937 0.807 0.943 0.997 0.999 0.559 0.553 0.565 0.606 0.669 0.998 0.995 0.871 0.727 0.687 0.677 0.937 0.807 0.997 0.943 0.999 0.001 0.001 0.001 0.001 0.003 0.001 0.372 0.408 0.203 0.409 0.409 1 0.13 0 0.276 0.276 0.659 0.459 0.336 0.478 0.534 0.931 0.659 0.459 0.336 0.534 0.478 0.931 0.794 0.005 0.999 0.571 0.005 0.999 0.571 0.005 0.657 0.001 0.001 0.001

1 check, 2 bet 7
0.279 0.251 0.273 0.251 0.273 0.241 0.264 0.223 0.252 0.223 0.252 0.207 0.227 0.181 0.226 0.181 0.226 0.18 0.399 0.399 0.36 0.074 0.165 0.063 0.165 0.063 0.168 0.115 0.157 0.065 0.157 0.065 0.15 0.205 0.206 0.205 0.198 0.186 0.029 0.108 0.277 0.178 0.178 0.003 0.146 0.013 0.013 0 0.25 0.251 0.244 0.24 0.242 0.245 0.193 0.44 0.282 0.273 0.273 0.166 0.075 0.185 0.185 0.155 0.157 0.155 0.145 0.126 0.001 0.004 0.04 0.164 0.127 0.145 0.026 0.109 0.031 0.001 0.001 0.155 0.157 0.155 0.145 0.126 0.001 0.004 0.04 0.164 0.145 0.127 0.026 0.109 0.001 0.031 0.001 0.485 0.432 0.34 0.432 0.373 0.34 0.321 0.3 0.349 0.235 0.235 0 0.395 0.147 0.255 0.255 0.16 0.203 0.33 0.266 0.215 0.051 0.16 0.203 0.33 0.215 0.266 0.051 0.016 0.327 0.001 0.221 0.3 0.001 0.221 0.3 0.207 0.244 0.244 0.155

2 bet 7, 1 call 7
0 1 0 0 0.999 0.318 0.318 0.001 0.771 0.997 0.898 0.688 0.997 0.898 0.688 0.744 0 0 0.999 0 0.999 0.999 0 0.999 0.999 0.999 0 0 0 0 0 0.916 0.866 0.719 0.695 0.695 0.999 1 0.993 0.994 0.998 0.998 0.999 0.998 0.002 0.705 0.002 0.002 0.779 0 0 0 0 0 0 0.746 0.739 0.757 0.568 0.522 0.523 0.998 0.999 0 0 0 0 0 0 0.747 0 0.739 0.757 0.568 0.523 0.522 0.998 0.999 0.002 0.01 0.047 0.01 0.047 0.055 0.998 0.882 0 0.474 0.903 0.001 0 0.989 0.903 0.001 0 0.003 0.989 0.897 0.999 0 0.793 0.002 0 0.994 0.793 0.002 0 0.002 0.994 0.006 0.537 0 0.537 0 0

2 bet 7, 1 raise 24
0.003 0 0 0 0.001 0.679 0.679 0.999 0.229 0.003 0.101 0.311 0.003 0.101 0.311 0.255 1 1 0.001 1 0 0.001 1 0 0.001 0 0 0 0 0 0 0.084 0.133 0.28 0.111 0.111 0.001 0 0.007 0.006 0.002 0.002 0.001 0.002 0.998 0.295 0.997 0.997 0.221 0 0 0 0 0 1 0.254 0.261 0.236 0.431 0.257 0.256 0 0 0 0 0 0 0 1 0.253 1 0.26 0.236 0.431 0.256 0.257 0 0 0.998 0.99 0.953 0.99 0.953 0.945 0.002 0.118 1 0.526 0.097 0.999 1 0.011 0.097 0.999 1 0.997 0.011 0.103 0 1 0.207 0.998 1 0.006 0.207 0.998 1 0.998 0.006 0.994 0.463 1 0.463 1 1

2 bet 7, 1 raise 24, 2 call 24
0 0 0 0 0 0 0 0 0 0 0 0 0 0 0 0 0 0 0.486 0.486 0.524 0.204 0 0.143 0 0.143 0 0.716 0.501 0.677 0.501 0.677 0.457 0 0 0 0 0 0 0 0.779 0.704 0.704 0.007 0.029 0 0 0.008 0.881 0.896 0.887 0.937 0.887 0.001 0 0.004 0.511 0.446 0.446 0.117 0.001 0.003 0.003 0 0 0 0 0 0 0 0 0.825 0.73 0.72 0 0.001 0 0 0 0 0 0 0 0 0 0 0 0.825 0.72 0.73 0 0.001 0 0 0 0.522 0.358 0.156 0.358 0.002 0.156 0.957 0.98 0.65 0.436 0.436 0.14 0.262 0 0.825 0.825 0.815 0.473 0.83 0.41 0.421 0.001 0.815 0.473 0.83 0.421 0.41 0.001 0.362 0.522 0.445 0.64 0.468 0.445 0.64 0.468 0.612 0.814 0.814 0.801

1 raise 24, 2 raise 83
0 0 0 0 0 0 0 0 0 0 0 0 0 0 0 0 0 0 0.514 0.514 0.476 0.001 0 0 0 0 0 0.053 0.001 0.027 0.001 0.027 0.001 0 0 0 0 0 0 0 0.221 0.291 0.291 0 0 0 0 0.001 0.119 0.104 0.113 0.063 0.113 0.999 1 0.996 0.489 0.554 0.554 0.001 0.999 0 0 0 0 0 0 0 0 0 0 0.033 0.109 0.094 0 0 0 0 0 0 0 0 0 0 0 0 0 0.033 0.094 0.109 0 0 0 0 0 0.478 0.642 0.844 0.642 0.998 0.844 0.043 0.005 0.349 0 0 0.002 0.737 1 0.175 0.175 0.163 0 0.167 0 0 0.001 0.163 0 0.167 0 0 0.001 0.637 0.478 0.519 0.358 0.532 0.519 0.358 0.532 0.373 0.186 0.186 0.199

1 check, 2 bet 10
0.316 0.335 0.31 0.335 0.31 0.327 0.291 0.295 0.281 0.295 0.281 0.283 0.257 0.26 0.253 0.26 0.253 0.258 0.546 0.546 0.554 0.031 0.116 0.014 0.116 0.014 0.104 0.013 0.147 0.001 0.147 0.001 0.138 0.236 0.236 0.234 0.227 0.216 0.009 0.129 0.332 0.132 0.132 0.003 0.198 0.087 0.087 0 0.172 0.167 0.2 0.189 0.183 0.12 0.447 0.372 0.359 0.309 0.309 0.319 0.097 0.315 0.315 0.177 0.178 0.174 0.164 0.145 0 0.001 0.076 0.103 0.107 0.119 0.037 0.072 0.026 0.002 0 0.177 0.178 0.174 0.164 0.145 0 0.001 0.076 0.103 0.119 0.107 0.036 0.072 0.002 0.026 0 0.428 0.398 0.4 0.398 0.352 0.4 0.265 0.292 0.334 0.267 0.267 0 0.365 0.567 0.371 0.371 0.158 0.184 0.253 0.253 0.195 0.006 0.158 0.184 0.253 0.195 0.253 0.006 0.127 0.504 0 0.191 0.405 0 0.191 0.405 0.094 0.382 0.382 0.393

2 bet 10, 1 call 10
0 1 0 0 0.999 0.547 0.547 0.037 0.813 0.998 0.086 0.689 0.998 0.086 0.689 0.045 0 0 0.997 0 0.999 0.997 0 0.999 0.997 0.999 0 0 0 0 0 0.947 0.998 0.997 0.184 0.184 0.999 0.999 0.865 0.871 0.976 0.981 0.995 0.995 0.549 0.658 0.802 0.802 0.712 0 0 0 0 0 0 0.528 0.728 0.713 0.421 0.236 0.237 0.992 0.695 0 0 0 0 0 0 0.528 0 0.728 0.713 0.421 0.237 0.236 0.992 0.695 0.001 0.002 0.088 0.002 0.088 0 0.998 0.877 0 0.599 0.79 0 0 0.912 0.79 0 0 0 0.912 0.896 0.999 0 0.708 0 0 0.969 0.708 0 0 0.059 0.969 0.001 0.005 0 0.005 0 0

2 bet 10, 1 raise 30
0 0 0 0 0.001 0.342 0.342 0.963 0.185 0 0.001 0.309 0 0.001 0.309 0.013 1 1 0.003 1 0.001 0.003 1 0.001 0.003 0.001 0 0 0 0 0 0.053 0.001 0.002 0 0 0 0 0.135 0.129 0.024 0.019 0.005 0.005 0.45 0.342 0.198 0.198 0.288 0 0 0 0 0 1 0.472 0.271 0.063 0.579 0.142 0.144 0 0.001 0 0 0 0 0 1 0.472 1 0.271 0.063 0.579 0.144 0.142 0 0.001 0.999 0.998 0.912 0.998 0.912 1 0.002 0.123 1 0.401 0.209 1 1 0.088 0.209 1 1 1 0.088 0.104 0.001 1 0.268 1 1 0.03 0.268 1 1 0.941 0.03 0.999 0.995 1 0.995 1 1

2 bet 10, 1 raise 30, 2 call 30
0 0 0 0 0 0 0 0 0 0 0 0 0 0 0 0 0 0 0.52 0.52 0.539 0.01 0 0.007 0 0.007 0 0.449 0.303 0.452 0.303 0.452 0.255 0 0 0 0 0 0 0 0.964 0.826 0.826 0 0 0 0 0.014 0.697 0.699 0.788 0.819 0.726 0.001 0.001 0.001 0.613 0.521 0.521 0 0.081 0 0 0 0 0 0 0 0 0 0 0.962 0.919 0.906 0 0 0 0 0 0 0 0 0 0 0 0 0 0.962 0.906 0.919 0 0 0 0 0 0.192 0.005 0.004 0.005 0.001 0.004 0.953 0.984 0.983 0.066 0.066 0.043 0.623 0 0.995 0.995 0.938 0.042 0.991 0.017 0.017 0.001 0.938 0.042 0.991 0.017 0.017 0.001 0.124 0.581 0.542 0.688 0.501 0.542 0.688 0.501 0.572 0.59 0.59 0.583

1 raise 30, 2 raise 80
0 0 0 0 0 0 0 0 0 0 0 0 0 0 0 0 0 0 0.48 0.48 0.461 0 0 0 0 0 0 0.22 0.002 0.154 0.002 0.154 0 0 0 0 0 0 0 0 0.036 0.174 0.174 0 0 0 0 0 0.303 0.301 0.212 0.181 0.274 0.999 0.999 0.999 0.387 0.479 0.479 0 0.919 0 0 0 0 0 0 0 0 0 0 0.037 0.068 0.059 0 0 0 0 0 0 0 0 0 0 0 0 0 0.037 0.059 0.068 0 0 0 0 0 0.808 0.995 0.996 0.995 0.999 0.996 0.047 0 0.014 0 0 0.001 0.377 1 0.002 0.002 0.062 0 0.002 0 0 0 0.062 0 0.002 0 0 0 0.876 0.419 0.418 0.312 0.498 0.418 0.312 0.498 0.303 0.41 0.41 0.417

1 check, 2 bet 15
0.101 0.178 0.102 0.178 0.102 0.181 0.072 0.148 0.07 0.148 0.07 0.144 0.071 0.1 0.081 0.1 0.081 0.108 0.054 0.054 0.084 0.003 0.018 0.002 0.018 0.002 0.006 0.001 0.111 0 0.111 0 0.114 0.188 0.188 0.188 0.181 0.169 0.002 0.001 0.008 0.001 0.001 0 0.024 0 0 0 0.02 0.014 0.006 0.009 0.025 0 0.324 0.183 0.077 0.15 0.15 0.337 0.668 0.251 0.251 0.092 0.095 0.092 0.081 0.058 0 0 0.013 0.005 0.069 0.049 0 0.012 0 0 0 0.092 0.095 0.092 0.081 0.058 0 0 0.013 0.005 0.049 0.069 0 0.012 0 0 0 0.086 0.168 0.252 0.168 0.267 0.252 0.031 0 0.114 0.089 0.089 0 0.108 0.285 0.096 0.096 0.022 0.153 0.08 0.002 0.056 0.013 0.022 0.153 0.08 0.056 0.002 0.013 0.063 0.158 0 0.017 0.279 0 0.017 0.279 0.042 0.356 0.356 0.42

2 bet 15, 1 call 15
0 0.999 0 0 0.99 0 0 0.027 0.71 0.831 0.019 0.67 0.831 0.019 0.67 0.017 0 0.343 0.732 0 0.961 0.694 0 0.961 0.694 0.939 0 0 0 0 0 0.925 0.984 0.722 0.001 0.001 0.875 0.616 0.125 0.139 0.28 0.267 0.415 0.987 0.989 0.563 0.984 0.984 0.571 0 0 0 0 0 0 0.51 0.794 0.175 0.631 0.091 0.092 0.434 0.186 0 0 0 0 0 0 0.51 0 0.794 0.175 0.631 0.092 0.091 0.433 0.186 0.008 0.002 0.001 0.002 0.001 0.283 0.962 0.839 0 0.588 0.558 0 0 0.709 0.558 0 0 0 0.709 0.969 0.992 0.144 0.527 0.293 0.006 0.991 0.527 0.293 0.006 0.007 0.991 0.01 0.006 0 0.006 0 0.001

2 bet 15, 1 raise 40
0 0 0 0 0.01 0 0 0.973 0.099 0.163 0 0.123 0.163 0 0.123 0 1 0.657 0.267 1 0.005 0.305 1 0.005 0.305 0.005 0 0 0 0 0 0.075 0.003 0.006 0 0 0.001 0 0.875 0.86 0.72 0.733 0.585 0.013 0.01 0.437 0.015 0.015 0.429 0 0 0 0 0 1 0.49 0.204 0.013 0.359 0.132 0.132 0 0.019 0 0 0 0 0 1 0.49 1 0.204 0.013 0.359 0.132 0.132 0 0.019 0.992 0.998 0.999 0.998 0.999 0.717 0.037 0.161 1 0.412 0.248 1 1 0.291 0.248 1 1 1 0.291 0.012 0.007 0.856 0.07 0.706 0.994 0.001 0.07 0.707 0.994 0.993 0.001 0.99 0.994 1 0.994 1 0.999

2 bet 15, 1 raise 40, 2 call 40
0 0 0 0 0 0 0 0 0 0 0 0 0 0 0 0 0 0 0.05 0.05 0.066 0.008 0.001 0.007 0.001 0.007 0.001 0.507 0.21 0.459 0.21 0.459 0.103 0 0 0 0 0 0 0 0.669 0.62 0.62 0 0 0 0 0.048 0.379 0.371 0.374 0.382 0.376 0.015 0.001 0.023 0.493 0.47 0.47 0 0.003 0 0 0 0 0 0 0 0 0 0 0.639 0.632 0.635 0 0 0 0 0 0 0 0 0 0 0 0 0 0.639 0.635 0.632 0 0 0 0 0 0.001 0.001 0.001 0.001 0 0.001 0.765 0.626 0.491 0.001 0.001 0.091 0.481 0.001 0.65 0.65 0.778 0.001 0.579 0.001 0.001 0.002 0.778 0.001 0.579 0.001 0.001 0.002 0.611 0.392 0.713 0.559 0.365 0.713 0.559 0.365 0.537 0.013 0.013 0.008

1 raise 40, 2 raise 75
0 0 0 0 0 0 0 0 0 0 0 0 0 0 0 0 0 0 0.95 0.95 0.934 0 0 0 0 0 0 0.002 0 0.002 0 0.002 0 0 0 0 0 0 0 0 0.331 0.38 0.38 0 0 0 0 0.003 0.621 0.629 0.626 0.618 0.624 0.985 0.999 0.977 0.507 0.53 0.53 0.001 0.997 0.001 0.001 0 0 0 0 0 0 0 0 0.36 0.368 0.365 0 0 0 0 0 0 0 0 0 0 0 0 0 0.36 0.365 0.368 0 0 0 0 0 0.999 0.999 0.999 0.999 1 0.999 0.235 0.002 0.168 0 0 0.002 0.253 0.999 0.067 0.067 0.222 0 0.024 0 0 0 0.222 0 0.024 0 0 0 0.388 0.608 0.277 0.438 0.635 0.277 0.438 0.635 0.455 0.987 0.987 0.992

1 check, 2 bet 20
0 0 0 0 0 0 0 0 0 0 0 0 0 0 0 0 0 0 0 0 0 0 0 0 0 0 0 0 0 0 0 0 0 0.011 0.011 0.009 0.004 0.002 0 0 0 0 0 0 0 0 0 0 0 0 0 0 0 0 0.01 0.001 0 0 0 0.001 0.16 0 0 0.015 0.017 0.013 0.003 0.001 0 0 0 0 0.02 0.001 0 0 0 0 0 0.015 0.017 0.013 0.003 0.001 0 0 0 0 0.001 0.02 0 0 0 0 0 0 0.001 0.002 0.001 0.003 0.002 0.011 0 0 0 0 0 0.002 0 0.001 0.001 0.001 0 0 0 0 0 0.001 0 0 0 0 0 0 0.003 0 0 0.007 0 0 0.007 0 0.017 0.017 0.031

2 bet 20, 1 call 20
0 0.957 0 0 0.394 0 0 0.124 0.37 0.387 0.244 0.359 0.387 0.244 0.359 0.228 0 0.001 0.344 0 0.292 0.337 0 0.292 0.337 0.277 0 0 0 0 0 0.791 0.302 0.234 0.018 0.018 0.312 0.19 0.293 0.294 0.302 0.29 0.292 0.278 0.56 0.249 0.545 0.545 0.252 0 0 0 0 0 0.026 0.158 0.419 0.027 0.215 0.022 0.023 0.109 0.033 0 0 0 0 0 0.026 0.158 0.081 0.419 0.027 0.215 0.023 0.022 0.109 0.033 0.212 0.223 0 0.223 0 0.004 0.351 0.338 0.001 0.162 0.244 0.002 0 0.525 0.244 0.002 0 0 0.525 0.407 0.422 0.102 0.313 0.127 0.082 0.313 0.313 0.127 0.082 0.106 0.313 0.326 0.35 0 0.35 0 0.001

2 bet 20, 1 raise 50
0 0 0 0 0.606 0 0 0.876 0.022 0.143 0.002 0.027 0.143 0.002 0.027 0.002 1 0.999 0.356 1 0.129 0.347 1 0.129 0.347 0.134 0 0 0 0 0 0.105 0.05 0.064 0.035 0.035 0.004 0.006 0.707 0.706 0.698 0.71 0.708 0.722 0.438 0.751 0.453 0.453 0.748 0 0 0 0 0 0.974 0.842 0.224 0.025 0.177 0.015 0.015 0.001 0.004 0 0 0 0 0 0.974 0.842 0.842 0.224 0.025 0.177 0.015 0.015 0.001 0.004 0.787 0.766 1 0.766 1 0.996 0.445 0.598 0.999 0.838 0.346 0.998 1 0.382 0.346 0.998 1 1 0.382 0.362 0.286 0.898 0.314 0.873 0.918 0.13 0.314 0.873 0.918 0.894 0.13 0.673 0.649 1 0.649 1 0.999

2 bet 20, 1 raise 50, 2 call 50
0 0 0 0 0 0 0 0 0 0 0 0 0 0 0 0 0 0 0 0 0.018 0.067 0.004 0.05 0.004 0.05 0.003 0.996 0.999 0.996 0.999 0.996 0.998 0 0 0 0 0 0 0 0.892 0.68 0.68 0.001 0 0 0 0.995 0.367 0.368 0.352 0.35 0.361 0.024 0.027 0.229 0.36 0.334 0.334 0.001 0.011 0.001 0.001 0 0 0 0 0 0 0 0 0.709 0.712 0.693 0 0 0 0 0.005 0 0 0 0 0 0 0 0 0.709 0.693 0.712 0 0 0 0 0.005 0.271 0 0.219 0 0 0.219 0.978 1 0.826 0.001 0.001 0.997 0.842 0.013 0.965 0.965 0.731 0.001 0.875 0.002 0.001 0.021 0.731 0.001 0.875 0.001 0.002 0.021 0.994 0.131 0.987 0.494 0.11 0.987 0.494 0.11 0.49 0.003 0.003 0.002

1 raise 50, 2 raise 70
0 0 0 0 0 0 0 0 0 0 0 0 0 0 0 0 0 0 1 1 0.982 0 0 0 0 0 0 0.004 0 0.004 0 0.004 0 0 0 0 0 0 0 0 0.108 0.32 0.32 0 0 0 0 0.005 0.633 0.632 0.648 0.65 0.639 0.976 0.973 0.771 0.64 0.666 0.666 0.001 0.989 0 0 0 0 0 0 0 0 0 0 0.291 0.288 0.307 0 0 0 0 0 0 0 0 0 0 0 0 0 0.291 0.307 0.288 0 0 0 0 0 0.729 1 0.781 1 1 0.781 0.022 0 0.174 0 0 0.003 0.158 0.987 0.035 0.035 0.269 0 0.125 0 0 0 0.269 0 0.125 0 0 0 0.006 0.869 0.013 0.506 0.89 0.013 0.506 0.89 0.51 0.997 0.997 0.998

1 check, 2 bet 25
0 0 0 0 0 0 0 0 0 0 0 0 0 0 0 0 0 0 0 0 0 0 0 0 0 0 0 0 0 0 0 0 0 0 0 0 0 0 0 0 0 0 0 0 0 0 0 0 0 0 0 0 0 0.001 0.026 0.001 0 0 0 0 0 0 0 0.001 0.001 0.001 0.001 0 0 0 0 0 0 0 0 0 0 0 0 0.001 0.001 0.001 0.001 0 0 0 0 0 0 0 0 0 0 0 0 0 0 0.005 0 0.002 0.005 0 0 0.001 0 0 0 0.001 0 0 0 0 0 0 0 0 0 0 0 0 0 0 0 0 0.002 0 0 0.003 0 0 0.003 0 0 0 0

2 bet 25, 1 call 25
0 0.503 0 0 0.126 0 0 0.001 0.072 0.177 0.044 0.071 0.177 0.044 0.071 0.041 0 0.031 0.124 0 0.085 0.116 0 0.085 0.116 0.083 0 0 0 0 0 0.003 0.16 0.113 0.051 0.051 0.208 0.079 0.009 0.009 0.009 0.009 0.009 0.008 0.211 0.002 0.207 0.207 0.006 0 0 0 0 0 0.001 0.003 0.033 0 0.073 0 0 0.014 0.011 0 0 0 0 0 0.001 0.003 0.001 0.033 0 0.073 0 0 0.014 0.011 0.153 0.152 0 0.152 0 0 0.116 0.16 0.001 0.033 0.025 0.002 0.001 0.192 0.025 0.002 0.001 0.002 0.192 0.087 0.152 0.001 0.022 0.003 0.001 0.042 0.022 0.003 0.001 0.003 0.042 0.287 0.252 0.178 0.252 0.178 0.173

2 bet 25, 1 raise 90
0 0 0 0 0.862 0 0 0.999 0.023 0.062 0.04 0.024 0.062 0.04 0.024 0.04 1 0.969 0.19 1 0.121 0.189 1 0.121 0.189 0.121 0 0 0 0 0 0.994 0.257 0.224 0.194 0.194 0.322 0.135 0.975 0.975 0.975 0.975 0.975 0.981 0.443 0.997 0.454 0.454 0.992 0 0 0 0 0 0.999 0.986 0.873 0.068 0.165 0.103 0.103 0.264 0.029 0 0 0 0 0 0.999 0.986 0.998 0.873 0.068 0.165 0.103 0.103 0.264 0.029 0.843 0.618 1 0.618 1 1 0.507 0.746 0.997 0.959 0.334 0.991 0.997 0.644 0.334 0.991 0.997 0.991 0.644 0.474 0.232 0.998 0.326 0.99 0.998 0.093 0.326 0.99 0.998 0.99 0.093 0.709 0.495 0.822 0.495 0.822 0.827

2 bet 25, 1 raise 90, 2 call 90
0 0 0 0 0 0 0 0 0 0 0 0 0 0 0 0 0 0 1 1 1 0.998 0.359 0.998 0.359 0.998 0.147 0.999 0.998 0.999 0.998 0.999 0.998 0 0 0 0 0 0 0 1 1 1 0.282 0 0 0 0.999 1 1 1 1 1 1 1 1 1 1 1 0.995 1 0.995 0.995 0 0 0 0 0 0 0 0 1 1 1 0 0 0 0 0.007 0 0 0 0 0 0 0 0 1 1 1 0 0 0 0 0.007 1 1 1 1 1 1 1 1 1 0.895 0.895 0.998 1 1 1 1 1 0.859 1 0.979 0.766 0.009 1 0.859 1 0.766 0.979 0.009 1 1 1 1 1 1 1 1 1 1 1 1

root, 1 bet 7
0.004 0.288 0 0 0.1 0.018 0.018 0.02 0.115 0.003 0.072 0.089 0.003 0.072 0.089 0.027 0.002 0.376 0.126 0.001 0.227 0.114 0.001 0.227 0.114 0.205 0.002 0.002 0.022 0.008 0.01 0.181 0.024 0.099 0.105 0.105 0.029 0.196 0.093 0.127 0.03 0.003 0.001 0.051 0.034 0.138 0.016 0.016 0.056 0.001 0.001 0.001 0.001 0 0 0.031 0.049 0.076 0.027 0.068 0.068 0.019 0.17 0.001 0.001 0.001 0.001 0 0 0.031 0 0.049 0.076 0.027 0.068 0.068 0.019 0.17 0.283 0.261 0.124 0.261 0.124 0.081 0.082 0.074 0.001 0.103 0.109 0.049 0.001 0.098 0.109 0.049 0.001 0.046 0.098 0.133 0.007 0.041 0.181 0.039 0.013 0.072 0.181 0.039 0.013 0.085 0.072 0.003 0.003 0.01 0.003 0.01 0.001

1 bet 7, 2 call 7
0.434 0.086 0.4 0.086 0.4 0.008 0.491 0.094 0.52 0.094 0.52 0.007 0.504 0.063 0.491 0.063 0.491 0.015 0.701 0.701 0.644 0.997 0.979 0.974 0.979 0.974 0.967 0.951 1 0.931 1 0.931 1 0 0 0 0 0 0.465 0.999 0.975 1 1 1 0.764 0.776 0.776 1 0.999 0.999 0.999 1 0.992 1 0.03 0.803 0.809 0.71 0.71 0.468 0.582 0.68 0.68 0 0 0 0 0 0.488 0 0.478 0.993 1 1 0.883 0.824 0.846 0.775 0.983 0 0 0 0 0 0.488 0 0.478 0.993 1 1 0.883 0.824 0.775 0.846 0.983 0.257 0.489 0.029 0.489 0.136 0.029 1 1 0.612 1 1 1 0.631 0.258 0.722 0.722 1 1 0.802 1 1 1 1 1 0.802 1 1 1 0.916 0.98 0.982 1 0.715 0.982 1 0.715 1 0.646 0.646 0.589

1 bet 7, 2 raise 24
0.218 0.297 0.245 0.297 0.245 0.34 0.188 0.216 0.274 0.216 0.274 0.331 0.272 0.012 0.221 0.012 0.221 0.004 0.299 0.299 0.356 0.003 0.02 0.026 0.02 0.026 0.031 0.049 0 0.069 0 0.069 0 0 0 0 0 0 0 0 0.025 0 0 0 0.236 0 0 0 0.001 0.001 0.001 0 0.008 0 0.97 0.197 0.191 0.29 0.29 0.532 0.418 0.32 0.32 0 0 0 0 0 0.001 0 0 0.007 0 0 0 0.175 0 0 0.017 0 0 0 0 0 0.001 0 0 0.007 0 0 0 0.175 0 0 0.017 0.743 0.511 0.971 0.511 0.864 0.971 0 0 0.388 0 0 0 0.369 0.742 0.278 0.278 0 0 0.198 0 0 0 0 0 0.198 0 0 0 0.084 0.02 0.018 0 0.285 0.018 0 0.285 0 0.354 0.354 0.411

1 bet 7, 2 raise 24, 1 call  24
0 1 0 0 0.91 0 0 0.037 0.23 0 0 0.185 0 0 0.185 0 0 0 0.737 0 0.277 0.755 0 0.277 0.755 0.262 0 0 0 0 0 0.675 0.325 0.405 0 0 0.155 0 0.001 0.001 0.132 0.159 0.436 0.279 0.369 0.032 0.447 0.447 0.495 0 0 0 0 0 0 0.271 0.624 0 0.6 0.019 0.02 0 0 0 0 0 0 0 0 0.271 0 0.624 0 0.6 0.02 0.019 0 0 0.058 0.088 0 0.088 0 0 0.448 0.571 0.814 0 0.162 0.21 0.712 0.919 0.162 0.21 0.712 0.229 0.919 0.29 0.006 0.992 0.226 0.827 0.421 0 0.226 0.827 0.421 0.278 0 0.931 0.96 0 0.96 0 0.001

2 raise 24, 1 raise  83
0 0 0 0 0.09 0 0 0.963 0 0 0 0 0 0 0 0 1 1 0.255 1 0 0.233 1 0 0.233 0 0 0 0 0 0 0.325 0.67 0.003 0.005 0.005 0.012 0 0.999 0.999 0.868 0.841 0.564 0.721 0 0.968 0.012 0.012 0.505 0 0 0 0 0 1 0.729 0.363 0.004 0.016 0.227 0.227 0 0 0 0 0 0 0 1 0.729 1 0.363 0.004 0.016 0.227 0.227 0 0 0.942 0.912 1 0.912 1 1 0.308 0.429 0.186 1 0.33 0.79 0.288 0.045 0.33 0.79 0.288 0.771 0.045 0.001 0 0.008 0.001 0.172 0.579 0 0.001 0.172 0.579 0.722 0 0.069 0.04 1 0.04 1 0.999

root, 1 bet 10
0.002 0.335 0 0 0.296 0.054 0.054 0.095 0.191 0.059 0.004 0.174 0.059 0.004 0.174 0.003 0.008 0.426 0.099 0.006 0.293 0.13 0.006 0.293 0.13 0.326 0.048 0.053 0.014 0.024 0.002 0.272 0.072 0.16 0.22 0.22 0.103 0.265 0.137 0.175 0.169 0.114 0.051 0.159 0.081 0.256 0.057 0.057 0.079 0.001 0.001 0 0 0 0 0.114 0.086 0.156 0.047 0.14 0.14 0.055 0.157 0.001 0.001 0 0 0 0 0.114 0 0.086 0.156 0.047 0.14 0.14 0.055 0.157 0.344 0.414 0.216 0.414 0.216 0.149 0.201 0.154 0.015 0.187 0.184 0.1 0.007 0.207 0.184 0.1 0.007 0.133 0.207 0.169 0.019 0.086 0.189 0.113 0.056 0.097 0.189 0.113 0.056 0.114 0.097 0.009 0.1 0.151 0.1 0.151 0.006

1 bet 10, 2 call 10
0 0 0 0 0 0 0.001 0 0.001 0 0.001 0 0.15 0 0.094 0 0.094 0 0.726 0.726 0.468 0.988 0.72 0.999 0.72 0.999 0.586 0.934 1 0.889 1 0.889 1 0 0 0 0 0 0 0.998 1 1 1 0.999 0.903 0.111 0.111 1 0.998 0.998 0.998 0.999 0.624 1 0 0.994 0.846 0.851 0.851 0.8 0.619 0.809 0.809 0 0 0 0 0 0 0 0 1 1 1 0.379 0.994 0.42 0.289 0.998 0 0 0 0 0 0 0 0 1 1 1 0.379 0.994 0.289 0.42 0.998 0.173 0.557 0 0.557 0.196 0 1 1 0.358 1 1 1 0.508 0.635 0.719 0.719 1 1 0.662 1 1 1 1 1 0.662 1 1 1 0.995 0.999 1 1 0.785 1 1 0.785 1 0.86 0.86 0.899

1 bet 10, 2 raise 30
0 0 0 0 0 0 0 0 0 0 0 0 0.035 0 0.002 0 0.002 0 0.274 0.274 0.532 0.011 0 0.001 0 0.001 0 0.066 0 0.111 0 0.111 0 0 0 0 0 0 0 0 0 0 0 0 0.094 0 0 0 0.002 0.002 0.002 0.001 0.376 0 1 0.006 0.154 0.149 0.149 0.199 0.381 0.19 0.19 0 0 0 0 0 0 0 0 0 0 0 0 0.003 0 0 0 0 0 0 0 0 0 0 0 0 0 0 0 0.003 0 0 0 0.827 0.443 1 0.443 0.804 1 0 0 0.641 0 0 0 0.492 0.365 0.281 0.281 0 0 0.338 0 0 0 0 0 0.338 0 0 0 0.005 0.001 0 0 0.215 0 0 0.215 0 0.14 0.14 0.101

1 bet 10, 2 raise 30, 1 call  30
0 0.998 0 0 0 0 0 0 0 0 0 0 0 0 0 0 0 0 0.365 0 0.132 0.356 0 0.132 0.356 0.11 0 0 0 0 0 0.153 0.436 0.174 0.001 0.001 0.212 0.001 0.201 0.204 0.204 0.21 0.375 0 0.035 0 0.514 0.514 0.019 0 0 0 0 0 0 0 0.186 0 0.27 0.032 0.032 0 0 0 0 0 0 0 0 0 0 0.186 0 0.27 0.032 0.032 0 0 0.205 0.336 0 0.336 0 0 0.282 0.878 0.001 0.003 0.14 0.001 0 0.33 0.14 0.001 0 0 0.33 0.173 0.001 0.285 0.212 0.412 0 0 0.212 0.412 0 0.191 0 0.967 0.976 0 0.976 0 0

2 raise 30, 1 raise  80
0 0 0 0 1 0 0 1 0 0 0 0 0 0 0 0 1 1 0.438 1 0 0.423 1 0 0.423 0 0 0 0 0 0 0.847 0.549 0.001 0.003 0.003 0.399 0 0.799 0.796 0.796 0.79 0.625 1 0 1 0.005 0.005 0.981 0 0 0 0 0 1 1 0.81 0 0.024 0.136 0.137 0.012 0 0 0 0 0 0 1 1 1 0.81 0 0.024 0.137 0.136 0.012 0 0.795 0.664 1 0.664 1 1 0.208 0.001 0.999 0.997 0.151 0.999 1 0 0.151 0.999 1 1 0 0.001 0 0.712 0.003 0.467 1 0 0.003 0.467 1 0.808 0 0.033 0.024 1 0.024 1 1

root, 1 bet 15
0.349 0.163 0.002 0.002 0.359 0.286 0.286 0.244 0.163 0.282 0.085 0.17 0.282 0.085 0.17 0.037 0.39 0.194 0.155 0.358 0.21 0.145 0.358 0.21 0.145 0.221 0.216 0.181 0.122 0.12 0.006 0.205 0.147 0.231 0.25 0.25 0.207 0.001 0.275 0.273 0.308 0.305 0.333 0.373 0.29 0.179 0.233 0.233 0.185 0.001 0.001 0 0 0 0.005 0.334 0.212 0.244 0.164 0.201 0.203 0.163 0.208 0.001 0.001 0 0 0 0.005 0.334 0.006 0.212 0.244 0.164 0.203 0.201 0.163 0.208 0.14 0.139 0.234 0.139 0.234 0.188 0.264 0.267 0.196 0.272 0.172 0.197 0.109 0.289 0.172 0.197 0.109 0.167 0.289 0.147 0.47 0.171 0.1 0.248 0.143 0.309 0.1 0.248 0.143 0.187 0.309 0.425 0.383 0.488 0.383 0.488 0.514

1 bet 15, 2 call 15
0 0 0 0 0 0 0 0 0 0 0 0 0 0 0 0 0 0 0.198 0.198 0.001 0.737 0 0.555 0 0.555 0 0.724 0.999 0.818 0.999 0.818 0.999 0 0 0 0 0 0 0.001 1 0.694 0.694 0.999 0 0 0 0.999 0.776 0.772 0.759 0.987 0.426 0.999 0 0.999 0.998 0.788 0.788 0.98 0.728 0.981 0.981 0 0 0 0 0 0 0 0 0.999 0.999 0.997 0 0.245 0 0 0 0 0 0 0 0 0 0 0 0.999 0.997 0.999 0 0.245 0 0 0 0.146 0.732 0 0.732 0.33 0 1 1 0.316 0.696 0.696 1 0.283 0.432 0.834 0.834 1 0.675 0.835 0.553 0.542 0.994 1 0.675 0.835 0.542 0.553 0.994 0.983 0.849 0.998 1 0.658 0.998 1 0.658 0.999 0.818 0.818 0.746

1 bet 15, 2 raise 40
0 0 0 0 0 0 0 0 0 0 0 0 0 0 0 0 0 0 0.802 0.802 0.999 0.001 0 0 0 0 0 0.276 0 0.182 0 0.182 0 0 0 0 0 0 0 0 0 0 0 0 0 0 0 0 0.224 0.228 0.241 0.013 0.574 0.001 1 0.001 0.002 0.212 0.212 0.019 0.272 0.018 0.018 0 0 0 0 0 0 0 0 0 0.001 0.001 0 0 0 0 0 0 0 0 0 0 0 0 0 0 0.001 0.001 0 0 0 0 0 0.854 0.268 1 0.268 0.67 1 0 0 0.684 0 0 0 0.716 0.568 0.165 0.165 0 0 0.164 0 0 0 0 0 0.164 0 0 0 0.017 0.151 0 0 0.342 0 0 0.342 0 0.182 0.182 0.254

1 bet 15, 2 raise 40, 1 call  40
0 1 0 0 0 0 0 0 0 0 0 0 0 0 0 0 0 0 0.485 0 0.389 0.474 0 0.389 0.474 0.368 0 0 0 0 0 0.104 0.38 0 0.004 0.004 0.286 0.103 0.113 0.116 0.117 0.105 0.105 0 0 0 0.288 0.288 0.002 0 0 0 0 0 0 0 0.426 0 0 0.01 0.011 0 0 0 0 0 0 0 0 0 0 0.426 0 0 0.011 0.01 0 0 0.507 0.647 0 0.647 0 0 0.635 0.852 0 0.742 0.129 0 0 0.27 0.129 0 0 0 0.27 0.184 0.002 0 0.22 0.173 0 0 0.22 0.173 0 0 0 0.958 0.999 0 0.999 0 0

2 raise 40, 1 raise  75
0 0 0 0 1 0 0 1 0 0 0 0 0 0 0 0 1 1 0.512 1 0 0.523 1 0 0.523 0 0 0 0 0 0 0.896 0.618 0.008 0.122 0.122 0.714 0 0.887 0.884 0.883 0.895 0.895 1 0 1 0.001 0.001 0.998 0 0 0 0 0 1 1 0.57 0 0.013 0.14 0.141 0.589 0 0 0 0 0 0 1 1 1 0.57 0 0.013 0.141 0.14 0.589 0 0.493 0.353 1 0.353 1 1 0.001 0.001 1 0.258 0 1 1 0 0 1 1 1 0 0.001 0 1 0.113 0.827 1 0 0.113 0.827 1 1 0 0.042 0.001 1 0.001 1 1

root, 1 bet 20
0.628 0 0.684 0.684 0.075 0.507 0.508 0.476 0.318 0.54 0.62 0.347 0.54 0.62 0.347 0.714 0.423 0 0.214 0.486 0.019 0.21 0.486 0.019 0.21 0.015 0.47 0.455 0.366 0.352 0.288 0.233 0.467 0.464 0.212 0.212 0.344 0 0.342 0.306 0.353 0.4 0.423 0.407 0.49 0.221 0.434 0.434 0.381 0.3 0.303 0.114 0.106 0.005 0.629 0.485 0.361 0.435 0.541 0.323 0.324 0.349 0 0.3 0.303 0.114 0.106 0.005 0.629 0.485 0.568 0.361 0.435 0.541 0.324 0.323 0.349 0 0.005 0.015 0.292 0.015 0.292 0.381 0.257 0.275 0.58 0.301 0.263 0.352 0.594 0.258 0.263 0.352 0.594 0.311 0.258 0.231 0.417 0.492 0.163 0.312 0.515 0.355 0.163 0.312 0.515 0.284 0.355 0.426 0.357 0.341 0.357 0.341 0.478

1 bet 20, 2 call 20
0 0 0 0 0 0 0 0 0 0 0 0 0 0 0 0 0 0 0.001 0.001 0 0.304 0 0.231 0 0.231 0 0.747 0.734 0.793 0.734 0.793 0.626 0 0 0 0 0 0 0 0.999 0.309 0.309 0.389 0 0 0 0.952 0.476 0.487 0.439 0.564 0.481 0.455 0.001 0.999 0.998 0.998 0.998 0.604 0.999 0.492 0.492 0 0 0 0 0 0 0 0 0.592 0.629 0.593 0 0 0 0 0 0 0 0 0 0 0 0 0 0.592 0.593 0.629 0 0 0 0 0 0.025 0.508 0.002 0.508 0 0.002 0.999 0.999 0.489 0.12 0.12 0.999 0.069 0.028 0.892 0.892 0.995 0.299 0.845 0.126 0.236 0.014 0.995 0.299 0.845 0.236 0.126 0.014 0.812 0.584 0.527 0.991 0.278 0.527 0.991 0.278 0.97 0.507 0.507 0.34

1 bet 20, 2 raise 50
0 0 0 0 0 0 0 0 0 0 0 0 0 0 0 0 0 0 0.999 0.999 1 0 0 0 0 0 0 0.252 0 0.206 0 0.206 0 0 0 0 0 0 0 0 0.001 0.001 0.001 0 0 0 0 0.008 0.524 0.513 0.561 0.436 0.519 0.545 0.999 0.001 0.002 0.002 0.002 0 0.001 0 0 0 0 0 0 0 0 0 0 0.001 0.201 0.133 0 0 0 0 0 0 0 0 0 0 0 0 0 0.001 0.133 0.201 0 0 0 0 0 0.975 0.492 0.998 0.492 1 0.998 0.001 0.001 0.51 0 0 0 0.931 0.972 0.108 0.108 0.001 0 0.154 0 0 0 0.001 0 0.154 0 0 0 0.187 0.416 0.001 0.002 0.722 0.001 0.002 0.722 0.009 0.493 0.493 0.66

1 bet 20, 2 raise 50, 1 call  50
0 0.999 0 0 0 0 0 0 0 0 0 0 0 0 0 0 0 0 0.311 0 0.986 0.287 0 0.986 0.287 0.983 0 0 0 0 0 0.125 0.001 0 0 0 0.175 0.998 0.094 0.097 0.097 0.093 0.094 0 0 0 0.008 0.008 0 0 0 0 0 0 0 0 0.351 0 0 0.001 0.001 0 0.049 0 0 0 0 0 0 0 0 0.351 0 0 0.001 0.001 0 0.049 0.061 0.112 0 0.112 0 0 0.738 0.993 0 0.129 0.126 0 0 0.413 0.126 0 0 0 0.413 0.689 0.504 0 0.35 0 0 0 0.35 0 0 0 0 0.222 0.428 0 0.428 0 0

2 raise 50, 1 raise  70
0 0 0 0 1 0 0 1 0 0 0 0 0 0 0 0 1 1 0.688 1 0 0.713 1 0 0.713 0 0 0 0 0 0 0.875 0.999 0.178 0.341 0.341 0.825 0 0.906 0.903 0.903 0.907 0.906 1 0.001 1 0.006 0.006 1 0 0 0 0 0 1 1 0.649 0.001 0.214 0.383 0.384 0.995 0 0 0 0 0 0 1 1 1 0.649 0.001 0.214 0.384 0.383 0.995 0 0.939 0.888 1 0.888 1 1 0.26 0.006 1 0.871 0.022 1 1 0.002 0.022 1 1 1 0.002 0.028 0.003 1 0.33 1 1 0 0.33 1 1 1 0 0.778 0.572 1 0.572 1 1

root, 1 bet 25
0.017 0 0.314 0.314 0 0.135 0.135 0 0.035 0.116 0.001 0.054 0.116 0.001 0.054 0.001 0 0 0.03 0 0 0.056 0 0 0.056 0 0.26 0.297 0.213 0.24 0.172 0.004 0.273 0.009 0.003 0.003 0.265 0 0.154 0.119 0.141 0.178 0.192 0 0.102 0 0.244 0.244 0.143 0.284 0.275 0.063 0.092 0.002 0.366 0.005 0.152 0.003 0.136 0.124 0.123 0.36 0 0.284 0.275 0.063 0.092 0.002 0.366 0.005 0.425 0.152 0.003 0.136 0.123 0.124 0.36 0 0.103 0.034 0 0.034 0 0 0.123 0.153 0.208 0 0.129 0.295 0.289 0.033 0.129 0.295 0.289 0.335 0.033 0.094 0.023 0.162 0.026 0.266 0.256 0.03 0.026 0.266 0.256 0.316 0.03 0.137 0.157 0 0.157 0 0

1 bet 25, 2 call 25
0 0 0 0 0 0 0 0 0 0 0 0 0 0 0 0 0 0 0.002 0.002 0.004 0.393 0 0.163 0 0.163 0 0.957 0.002 0.902 0.002 0.902 0.003 0 0 0 0 0 0 0 0.992 0.086 0.086 0.002 0 0 0 0.252 0.404 0.387 0.383 0.539 0.617 0 0 0 0.998 0.95 0.95 0.038 0.997 0.007 0.007 0 0 0 0 0 0 0 0 0.361 0.551 0.492 0 0 0 0 0 0 0 0 0 0 0 0 0 0.361 0.492 0.551 0 0 0 0 0 0.002 0.07 0.001 0.07 0 0.001 0.999 0.999 0.561 0.001 0.001 0.998 0.377 0 0.777 0.777 0.998 0.181 0.993 0.007 0.063 0 0.998 0.181 0.993 0.063 0.007 0 0.894 0.623 0.225 0.857 0.078 0.225 0.857 0.078 0.562 0.326 0.326 0.277

1 bet 25, 2 raise 90
0 0 0 0 0 0 0 0 0 0 0 0 0 0 0 0 0 0 0.998 0.998 0.996 0 0 0 0 0 0 0.039 0 0.095 0 0.095 0 0 0 0 0 0 0 0 0.007 0.001 0.001 0 0 0 0 0.176 0.596 0.613 0.616 0.461 0.383 1 1 1 0.002 0.05 0.05 0 0.003 0 0 0 0 0 0 0 0 0 0 0 0.083 0.036 0 0 0 0 0 0 0 0 0 0 0 0 0 0 0.036 0.083 0 0 0 0 0 0.998 0.93 0.999 0.93 1 0.999 0.001 0 0.076 0 0 0 0.53 1 0.21 0.21 0.001 0 0 0 0 0 0.001 0 0 0 0 0 0.105 0.377 0.001 0.143 0.922 0.001 0.143 0.922 0.437 0.674 0.674 0.723

1 bet 25, 2 raise 90, 1 call  90
0 0 0 0 1 0 0 1 0.957 0.004 0 0.917 0.004 0 0.917 0 1 1 1 1 0.998 1 1 0.998 1 0.998 0 0 0 0 0 1 1 0.44 0.784 0.784 1 1 1 1 1 1 1 1 0 1 0.001 0.001 1 0 0 0 0 0 1 1 1 0.548 0.424 0.741 0.741 1 0.08 0 0 0 0 0 1 1 1 1 0.548 0.424 0.741 0.741 1 0.08 1 1 1 1 1 1 1 1 1 1 0.174 1 1 0.104 0.174 1 1 1 0.104 0.998 0.288 1 0.563 1 1 0 0.563 1 1 1 0 1 1 1 1 1 1
