game = '6-max Cash', preflop situation = 'MP openraise BB 3bet MP call', stack = '90', pot = '20', bets = '33 50 75 100 125'

OOP preflop range
6c5c_0.25 6h5h_0.25 6s5s_0.25 7c6c_0.50 7d6d_0.50 7h6h_0.50 7s6s_0.50 8c7c_0.50 8d7d_0.50 8d8c_0.25 8h7h_0.50 8h8c_0.25 8h8d_0.25 8s7s_0.50 8s8c_0.25 8s8d_0.25 8s8h_0.25 9c8c_0.25 9d8d_0.25 9d9c_0.25 9h8h_0.25 9h9c_0.25 9h9d_0.25 9s8s_0.25 9s9c_0.25 9s9d_0.25 9s9h_0.25 Ac2c_0.50 Ac3c_0.25 Ac4c_0.25 Ac5c_0.50 Ac6c_0.50 AcJc_0.50 AcKd_0.75 AcKh_0.75 AcKs_0.75 AcQc_1 AcTc_0.25 Ad2d_0.50 Ad3d_0.25 Ad4d_0.25 Ad6d_0.50 AdAc_1 AdJd_0.50 AdKd_1 AdKh_0.75 AdKs_0.75 AdQd_1 AdTd_0.25 Ah2h_0.50 Ah3h_0.25 Ah4h_0.25 Ah5h_0.50 Ah6h_0.50 AhAc_1 AhAd_1 AhJh_0.50 AhKd_0.75 AhKh_1 AhKs_0.75 AhQh_1 AhTh_0.25 As2s_0.50 As3s_0.25 As4s_0.25 As5s_0.50 As6s_0.50 AsAc_1 AsAd_1 AsAh_1 AsJs_0.50 AsKd_0.75 AsKh_0.75 AsKs_1 AsTs_0.25 Jc9c_0.25 Jd9d_0.25 JdJc_0.75 Jh9h_0.25 JhJc_0.75 JhJd_0.75 Js9s_0.25 JsJc_0.75 JsJd_0.75 JsJh_0.75 KdJd_0.75 KdQd_1 KhJh_0.75 KhKd_1 KhQh_1 KsJs_0.75 KsKd_1 KsKh_1 QcJc_0.75 QcTc_0.25 QdJd_0.75 QdQc_1 QdTd_0.25 QhJh_0.75 QhQc_1 QhQd_1 QhTh_0.25 Tc9c_0.25 Td9d_0.25 TdTc_0.50 Th9h_0.25 ThTc_0.50 ThTd_0.50 Ts9s_0.25 TsTc_0.50 TsTd_0.50 TsTh_0.50

IP preflop range
4d4c_0.25 4h4c_0.25 4h4d_0.25 4s4c_0.25 4s4d_0.25 4s4h_0.25 5h5c_0.25 5s5c_0.25 5s5h_0.25 6d6c_0.50 6h6c_0.50 6h6d_0.50 6s6c_0.50 6s6d_0.50 6s6h_0.50 7d7c_0.50 7h7c_0.50 7h7d_0.50 7s7c_0.50 7s7d_0.50 7s7h_0.50 8d8c_1 8h8c_1 8h8d_1 8s8c_1 8s8d_1 8s8h_1 9d9c_1 9h9c_1 9h9d_1 9s9c_1 9s9d_1 9s9h_1 Ac2c_1 Ac3c_1 Ac4c_1 Ac5c_1 Ac6c_1 Ac7c_1 Ac8c_1 Ac9c_1 AcJc_0.75 AcJd_1 AcJh_1 AcJs_1 AcQc_0.50 AcQd_1 AcQh_1 AcTc_1 Ad2d_1 Ad3d_1 Ad4d_1 Ad6d_1 Ad7d_1 Ad8d_1 Ad9d_1 AdJc_1 AdJd_0.75 AdJh_1 AdJs_1 AdQc_1 AdQd_0.50 AdQh_1 AdTd_1 Ah2h_1 Ah3h_1 Ah4h_1 Ah5h_1 Ah6h_1 Ah7h_1 Ah8h_1 Ah9h_1 AhJc_1 AhJd_1 AhJh_0.75 AhJs_1 AhQc_1 AhQd_1 AhQh_0.50 AhTh_1 As2s_1 As3s_1 As4s_1 As5s_1 As6s_1 As7s_1 As8s_1 As9s_1 AsJc_1 AsJd_1 AsJh_1 AsJs_0.75 AsQc_1 AsQd_1 AsQh_1 AsTs_1 JcTc_0.50 JdJc_1 JdTd_0.50 JhJc_1 JhJd_1 JhTh_0.50 JsJc_1 JsJd_1 JsJh_1 JsTs_0.50 KdJd_1 KdQc_1 KdQd_1 KdQh_1 KdTd_0.50 KhJh_1 KhQc_1 KhQd_1 KhQh_1 KhTh_0.50 KsJs_1 KsQc_1 KsQd_1 KsQh_1 KsTs_0.50 QcJc_0.50 QdJd_0.50 QdQc_1 QhJh_0.50 QhQc_1 QhQd_1 TdTc_1 ThTc_1 ThTd_1 TsTc_1 TsTd_1 TsTh_1

root, 1 check
0 0 0 0 0 0 0 0.001 0.001 0.001 0.001 0 0 0 0.001 0.001 0 0.001 0.001 0.002 0.004 0.002 0.002 0.001 0.002 0.002 0.002 0.001 0.001 0.001 0 0.003 0.001 0 0 0 0.001 0.001 0.001 0.001 0.001 0.004 0.001 0.001 0 0 0 0.002 0 0.003 0.002 0.003 0 0.008 0.001 0.001 0.001 0 0 0 0.004 0.001 0.001 0.001 0.001 0 0.002 0.001 0.001 0.001 0.001 0.001 0.001 0 0.001 0 0 0.001 0 0.001 0.001 0 0.002 0.001 0.001 0 0 0 0.001 0 0 0.001 0.001 0.002 0.001 0.003 0.002 0.001 0.003 0.002 0.003 0.001 0 0 0.004 0 0.004 0.003 0 0.009 0.003 0.004

1 check, 2 check
0.88 0.889 0.892 0.877 0.88 0.889 0.197 0.199 0.198 0.965 0.987 0.989 0.936 0.954 0.984 0.864 0.872 0.876 0.861 0.864 0.872 0.925 0.947 0.95 0.922 0.926 0.948 0.935 0.949 0.948 0.934 0.933 0.947 0.69 0.692 0.691 0.956 0.708 0.725 0.783 0.807 0.826 0.78 0.814 0.807 0.846 0.991 0.992 0.984 0.703 0.705 0.704 0.717 0.744 0.808 0.825 0.829 0.811 0.835 0.826 0.988 0.747 0.989 0.985 0.749 0.751 0.751 0.979 0.812 0.836 0.939 0.958 0.858 0.829 0.842 0.865 0.895 0.874 0.806 0.994 0.739 0.741 0.739 0.964 0.762 0.781 0.848 0.865 0.817 0.785 0.817 0.82 0.989 0.977 0.986 0.979 0.781 0.768 0.759 0.791 0.765 0.875 0.821 0.792 0.798 0.753 0.787 0.304 0.283 0.275 0.679 0.887 0.304 0.281 0.272 0.849 0.692 0.313 0.294 0.283 0.72 0.997 0.99 0.376 0.992 0.373 0.388 0.868 0.873 0.867 0.877 0.872 0.876

1 check, 2 bet 7
0.027 0.024 0.023 0.027 0.027 0.023 0.203 0.202 0.203 0.007 0.002 0.002 0.016 0.01 0.002 0.032 0.027 0.027 0.032 0.031 0.026 0.027 0.016 0.015 0.027 0.026 0.015 0.027 0.021 0.021 0.027 0.027 0.021 0.074 0.073 0.073 0.02 0.081 0.064 0.069 0.08 0.072 0.075 0.054 0.071 0.092 0.004 0.003 0.003 0.069 0.067 0.067 0.072 0.056 0.056 0.07 0.057 0.078 0.048 0.066 0.006 0.134 0.005 0.003 0.098 0.096 0.096 0.001 0.091 0.076 0.044 0.031 0.033 0.045 0.033 0.038 0.059 0.091 0.12 0.001 0.071 0.069 0.069 0.012 0.079 0.06 0.057 0.063 0.06 0.073 0.055 0.077 0.004 0.012 0.006 0.004 0.112 0.133 0.12 0.11 0.121 0.075 0.108 0.123 0.109 0.114 0.115 0.178 0.176 0.179 0.136 0.065 0.178 0.174 0.179 0.051 0.161 0.177 0.174 0.179 0.123 0.001 0.004 0.269 0.002 0.271 0.273 0.072 0.068 0.07 0.067 0.069 0.066

2 bet 7, 1 call 7
0.999 0.086 1 0.473 0.447 0.004 0.854 0.286 0.212 0.998 0 0.994 0.994 0.323 0.996 0.996 0.991 0 0 0.993 0 0.985 0.987 0.002 0.99 0.991 0.969 0.427 0.365 0.364 1 0.023 1 0.993 0.958 0.994 0.961 1 0.467 0.479 0.483 0.099 0.999 1 0.577 0.968 0.995 0.993 1 0 0 0 0.999 0 0.996 0.995 1 0.954 0.919 0.951 0.936 1 0.639 0.665 0.669 1 0.063 0.998 0.998 0.994 1 0.999 0.989 0.996 1 1 1 1 0.965 1 1 1 1 1 1 1 0.016 0.999 0 0.004 1 0 0 0.936 0.998 0.928 0.048 0.994 0.805 0.078 0.108 0.996 1 1 0.792 1 0.899 0.848 1 0.617 0.562 0.671

2 bet 7, 1 raise 24
0.001 0.914 0 0.524 0.547 0.019 0.145 0.486 0.403 0.001 0 0.005 0.006 0.424 0.003 0.003 0.008 0.027 0.007 0.006 0 0.014 0.012 0.029 0.009 0.008 0.03 0.007 0.003 0.002 0 0 0 0.007 0.042 0.006 0.039 0 0.012 0.013 0.008 0 0.001 0 0.423 0.032 0.005 0.007 0 0 0 0 0.001 0 0.004 0.005 0 0.046 0.081 0.049 0.064 0 0.01 0.01 0.008 0 0 0.002 0.002 0.006 0 0.001 0.011 0.004 0 0 0 0 0.035 0 0 0 0 0 0 0 0.984 0.001 1 0.996 0 1 1 0.064 0.002 0.072 0.952 0.006 0.195 0.922 0.892 0.004 0 0 0.204 0 0.096 0.151 0 0.349 0.433 0.323

2 bet 7, 1 raise 24, 2 call 24
0.166 0.16 0.161 0.163 0.164 0.158 0.653 0.664 0.651 0.202 0.192 0.199 0.196 0.2 0.19 0.203 0.2 0.201 0.201 0.202 0.2 0.186 0.184 0.185 0.184 0.185 0.183 0.192 0.19 0.191 0.19 0.191 0.189 0.018 0.018 0.02 0.134 0.003 0.001 0.001 0.001 0.412 0.374 0.382 0.373 0.737 0.712 0.736 0.407 0.014 0.014 0.016 0.001 0.001 0.001 0.001 0.379 0.414 0.385 0.375 0.701 0.73 0.718 0.411 0.014 0.014 0.014 0.128 0.009 0.009 0.008 0.005 0.398 0.397 0.413 0.396 0.722 0.714 0.702 0.392 0.005 0.005 0.006 0.126 0.001 0.001 0.001 0.001 0.37 0.369 0.378 0.407 0.703 0.699 0.719 0.41 0.86 0.244 0.859 0.254 0.261 0.894 0.228 0.236 0.247 0.867 0.751 0.19 0.271 0.038 0.786 0.714 0.214 0.134 0.037 0.732 0.729 0.204 0.156 0.058 0.786 0.661 0.712 0.785 0.397 0.711 0.694 0.146 0.142 0.145 0.141 0.142 0.14

1 raise 24, 2 raise 83
0.046 0.047 0.047 0.047 0.046 0.047 0.347 0.336 0.349 0.037 0.04 0.038 0.04 0.038 0.041 0.034 0.038 0.038 0.035 0.035 0.039 0.021 0.025 0.026 0.021 0.022 0.026 0.018 0.019 0.019 0.017 0.018 0.018 0.102 0.102 0.102 0.118 0.084 0.076 0.062 0.052 0.179 0.147 0.124 0.154 0.263 0.288 0.264 0.112 0.09 0.09 0.09 0.069 0.062 0.048 0.038 0.144 0.172 0.118 0.149 0.299 0.27 0.282 0.114 0.098 0.098 0.097 0.086 0.08 0.079 0.067 0.049 0.137 0.133 0.112 0.141 0.278 0.286 0.298 0.089 0.093 0.093 0.093 0.112 0.073 0.067 0.053 0.04 0.145 0.142 0.12 0.179 0.297 0.301 0.281 0.095 0.14 0.025 0.141 0.003 0.003 0.106 0.04 0.032 0.006 0.133 0.249 0.81 0.729 0.962 0.214 0.286 0.786 0.866 0.963 0.268 0.271 0.796 0.844 0.942 0.211 0.275 0.284 0.215 0.273 0.289 0.306 0.001 0.001 0.002 0.001 0.001 0.001

1 check, 2 bet 10
0.024 0.022 0.021 0.025 0.024 0.022 0.185 0.184 0.185 0.008 0.002 0.002 0.014 0.011 0.003 0.029 0.027 0.026 0.03 0.029 0.027 0.018 0.012 0.011 0.019 0.018 0.012 0.017 0.011 0.012 0.018 0.019 0.013 0.07 0.07 0.07 0.007 0.061 0.061 0.055 0.055 0.051 0.068 0.056 0.063 0.061 0.003 0.003 0.009 0.066 0.066 0.066 0.058 0.056 0.049 0.05 0.056 0.056 0.051 0.058 0.004 0.106 0.003 0.006 0.045 0.045 0.045 0.003 0.029 0.025 0.003 0.002 0.032 0.035 0.033 0.031 0.04 0.03 0.062 0.001 0.067 0.067 0.067 0.006 0.056 0.056 0.045 0.045 0.059 0.069 0.054 0.055 0.004 0.007 0.004 0.011 0.08 0.073 0.09 0.061 0.072 0.042 0.052 0.063 0.06 0.087 0.063 0.143 0.142 0.155 0.094 0.034 0.143 0.148 0.154 0.044 0.089 0.14 0.144 0.151 0.08 0.001 0.003 0.171 0.002 0.174 0.169 0.056 0.056 0.058 0.053 0.055 0.054

2 bet 10, 1 call 10
0.993 0.015 0.999 0.273 0.095 0 0.418 0.005 0.002 0.792 0 0.704 0.713 0.007 0.733 0.752 0.67 0.001 0 0.602 0 0.578 0.582 0.001 0.582 0.586 0.563 0.004 0.004 0.005 1 0 1 1 0.999 1 1 1 0.008 0.008 0.009 0.002 1 1 0.991 1 1 1 1 0 0 0 1 0 0.999 0.999 1 0.505 0.457 0.538 1 1 0.029 0.033 0.038 1 0.005 1 1 0.999 1 1 1 1 1 0.999 0.997 1 0.505 1 1 0.999 0.999 1 1 1 0.009 0.978 0.014 0.021 1 0.019 0.017 0.913 0.979 0.946 0.302 0.991 0.552 0.459 0.514 0.883 1 1 0.529 0.999 0.57 0.528 1 0.503 0.454 0.503

2 bet 10, 1 raise 30
0.007 0.985 0.001 0.556 0.562 0.378 0.471 0.26 0.141 0.168 0.004 0.256 0.263 0.278 0.191 0.198 0.284 0.004 0.002 0.238 0 0.293 0.298 0.005 0.25 0.254 0.309 0 0 0 0 0 0 0 0.001 0 0 0 0 0 0 0 0 0 0.009 0 0 0 0 0.001 0.001 0 0 0 0.001 0.001 0 0.495 0.543 0.462 0 0 0 0 0 0 0 0 0 0.001 0 0 0 0 0 0.001 0.003 0 0.494 0 0 0.001 0 0 0 0 0.991 0.022 0.986 0.979 0 0.981 0.983 0.087 0.021 0.054 0.698 0.009 0.447 0.541 0.486 0.117 0 0 0.265 0.001 0.171 0.274 0 0.279 0.392 0.287

2 bet 10, 1 raise 30, 2 call 30
0.08 0.073 0.074 0.077 0.078 0.071 0.522 0.545 0.528 0.084 0.074 0.076 0.079 0.081 0.072 0.082 0.077 0.078 0.08 0.081 0.075 0.066 0.061 0.062 0.064 0.065 0.059 0.022 0.02 0.021 0.019 0.02 0.018 0.001 0.001 0.001 0.001 0.001 0.001 0.001 0.001 0.303 0.265 0.257 0.266 0.644 0.631 0.62 0.312 0.001 0.001 0.001 0.001 0.001 0.001 0.001 0.271 0.303 0.26 0.269 0.625 0.614 0.6 0.317 0.001 0.001 0.001 0.001 0.001 0.001 0.001 0.001 0.256 0.253 0.251 0.254 0.598 0.636 0.592 0.283 0.001 0.001 0.001 0.001 0.001 0.001 0.001 0.001 0.267 0.265 0.255 0.307 0.611 0.599 0.585 0.316 0.837 0.025 0.829 0.019 0.021 0.897 0.019 0.025 0.018 0.836 0.622 0.157 0.254 0.001 0.564 0.591 0.165 0.098 0.003 0.535 0.615 0.214 0.181 0.001 0.573 0.471 0.516 0.717 0.286 0.588 0.567 0 0 0 0 0 0

1 raise 30, 2 raise 80
0.043 0.042 0.042 0.043 0.043 0.042 0.478 0.455 0.472 0.04 0.037 0.037 0.04 0.04 0.037 0.038 0.038 0.038 0.038 0.038 0.038 0.027 0.028 0.028 0.027 0.027 0.028 0.029 0.029 0.029 0.029 0.029 0.028 0.084 0.084 0.084 0.114 0.066 0.064 0.055 0.049 0.157 0.138 0.083 0.137 0.354 0.361 0.325 0.137 0.083 0.083 0.083 0.065 0.063 0.055 0.048 0.127 0.167 0.083 0.138 0.37 0.381 0.344 0.137 0.029 0.029 0.029 0.036 0.014 0.014 0.011 0.006 0.097 0.108 0.058 0.109 0.327 0.363 0.374 0.084 0.083 0.083 0.083 0.114 0.065 0.063 0.055 0.049 0.129 0.141 0.089 0.171 0.383 0.392 0.355 0.131 0.163 0.024 0.171 0.002 0.003 0.103 0.031 0.037 0.003 0.164 0.373 0.843 0.746 0.999 0.427 0.398 0.835 0.902 0.997 0.457 0.379 0.786 0.819 0.999 0.403 0.187 0.217 0.283 0.141 0.412 0.433 0.01 0.003 0.005 0.003 0.003 0.003

1 check, 2 bet 15
0.024 0.023 0.022 0.025 0.024 0.023 0.166 0.163 0.166 0.009 0.003 0.003 0.014 0.011 0.004 0.028 0.027 0.027 0.029 0.028 0.028 0.014 0.011 0.01 0.015 0.014 0.011 0.009 0.008 0.008 0.009 0.009 0.008 0.053 0.053 0.054 0.007 0.047 0.047 0.032 0.02 0.032 0.041 0.038 0.036 0.001 0.001 0.001 0.002 0.052 0.052 0.053 0.048 0.045 0.03 0.018 0.03 0.035 0.032 0.029 0.001 0.013 0.001 0.003 0.03 0.03 0.03 0.007 0.016 0.013 0.003 0.002 0.032 0.035 0.038 0.032 0.002 0.002 0.009 0.002 0.043 0.043 0.043 0.008 0.035 0.034 0.018 0.009 0.032 0.035 0.034 0.031 0.001 0.002 0.001 0.004 0.025 0.023 0.029 0.036 0.039 0.006 0.018 0.02 0.031 0.039 0.012 0.128 0.132 0.134 0.053 0.004 0.125 0.139 0.131 0.025 0.019 0.125 0.136 0.13 0.045 0 0.001 0.083 0.001 0.078 0.077 0.002 0.002 0.002 0.002 0.002 0.002

2 bet 15, 1 call 15
0.707 0.009 0.808 0.021 0.012 0 0.021 0.002 0 0.14 0 0.124 0.14 0.002 0.121 0.142 0.125 0 0 0.093 0 0.088 0.115 0 0.068 0.087 0.081 0.002 0.002 0.002 0.988 0 0.994 0.998 0.998 0.998 0.999 0.994 0.004 0.004 0.004 0 1 0.994 0.999 0.998 0.998 0.999 0.993 0.002 0.002 0.002 0.513 0 1 1 0.807 0.918 0.818 0.92 0.936 0.964 0.004 0.005 0.004 0.998 0 1 1 0.999 0.998 1 1 1 0.998 0.56 0.448 0.604 0.048 0.572 0.601 0.677 0.584 0.612 0.58 0.998 0.444 0.529 0.377 0.419 0.999 0.428 0.437 0.904 0.984 0.805 0.632 0.977 0.322 0.514 0.551 0.45 0.987 0.976 0.185 0.642 0.08 0.194 0.989 0.1 0.228 0.109

2 bet 15, 1 raise 40
0.001 0.029 0.001 0.001 0 0 0.001 0 0 0 0 0 0 0 0 0 0 0 0 0 0 0 0 0 0 0 0 0 0 0 0 0 0 0 0 0 0.001 0 0 0 0 0 0 0 0.001 0.001 0 0.001 0 0 0 0 0 0 0 0 0 0.082 0.181 0.079 0.064 0 0 0 0 0 0 0 0 0.001 0 0 0 0 0 0 0 0 0.001 0 0 0 0 0 0 0.001 0.556 0.376 0.623 0.581 0 0.572 0.563 0.096 0.016 0.195 0.368 0.023 0.662 0.486 0.449 0.549 0 0 0.002 0 0.001 0.002 0 0.002 0.003 0.002

2 bet 15, 1 raise 40, 2 call 40
0 0 0 0 0 0 0.409 0.426 0.423 0 0 0 0 0 0 0 0 0 0 0 0 0 0 0 0 0 0 0 0 0 0 0 0 0 0 0 0.022 0 0 0 0 0.286 0.151 0.091 0.169 0.721 0.731 0.751 0.32 0 0 0 0 0 0 0 0.143 0.273 0.083 0.162 0.74 0.707 0.738 0.311 0 0 0 0 0 0 0 0 0.121 0.123 0.061 0.144 0.786 0.756 0.734 0.208 0 0 0 0.024 0 0 0 0 0.174 0.174 0.123 0.312 0.73 0.716 0.725 0.332 0.824 0 0.825 0 0 0.885 0 0 0 0.804 0.711 0.125 0.138 0.084 0.637 0.752 0.049 0.02 0.029 0.672 0.702 0.127 0.121 0.088 0.638 0.565 0.609 0.522 0.314 0.416 0.417 0 0 0 0 0 0

1 raise 40, 2 raise 75
0.05 0.049 0.05 0.049 0.05 0.049 0.591 0.574 0.577 0.051 0.05 0.05 0.05 0.051 0.049 0.052 0.051 0.051 0.051 0.051 0.05 0.052 0.051 0.051 0.051 0.051 0.05 0.062 0.061 0.061 0.061 0.061 0.061 0.092 0.092 0.092 0.132 0.077 0.077 0.076 0.076 0.149 0.139 0.052 0.164 0.277 0.265 0.221 0.161 0.089 0.089 0.089 0.073 0.073 0.073 0.073 0.135 0.153 0.049 0.165 0.256 0.291 0.233 0.162 0.052 0.052 0.052 0.069 0.04 0.04 0.04 0.04 0.113 0.114 0.013 0.145 0.21 0.24 0.246 0.12 0.092 0.092 0.092 0.134 0.077 0.077 0.076 0.076 0.136 0.14 0.062 0.178 0.266 0.28 0.243 0.162 0.176 0.002 0.175 0 0 0.114 0.034 0.022 0 0.196 0.287 0.875 0.862 0.916 0.362 0.242 0.951 0.98 0.971 0.326 0.297 0.873 0.879 0.912 0.36 0.196 0.232 0.478 0.112 0.584 0.583 0.069 0.062 0.062 0.067 0.068 0.06

1 check, 2 bet 20
0.017 0.016 0.016 0.018 0.017 0.017 0.151 0.15 0.15 0.008 0.003 0.002 0.011 0.009 0.004 0.021 0.02 0.02 0.022 0.022 0.021 0.011 0.01 0.009 0.011 0.011 0.01 0.008 0.007 0.007 0.008 0.008 0.007 0.042 0.042 0.043 0.006 0.037 0.037 0.021 0.01 0.013 0.023 0.026 0.016 0 0.001 0.001 0.001 0.039 0.039 0.039 0.035 0.033 0.016 0.007 0.016 0.013 0.021 0.014 0.001 0.001 0.001 0.002 0.027 0.027 0.027 0.007 0.015 0.013 0.004 0.003 0.019 0.022 0.026 0.017 0.001 0.002 0.002 0.001 0.029 0.029 0.03 0.007 0.023 0.023 0.011 0.007 0.017 0.018 0.024 0.013 0.001 0.002 0.001 0.001 0.001 0.001 0.002 0.001 0.002 0.001 0.001 0.001 0.001 0.006 0.004 0.09 0.098 0.091 0.019 0.004 0.091 0.099 0.094 0.017 0.008 0.089 0.097 0.09 0.013 0.001 0.002 0.023 0.002 0.021 0.015 0.001 0.001 0.001 0.001 0.001 0.001

2 bet 20, 1 call 20
0.871 0.027 0.969 0.001 0 0 0.001 0 0 0.018 0 0.016 0.019 0 0.016 0.018 0.017 0 0 0.192 0 0.175 0.194 0 0.177 0.196 0.18 0 0 0 0.993 0 0.994 0.991 0.988 0.99 0.996 0.995 0 0 0 0 0.989 0.997 0.969 0.982 0.989 0.991 0.995 0 0 0 0.771 0 0.996 0.996 0.752 0.888 0.906 0.882 0.886 0.918 0 0 0 0.99 0 0.996 0.996 0.993 0.999 0.992 0.992 0.995 0.998 0.646 0.579 0.334 0.147 0.243 0.308 0.743 0.309 0.367 0.28 0.863 0.461 0.32 0.555 0.559 0.957 0.543 0.579 0.811 0.922 0.658 0.554 0.846 0.233 0.533 0.494 0.292 0.992 0.989 0.196 0.658 0.154 0.202 0.993 0.142 0.191 0.149

2 bet 20, 1 raise 50
0 0.002 0 0 0 0 0 0 0 0 0 0 0 0 0 0 0 0 0 0 0 0 0 0 0 0 0 0 0 0 0.005 0 0.001 0.003 0.004 0.002 0.004 0.001 0 0 0 0 0.002 0.001 0.031 0.017 0.009 0.008 0.001 0 0 0 0.006 0 0.003 0.004 0.001 0.111 0.093 0.118 0.111 0.001 0 0 0 0.01 0 0.003 0.004 0.007 0.001 0.008 0.008 0.005 0.001 0.003 0.002 0 0.001 0 0 0.004 0 0 0 0.136 0.539 0.605 0.445 0.441 0.043 0.457 0.421 0.187 0.078 0.341 0.446 0.153 0.626 0.467 0.506 0.701 0.002 0.002 0 0.001 0 0 0.002 0 0 0

2 bet 20, 1 raise 50, 2 call 50
0 0 0 0 0 0 0.433 0.423 0.43 0 0 0 0 0 0 0 0 0 0 0 0 0 0 0 0 0 0 0 0 0 0 0 0 0 0 0 0.024 0 0 0 0 0.192 0.079 0.023 0.089 0.733 0.721 0.754 0.195 0 0 0 0 0 0 0 0.068 0.158 0.018 0.086 0.705 0.747 0.764 0.178 0 0 0 0 0 0 0 0 0.034 0.036 0 0.055 0.747 0.776 0.793 0.051 0 0 0 0.024 0 0 0 0 0.084 0.088 0.037 0.229 0.715 0.743 0.774 0.218 0.839 0 0.855 0 0 0.785 0 0 0 0.822 0.732 0.059 0.058 0.013 0.674 0.759 0.056 0.023 0 0.701 0.705 0.057 0.042 0.011 0.659 0.533 0.584 0.345 0.273 0.22 0.222 0 0 0 0 0 0

1 raise 50, 2 raise 70
0.043 0.043 0.043 0.043 0.043 0.043 0.564 0.573 0.567 0.045 0.044 0.044 0.044 0.045 0.044 0.045 0.045 0.045 0.045 0.045 0.044 0.045 0.045 0.045 0.045 0.045 0.044 0.053 0.052 0.052 0.052 0.053 0.052 0.096 0.096 0.096 0.14 0.08 0.08 0.079 0.079 0.18 0.148 0.034 0.191 0.265 0.277 0.238 0.19 0.094 0.094 0.094 0.079 0.079 0.08 0.08 0.167 0.168 0.029 0.19 0.29 0.253 0.228 0.192 0.071 0.071 0.071 0.086 0.059 0.059 0.059 0.06 0.144 0.113 0.002 0.167 0.246 0.22 0.2 0.152 0.089 0.089 0.088 0.125 0.076 0.076 0.076 0.076 0.151 0.131 0.018 0.183 0.281 0.255 0.218 0.175 0.161 0.001 0.145 0 0 0.077 0.041 0.008 0 0.178 0.259 0.941 0.942 0.987 0.319 0.225 0.944 0.977 1 0.29 0.288 0.943 0.958 0.989 0.334 0.167 0.176 0.655 0.059 0.78 0.778 0.063 0.057 0.057 0.063 0.063 0.058

1 check, 2 bet 25
0.028 0.027 0.026 0.029 0.028 0.026 0.099 0.102 0.099 0.003 0.002 0.002 0.009 0.006 0.002 0.026 0.026 0.025 0.027 0.026 0.026 0.006 0.004 0.004 0.006 0.006 0.005 0.004 0.004 0.004 0.004 0.004 0.004 0.07 0.07 0.07 0.003 0.066 0.066 0.04 0.029 0.005 0.013 0.012 0.007 0 0 0.001 0.001 0.071 0.071 0.071 0.069 0.067 0.041 0.03 0.011 0.006 0.013 0.007 0.001 0 0.001 0.001 0.051 0.051 0.051 0.004 0.037 0.038 0.007 0.003 0.027 0.034 0.028 0.018 0.001 0.001 0.001 0.001 0.052 0.052 0.052 0.003 0.046 0.047 0.022 0.009 0.015 0.02 0.016 0.004 0.001 0.001 0.001 0.001 0 0.001 0 0.001 0.001 0 0.001 0.001 0.001 0 0.02 0.156 0.168 0.166 0.018 0.006 0.16 0.159 0.171 0.014 0.031 0.156 0.156 0.167 0.019 0 0 0.078 0.001 0.084 0.079 0.001 0.001 0.002 0.001 0.001 0.001

2 bet 25, 1 call 25
0 0 0 0 0 0 0 0 0 0 0 0 0 0 0 0 0 0 0 0.139 0 0.136 0.152 0 0.138 0.154 0.151 0 0 0 0.417 0 0.29 0.651 0.62 0.622 0.758 0.335 0 0 0 0 0.649 0.262 0.778 0.643 0.643 0.745 0.326 0 0 0 0.101 0 0.843 0.846 0.175 0.723 0.692 0.699 0.722 0.269 0 0 0 0.604 0 0.841 0.842 0.902 0.481 0.946 0.933 0.85 0.511 0.214 0.195 0.271 0 0.237 0.253 0.281 0.259 0.275 0.241 0.52 0.463 0.358 0.508 0.458 0.568 0.521 0.515 0.69 0.697 0.672 0.618 0.695 0.716 0.632 0.618 0.753 0.33 0.306 0.245 0.099 0.217 0.227 0.377 0.22 0.23 0.2

2 bet 25, 1 raise 90
0 0 0 0 0 0 0 0 0 0 0 0 0 0 0 0 0 0 0 0 0 0 0 0 0 0 0 0 0 0 0.001 0 0.001 0.01 0.01 0.008 0.242 0.001 0 0 0 0 0 0 0.221 0.016 0.013 0.255 0.001 0 0 0 0.001 0 0.001 0.001 0 0.189 0.146 0.156 0.277 0 0 0 0 0.003 0 0 0.001 0.001 0.002 0.05 0.061 0.15 0.002 0.019 0.004 0 0.002 0 0 0.05 0 0 0 0.428 0.537 0.09 0.492 0.542 0.414 0.479 0.485 0.31 0.303 0.328 0.382 0.304 0.225 0.368 0.382 0.217 0.009 0.005 0 0.002 0 0 0.011 0 0 0

2 bet 25, 1 raise 90, 2 call 90
0 0 0 0 0 0 1 1 1 0 0 0 0 0 0 0 0 0 0 0 0 0 0 0 0 0 0 0 0 0 0 0 0 0 0 0 0 0 0 0 0 0 0 0 0 0.997 0.858 0.862 0 0 0 0 0 0 0 0 0 0 0 0 0.804 0.999 0.861 0 0 0 0 0 0 0 0 0 0 0 0 0 0.765 0.816 0.94 0 0 0 0 0 0 0 0 0 0 0 0 0 0.898 0.972 0.974 0 0.614 0 0.608 0 0 0.318 0 0 0 0.652 1 1 1 1 1 1 1 1 1 1 1 1 1 1 1 0.578 0.61 1 0.529 1 1 0 0 0 0 0 0

root, 1 bet 7
0.125 0.056 0.157 0.444 0.493 0.501 0.451 0.525 0.573 0.415 0.534 0.367 0.381 0.533 0.392 0.395 0.351 0.56 0.634 0.429 0.552 0.429 0.426 0.579 0.422 0.426 0.422 0.468 0.48 0.554 0.406 0.421 0.697 0.456 0.444 0.447 0.779 0.445 0.492 0.509 0.587 0.437 0.573 0.735 0.421 0.468 0.466 0.776 0.537 0.624 0.618 0.685 0.459 0.57 0.571 0.573 0.728 0.452 0.436 0.443 0.804 0.45 0.442 0.459 0.54 0.488 0.403 0.575 0.597 0.584 0.733 0.472 0.463 0.481 0.452 0.283 0.223 0.735 0.153 0.743 0.738 0.176 0.78 0.748 0.765 0.428 0.384 0.443 0.459 0.385 0.522 0.449 0.467 0.682 0.627 0.653 0.668 0.641 0.681 0.66 0.696 0.675 0.469 0.405 0.592 0.36 0.618 0.588 0.467 0.619 0.56 0.595

1 bet 7, 2 call 7
0.637 0.252 0.356 0.561 0.636 0.245 0.304 0.367 0.284 0.184 0.007 0.01 0.143 0.182 0.007 0.32 0.106 0.13 0.272 0.305 0.098 0.143 0.012 0.022 0.117 0.136 0.012 0.037 0.005 0.007 0.017 0.035 0.005 0.015 0.023 0.017 0.904 0.001 0 0 0 0.998 0.726 0.851 0.671 1 0.956 0.958 0.774 0.116 0.155 0.144 0.002 0.001 0 0 0.783 0.997 0.913 0.695 0.999 0.816 0.994 0.807 0 0 0 0.385 0 0 0 0 0.785 0.726 0.836 0.763 0.995 0.991 0.869 0.73 0.004 0.004 0.004 0.962 0 0 0 0 0.734 0.713 0.889 0.973 0.969 0.926 0.944 0.755 1 0.849 1 0.683 0.943 1 0.627 0.856 0.659 1 0.851 0.495 0.836 0.437 0.998 0.88 0.752 0.503 0.567 0.99 0.981 0.59 0.478 0.571 1 1 0.944 0.996 0.999 0.996 0.997 0.25 0.109 0.124 0.105 0.106 0.029

1 bet 7, 2 raise 24
0.002 0.001 0.001 0.002 0.002 0.001 0.696 0.633 0.716 0.001 0 0 0 0 0 0 0 0 0 0 0 0 0 0 0 0 0 0.009 0.002 0.002 0.007 0.005 0.002 0.031 0.03 0.031 0.096 0.001 0 0 0 0.002 0.274 0.149 0.329 0 0.044 0.042 0.226 0.037 0.031 0.033 0.001 0 0 0 0.217 0.003 0.087 0.305 0.001 0.184 0.006 0.193 0 0 0 0.15 0 0 0 0 0.215 0.274 0.163 0.237 0.005 0.009 0.131 0.27 0.016 0.016 0.015 0.038 0.001 0 0 0 0.266 0.287 0.111 0.027 0.031 0.074 0.056 0.245 0 0.001 0 0 0 0 0 0.001 0 0 0.149 0.505 0.164 0.563 0.002 0.12 0.248 0.497 0.433 0.01 0.019 0.41 0.522 0.429 0 0 0.056 0.004 0.001 0.004 0.003 0.011 0.004 0.008 0.004 0.007 0.003

1 bet 7, 2 raise 24, 1 call  24
0.764 0.401 0.749 0 0 0 0 0 0 0.471 0 0.434 0.454 0 0.443 0.462 0.425 0 0 0.426 0 0.387 0.409 0 0.397 0.418 0.379 0 0 0 0.234 0 0.999 0.649 0.619 0.509 0.996 0.996 0 0 0 0 0.738 0.998 0.744 0.538 0.412 0.994 0.721 0 0 0 0.671 0 0.866 0.827 0.97 0.585 0.645 0.467 0.994 0.995 0 0 0 0.427 0 0.803 0.747 0.791 0.999 0.584 0.553 0.614 0.995 0.002 0.003 0.038 0 0.072 0.05 0.022 0.13 0.067 0.15 0.563 0.354 0.51 0.997 0.02 0.76 0.997 0.997 0.988 0.925 0.978 0.975 0.995 0.877 0.973 0.97 0.992 0.007 0.027 0.531 0.712 0.466 0.512 0.009 0.522 0.572 0.518

2 raise 24, 1 raise  83
0.234 0.002 0.249 0.003 0.002 0 0.003 0.001 0.001 0.001 0 0.001 0.001 0.001 0.001 0.001 0.001 0.001 0.001 0.001 0 0.001 0.001 0.001 0.001 0.001 0.002 0 0 0 0.766 0 0.001 0.351 0.38 0.49 0.003 0.003 0 0 0 0 0.261 0.001 0.256 0.462 0.587 0.005 0.279 0 0 0 0.326 0 0.134 0.173 0.001 0.414 0.354 0.532 0.004 0.001 0 0 0 0.573 0 0.197 0.253 0.209 0.001 0.415 0.447 0.386 0.005 0.994 0.984 0 0.516 0 0 0.959 0 0 0 0.435 0.646 0.484 0.003 0.98 0.239 0.003 0.003 0.009 0.075 0.012 0.025 0.004 0.033 0.027 0.03 0.007 0.992 0.971 0.001 0.286 0 0.001 0.99 0.001 0.001 0

root, 1 bet 10
0.349 0.431 0.331 0.462 0.448 0.428 0.471 0.433 0.4 0.398 0.369 0.386 0.385 0.433 0.396 0.394 0.385 0.37 0.346 0.528 0.271 0.504 0.532 0.381 0.522 0.527 0.513 0.44 0.494 0.431 0.448 0.47 0.294 0.406 0.392 0.394 0.214 0.352 0.431 0.471 0.397 0.403 0.368 0.252 0.396 0.404 0.399 0.217 0.393 0.357 0.367 0.3 0.445 0.307 0.37 0.363 0.261 0.399 0.384 0.385 0.182 0.492 0.455 0.499 0.448 0.419 0.484 0.35 0.353 0.361 0.258 0.4 0.389 0.385 0.391 0.218 0.255 0.262 0.256 0.254 0.26 0.304 0.217 0.249 0.233 0.459 0.46 0.471 0.45 0.445 0.399 0.451 0.438 0.297 0.349 0.313 0.305 0.345 0.289 0.313 0.292 0.316 0.451 0.465 0.284 0.363 0.36 0.374 0.503 0.272 0.271 0.358

1 bet 10, 2 call 10
0.119 0.004 0.03 0.026 0.134 0.004 0.617 0.851 0.532 0 0 0 0 0 0 0.085 0.001 0.002 0.049 0.112 0.001 0.025 0 0.001 0.006 0.033 0 0.087 0.003 0.048 0.039 0.108 0.006 0 0 0 0.992 0 0 0 0 0.998 0.676 0.697 0.542 1 0.99 0.991 0.997 0.001 0.001 0.001 0 0 0 0 0.757 0.998 0.921 0.688 1 0.987 1 0.998 0 0 0 0.117 0 0 0 0 0.621 0.808 0.812 0.57 1 1 1 0.846 0 0 0 0.994 0 0 0 0 0.522 0.65 0.635 0.998 0.997 0.984 0.956 0.997 1 0.546 1 0.421 0.841 1 0.403 0.769 0.585 1 0.99 0.621 0.936 0.58 0.996 0.993 0.861 0.607 0.607 0.997 0.994 0.716 0.643 0.65 0.998 1 0.999 0.994 1 0.994 0.994 0.067 0.003 0.017 0.002 0.013 0.002

1 bet 10, 2 raise 30
0.001 0.001 0.001 0.001 0.001 0.001 0.383 0.149 0.468 0 0 0 0 0 0 0 0 0 0 0 0 0 0 0 0 0 0 0 0 0 0 0 0 0.029 0.029 0.028 0.006 0.002 0.001 0.001 0.001 0.002 0.189 0.045 0.273 0 0.01 0.009 0.003 0.031 0.031 0.03 0.004 0.001 0.001 0.002 0.166 0.002 0.027 0.241 0 0.013 0 0.002 0.002 0.002 0.002 0.094 0 0 0 0 0.114 0.083 0.023 0.192 0 0 0 0.147 0.027 0.027 0.027 0.005 0.002 0.001 0.001 0.001 0.198 0.185 0.032 0.002 0.003 0.016 0.044 0.003 0 0 0 0 0 0 0 0 0 0 0.01 0.379 0.064 0.42 0.004 0.007 0.139 0.393 0.393 0.003 0.006 0.284 0.357 0.35 0.002 0 0.001 0.006 0 0.006 0.006 0.001 0 0 0.001 0.001 0

1 bet 10, 2 raise 30, 1 call  30
0.386 0.009 0.407 0 0 0 0 0 0 0.196 0 0.166 0.183 0 0.176 0.194 0.163 0 0 0.102 0 0.077 0.088 0 0.085 0.101 0.079 0 0 0 0.249 0 0.585 0.372 0.338 0.312 0.667 0.47 0 0 0 0 0.501 0.452 0.325 0.3 0.269 0.655 0.445 0 0 0 0.429 0 0.501 0.513 0.476 0.378 0.382 0.337 0.63 0.389 0 0 0 0.312 0 0.485 0.478 0.495 0.579 0.357 0.313 0.295 0.493 0.023 0.004 0.001 0.001 0.001 0.001 0.125 0.001 0.001 0.001 0.378 0.078 0.259 0.556 0.008 0.532 0.571 0.561 0.517 0.547 0.386 0.502 0.629 0.316 0.492 0.476 0.646 0.018 0.061 0.201 0.445 0.076 0.091 0.02 0.183 0.203 0.077

2 raise 30, 1 raise  80
0.083 0.006 0.093 0.006 0.005 0.004 0.006 0.005 0.004 0.005 0.003 0.005 0.005 0.005 0.005 0.005 0.005 0.005 0.004 0.006 0.003 0.007 0.007 0.005 0.006 0.006 0.007 0.001 0.001 0.001 0.74 0.001 0.001 0.623 0.659 0.686 0.329 0.304 0.001 0.001 0.001 0.001 0.485 0.003 0.674 0.697 0.729 0.34 0.276 0.001 0.001 0.001 0.237 0.001 0.421 0.468 0.002 0.612 0.614 0.661 0.302 0.006 0.001 0.001 0.001 0.682 0.001 0.505 0.521 0.484 0.002 0.641 0.684 0.704 0.42 0.674 0.459 0.001 0.232 0.001 0.001 0.238 0.001 0.001 0.001 0.398 0.922 0.374 0.444 0.992 0.308 0.429 0.439 0.119 0.447 0.136 0.498 0.365 0.203 0.508 0.524 0.243 0.964 0.914 0.009 0.258 0.005 0.005 0.963 0.008 0.009 0.005

root, 1 bet 15
0.323 0.262 0.3 0.082 0.051 0.057 0.07 0.028 0.016 0.14 0.08 0.175 0.161 0.023 0.154 0.146 0.178 0.057 0.01 0.036 0.076 0.058 0.033 0.028 0.048 0.039 0.056 0.084 0.019 0.009 0.119 0.102 0.007 0.092 0.106 0.101 0.004 0.14 0.061 0.01 0.006 0.129 0.047 0.011 0.112 0.089 0.084 0.003 0.06 0.009 0.007 0.006 0.083 0.102 0.051 0.056 0.009 0.091 0.112 0.102 0.006 0.053 0.095 0.035 0.006 0.084 0.107 0.056 0.039 0.047 0.008 0.086 0.096 0.086 0.108 0.217 0.277 0.001 0.306 0.001 0.001 0.292 0.001 0.002 0.001 0.081 0.091 0.068 0.086 0.092 0.056 0.094 0.089 0.015 0.022 0.026 0.018 0.012 0.024 0.017 0.006 0.007 0.077 0.123 0.079 0.232 0.011 0.03 0.026 0.07 0.079 0.038

1 bet 15, 2 call 15
0 0 0 0 0 0 0.989 0.995 0.985 0 0 0 0 0 0 0 0 0 0 0 0 0 0 0 0 0 0 0.004 0.002 0.003 0.005 0.01 0.004 0 0 0 0.993 0 0 0 0 0.996 0.434 0.358 0.305 1 0.997 0.996 0.997 0 0 0 0 0 0 0 0.475 0.994 0.559 0.501 1 1 0.999 0.997 0 0 0 0.011 0 0 0 0 0.415 0.576 0.642 0.456 0.999 0.999 0.998 0.487 0 0 0 0.995 0 0 0 0 0.184 0.373 0.295 0.995 0.998 0.998 0.996 0.997 1 0.175 1 0.064 0.321 1 0.115 0.326 0.238 1 1 0.873 0.987 0.936 1 1 0.969 0.919 0.906 1 1 0.927 0.944 0.955 1 1 1 1 1 1 1 0.01 0.015 0.022 0.005 0.008 0.014

1 bet 15, 2 raise 40
0 0 0 0 0 0 0.011 0.005 0.015 0 0 0 0 0 0 0 0 0 0 0 0 0 0 0 0 0 0 0 0 0 0 0 0 0.007 0.007 0.007 0.001 0 0.001 0 0.001 0.004 0.011 0.007 0.011 0 0.003 0.004 0.003 0.01 0.01 0.01 0.004 0.003 0 0.002 0.017 0.006 0.007 0.01 0 0 0.001 0.003 0.007 0.007 0.007 0.004 0 0.001 0 0 0.027 0.016 0.007 0.017 0.001 0.001 0.002 0.006 0.006 0.006 0.006 0.001 0 0.001 0 0 0.014 0.009 0.006 0.005 0.002 0.002 0.004 0.003 0 0 0 0 0 0 0 0 0 0 0 0.127 0.013 0.064 0 0 0.031 0.081 0.094 0 0 0.073 0.056 0.045 0 0 0 0 0 0 0 0 0 0 0 0 0

1 bet 15, 2 raise 40, 1 call  40
0.04 0.002 0.019 0.001 0.001 0.001 0.001 0.001 0.001 0.003 0.001 0.003 0.003 0.001 0.003 0.003 0.003 0.001 0.001 0.003 0.001 0.003 0.003 0.001 0.003 0.003 0.003 0 0 0 0.053 0 0.121 0.064 0.048 0.041 0.283 0.05 0 0 0 0 0.156 0.072 0.059 0.069 0.058 0.257 0.021 0 0 0 0.003 0 0.139 0.142 0.006 0.057 0.052 0.036 0.218 0.007 0 0 0 0.049 0 0.133 0.152 0.132 0.091 0.079 0.06 0.021 0.059 0.028 0.001 0.001 0.002 0.001 0.001 0.003 0.001 0 0 0.205 0.003 0.141 0.297 0.002 0.203 0.299 0.301 0.074 0.197 0.008 0.214 0.194 0.043 0.219 0.219 0.181 0.087 0.072 0.004 0.093 0.003 0.003 0.081 0.004 0.004 0.003

2 raise 40, 1 raise  75
0.013 0.007 0.015 0.008 0.006 0.005 0.008 0.007 0.006 0.008 0.005 0.008 0.008 0.007 0.008 0.008 0.008 0.007 0.006 0.008 0.005 0.009 0.008 0.007 0.008 0.008 0.009 0.003 0.003 0.003 0.509 0.003 0.296 0.828 0.888 0.903 0.538 0.247 0.002 0.002 0.002 0.002 0.815 0.203 0.923 0.861 0.881 0.426 0.173 0.001 0.001 0.001 0.212 0.001 0.809 0.8 0.005 0.825 0.849 0.877 0.451 0.006 0.003 0.003 0.003 0.512 0.003 0.844 0.828 0.829 0.113 0.837 0.89 0.968 0.245 0.39 0.308 0.003 0.173 0.003 0.004 0.224 0.003 0.003 0.004 0.526 0.997 0.498 0.703 0.998 0.471 0.701 0.699 0.113 0.166 0.055 0.786 0.159 0.164 0.781 0.781 0.177 0.407 0.37 0.009 0.227 0.009 0.009 0.414 0.009 0.009 0.009

root, 1 bet 20
0.203 0.241 0.212 0.003 0.002 0.002 0.002 0.003 0.002 0.043 0.003 0.068 0.069 0.002 0.054 0.061 0.083 0.003 0.003 0.004 0.086 0.005 0.004 0.003 0.005 0.004 0.006 0.003 0.001 0.001 0.025 0.001 0 0.04 0.054 0.053 0.001 0.062 0.01 0.004 0.003 0.022 0.008 0 0.065 0.034 0.045 0 0.01 0.003 0.002 0.002 0.012 0.01 0.005 0.005 0 0.048 0.062 0.062 0.002 0.004 0.003 0.002 0.002 0.008 0.002 0.016 0.008 0.005 0 0.036 0.048 0.043 0.049 0.251 0.236 0 0.27 0 0 0.222 0 0 0 0.029 0.056 0.013 0.003 0.061 0.02 0.003 0.003 0.004 0 0.003 0.006 0 0.003 0.006 0.001 0 0.003 0.006 0.038 0.044 0.002 0.003 0.004 0.028 0.085 0.003

1 bet 20, 2 call 20
0 0 0 0 0 0 0.82 0.966 0.78 0 0 0 0 0 0 0 0 0 0 0 0 0 0 0 0 0 0 0 0 0 0 0 0 0 0 0 0.597 0 0 0 0 0.994 0.168 0.149 0.124 0.999 0.878 0.828 0.904 0 0 0 0 0 0 0 0.105 0.996 0.34 0.314 0.886 0.998 0.944 0.873 0 0 0 0.021 0 0 0 0 0.279 0.464 0.465 0.424 0.891 0.967 0.97 0.121 0 0 0 0.621 0 0 0 0 0.015 0.212 0.192 0.995 0.657 0.95 0.916 0.882 0.998 0 0.998 0 0.001 0.998 0 0.001 0 0.998 0.998 0.855 0.97 0.858 0.999 0.993 0.881 0.856 0.842 0.996 0.999 0.847 0.851 0.84 1 1 0.999 0.999 0.996 0.999 0.999 0 0 0 0 0 0

1 bet 20, 2 raise 50
0 0 0 0 0 0 0.18 0.034 0.22 0 0 0 0 0 0 0 0 0 0 0 0 0 0 0 0 0 0 0 0 0 0 0 0 0.012 0.012 0.012 0.001 0.004 0.011 0.003 0.002 0.003 0.004 0.003 0.005 0 0.033 0.057 0.041 0.015 0.015 0.015 0.014 0.014 0.003 0.002 0.004 0.003 0.003 0.004 0.002 0.001 0.007 0.038 0.032 0.033 0.033 0.003 0.005 0.03 0.003 0.002 0.005 0.005 0.004 0.007 0.002 0.005 0.003 0.037 0.012 0.012 0.012 0.001 0.003 0.011 0.002 0.002 0.004 0.004 0.003 0.004 0.002 0.003 0.008 0.026 0.002 0 0.002 0 0 0.002 0 0 0 0.002 0.001 0.145 0.03 0.142 0 0.004 0.119 0.144 0.158 0.002 0 0.153 0.149 0.16 0 0 0.001 0.001 0.001 0.001 0.001 0 0 0 0 0 0

1 bet 20, 2 raise 50, 1 call  50
0.003 0.001 0.003 0 0 0 0 0 0 0 0 0 0 0 0 0 0 0 0 0 0 0 0 0 0 0 0 0 0 0 0.014 0 0.021 0.058 0.048 0.054 0.002 0.045 0 0 0 0 0.146 0.003 0.016 0.028 0.036 0.114 0.018 0 0 0 0 0 0.226 0.187 0.001 0.03 0.035 0.024 0.009 0.001 0 0 0 0 0 0.135 0.094 0.158 0.007 0.058 0.041 0.01 0.044 0 0 0.001 0 0.001 0.001 0 0.001 0.001 0.001 0.087 0.041 0.046 0.097 0.052 0.07 0.069 0.101 0.029 0.032 0.01 0.039 0.012 0.006 0.042 0.039 0.006 0.001 0 0.001 0 0.001 0.001 0.001 0.001 0.001 0.001

2 raise 50, 1 raise  70
0.066 0.023 0.075 0.006 0.006 0.003 0.006 0.005 0.005 0.012 0.002 0.012 0.012 0.005 0.012 0.012 0.012 0.005 0.005 0.017 0.003 0.017 0.017 0.005 0.016 0.017 0.017 0.002 0.002 0.003 0.642 0.003 0.354 0.898 0.928 0.928 0.952 0.021 0.004 0.004 0.004 0.003 0.849 0.284 0.973 0.954 0.95 0.539 0.041 0.002 0.002 0.002 0.433 0.002 0.765 0.806 0.035 0.888 0.922 0.95 0.523 0.01 0.002 0.002 0.002 0.66 0.003 0.859 0.901 0.836 0.384 0.921 0.941 0.984 0.083 0.049 0.036 0.035 0.017 0.039 0.036 0.058 0.034 0.033 0.035 0.843 0.959 0.825 0.903 0.948 0.901 0.931 0.899 0.253 0.28 0.199 0.961 0.185 0.196 0.958 0.961 0.199 0.049 0.035 0.018 0.017 0.021 0.018 0.043 0.024 0.019 0.023

root, 1 bet 25
0 0.01 0 0.009 0.006 0.012 0.006 0.011 0.007 0.003 0.013 0.003 0.003 0.008 0.003 0.003 0.003 0.01 0.006 0.002 0.011 0.002 0.002 0.008 0.002 0.002 0.002 0.005 0.004 0.004 0.001 0.003 0 0.006 0.004 0.005 0.001 0 0.006 0.005 0.005 0.004 0.002 0 0.005 0.005 0.006 0.001 0 0.005 0.004 0.004 0.001 0.004 0.003 0.003 0.001 0.009 0.005 0.008 0.002 0.001 0.003 0.003 0.003 0.001 0.002 0.002 0.002 0.002 0 0.006 0.004 0.004 0 0.031 0.008 0 0.015 0 0 0.006 0 0 0 0.003 0.008 0.005 0.001 0.016 0.003 0.001 0.001 0 0.001 0.001 0.002 0.001 0.001 0.002 0.002 0.001 0.001 0.001 0.004 0.001 0.004 0.003 0.001 0.003 0.002 0.002

1 bet 25, 2 call 25
0.001 0.001 0.001 0.001 0.001 0.001 0.588 0.652 0.593 0.001 0 0 0.001 0.001 0 0.001 0.001 0.001 0.001 0.001 0.001 0.001 0.001 0.001 0.001 0.003 0.001 0 0 0 0 0.001 0 0.001 0.001 0.001 0.119 0 0 0 0 0.392 0.262 0.23 0.256 0.995 0.768 0.775 0.404 0.001 0.001 0.001 0 0 0 0 0.244 0.396 0.231 0.257 0.644 0.993 0.908 0.384 0 0 0 0.032 0 0 0 0 0.198 0.216 0.213 0.206 0.596 0.79 0.858 0.158 0.001 0.001 0.001 0.118 0 0 0 0 0.235 0.257 0.225 0.388 0.593 0.821 0.835 0.394 0.987 0.053 0.982 0.041 0.063 0.979 0.051 0.071 0.06 0.97 0.988 0.563 0.766 0.503 0.991 0.798 0.649 0.547 0.515 0.873 0.988 0.559 0.526 0.498 0.988 0.987 0.991 0.996 0.518 0.997 0.996 0.009 0.008 0.008 0.008 0.009 0.008

1 bet 25, 2 raise 90
0.002 0.002 0.002 0.002 0.002 0.002 0.412 0.348 0.407 0.002 0.001 0.001 0.002 0.002 0.001 0.002 0.002 0.002 0.002 0.002 0.002 0.001 0.001 0.001 0.001 0.001 0.001 0 0 0.001 0 0.001 0.001 0.003 0.003 0.003 0.02 0.002 0.002 0.002 0.001 0.184 0.01 0.013 0.018 0.003 0.005 0.02 0.102 0.003 0.003 0.003 0.002 0.002 0.002 0.002 0.005 0.193 0.014 0.022 0.004 0.005 0.018 0.096 0.003 0.003 0.003 0.024 0.002 0.002 0.002 0.002 0.081 0.1 0.097 0.111 0.007 0.053 0.109 0.056 0.003 0.003 0.003 0.017 0.003 0.002 0.002 0.002 0.004 0.007 0.01 0.202 0.004 0.005 0.017 0.083 0.012 0.001 0.017 0.001 0.001 0.019 0.001 0.002 0.001 0.029 0.005 0.437 0.234 0.497 0.005 0.2 0.351 0.453 0.485 0.123 0.004 0.441 0.474 0.502 0.004 0.001 0.003 0.004 0.026 0.003 0.004 0.002 0.002 0.002 0.002 0.002 0.002

1 bet 25, 2 raise 90, 1 call  90
0.003 0.001 0.003 0 0 0 0 0 0 0.001 0 0.001 0.001 0 0.001 0.001 0.001 0 0 0.002 0 0.002 0.002 0 0.002 0.002 0.002 0 0 0 0.995 0 0.008 1 0.998 1 1 0.001 0 0 0 0 1 0.007 1 0.998 1 0.999 0.001 0 0 0 0.088 0 1 1 0.003 0.999 0.739 1 0.613 0 0 0 0 0.997 0 1 1 1 0.009 1 0.998 1 0.001 0 0 0.004 0 0.006 0.006 0 0.004 0.004 0.006 0.58 1 0.206 1 1 0.759 1 1 0.047 0.231 0.037 1 0.169 0.094 1 1 0.131 0 0 0.004 0 0.005 0.005 0 0.004 0.004 0.005
