game = '6-max Cash', preflop situation = 'MP openraise BB 3bet MP call', stack = '90', pot = '20', bets = '33 50 75 100 125'

OOP preflop range
6c5c_0.25 6h5h_0.25 6s5s_0.25 7c6c_0.50 7d6d_0.50 7h6h_0.50 7s6s_0.50 8c7c_0.50 8d7d_0.50 8d8c_0.25 8h7h_0.50 8h8c_0.25 8h8d_0.25 8s7s_0.50 8s8c_0.25 8s8d_0.25 8s8h_0.25 9c8c_0.25 9d8d_0.25 9d9c_0.25 9h8h_0.25 9h9c_0.25 9h9d_0.25 9s8s_0.25 9s9c_0.25 9s9d_0.25 9s9h_0.25 Ac2c_0.50 Ac3c_0.25 Ac4c_0.25 Ac5c_0.50 Ac6c_0.50 AcJc_0.50 AcKc_1 AcKd_0.75 AcKh_0.75 AcQc_1 AcTc_0.25 Ad2d_0.50 Ad3d_0.25 Ad4d_0.25 Ad6d_0.50 AdAc_1 AdJd_0.50 AdKc_0.75 AdKd_1 AdKh_0.75 AdQd_1 AdTd_0.25 Ah2h_0.50 Ah3h_0.25 Ah4h_0.25 Ah5h_0.50 Ah6h_0.50 AhAc_1 AhAd_1 AhJh_0.50 AhKc_0.75 AhKd_0.75 AhKh_1 AhQh_1 AhTh_0.25 As2s_0.50 As3s_0.25 As4s_0.25 As5s_0.50 As6s_0.50 AsAc_1 AsAd_1 AsAh_1 AsJs_0.50 AsKc_0.75 AsKd_0.75 AsKh_0.75 AsTs_0.25 Jc9c_0.25 Jd9d_0.25 JdJc_0.75 Jh9h_0.25 JhJc_0.75 JhJd_0.75 Js9s_0.25 JsJc_0.75 JsJd_0.75 JsJh_0.75 KcJc_0.75 KcQc_1 KdJd_0.75 KdKc_1 KdQd_1 KhJh_0.75 KhKc_1 KhKd_1 KhQh_1 QcJc_0.75 QcTc_0.25 QdJd_0.75 QdQc_1 QdTd_0.25 QhJh_0.75 QhQc_1 QhQd_1 QhTh_0.25 Tc9c_0.25 Td9d_0.25 TdTc_0.50 Th9h_0.25 ThTc_0.50 ThTd_0.50 Ts9s_0.25 TsTc_0.50 TsTd_0.50 TsTh_0.50

IP preflop range
4d4c_0.25 4h4c_0.25 4h4d_0.25 4s4c_0.25 4s4d_0.25 4s4h_0.25 5h5c_0.25 5s5c_0.25 5s5h_0.25 6d6c_0.50 6h6c_0.50 6h6d_0.50 6s6c_0.50 6s6d_0.50 6s6h_0.50 7d7c_0.50 7h7c_0.50 7h7d_0.50 7s7c_0.50 7s7d_0.50 7s7h_0.50 8d8c_1 8h8c_1 8h8d_1 8s8c_1 8s8d_1 8s8h_1 9d9c_1 9h9c_1 9h9d_1 9s9c_1 9s9d_1 9s9h_1 Ac2c_1 Ac3c_1 Ac4c_1 Ac5c_1 Ac6c_1 Ac7c_1 Ac8c_1 Ac9c_1 AcJc_0.75 AcJd_1 AcJh_1 AcJs_1 AcQc_0.50 AcQd_1 AcQh_1 AcTc_1 Ad2d_1 Ad3d_1 Ad4d_1 Ad6d_1 Ad7d_1 Ad8d_1 Ad9d_1 AdJc_1 AdJd_0.75 AdJh_1 AdJs_1 AdQc_1 AdQd_0.50 AdQh_1 AdTd_1 Ah2h_1 Ah3h_1 Ah4h_1 Ah5h_1 Ah6h_1 Ah7h_1 Ah8h_1 Ah9h_1 AhJc_1 AhJd_1 AhJh_0.75 AhJs_1 AhQc_1 AhQd_1 AhQh_0.50 AhTh_1 As2s_1 As3s_1 As4s_1 As5s_1 As6s_1 As7s_1 As8s_1 As9s_1 AsJc_1 AsJd_1 AsJh_1 AsJs_0.75 AsQc_1 AsQd_1 AsQh_1 AsTs_1 JcTc_0.50 JdJc_1 JdTd_0.50 JhJc_1 JhJd_1 JhTh_0.50 JsJc_1 JsJd_1 JsJh_1 JsTs_0.50 KcJc_1 KcQc_1 KcQd_1 KcQh_1 KcTc_0.50 KdJd_1 KdQc_1 KdQd_1 KdQh_1 KdTd_0.50 KhJh_1 KhQc_1 KhQd_1 KhQh_1 KhTh_0.50 QcJc_0.50 QdJd_0.50 QdQc_1 QhJh_0.50 QhQc_1 QhQd_1 TdTc_1 ThTc_1 ThTd_1 TsTc_1 TsTd_1 TsTh_1

root, 1 check
0 0 0 0 0 0 0.001 0 0 0 0 0 0 0.001 0 0 0 0.008 0 0.001 0.008 0.002 0.001 0 0 0 0 0 0 0.001 0 0.007 0.001 0 0 0 0.003 0 0.002 0 0.001 0.005 0.001 0.001 0 0 0 0.002 0 0 0 0.001 0 0.007 0.001 0.001 0.001 0 0 0 0.003 0 0 0 0 0.001 0 0.001 0.001 0.001 0.003 0.001 0.001 0.001 0.005 0 0 0.001 0 0.001 0.001 0.001 0.002 0.002 0.002 0.001 0 0 0 0 0.001 0 0 0 0.001 0 0.002 0.002 0 0.001 0.002 0.002 0 0 0 0.001 0 0.004 0.001 0 0.003 0.004 0.003

1 check, 2 check
0.816 0.834 0.816 0.901 0.884 0.901 0.194 0.18 0.18 0.984 0.998 0.984 0.928 0.868 0.928 0.773 0.766 0.773 0.805 0.811 0.805 0.815 0.819 0.815 0.812 0.81 0.812 0.886 0.893 0.886 0.796 0.794 0.796 0.681 0.68 0.678 0.96 0.706 0.722 0.803 0.886 0.945 0.931 0.946 0.882 0.875 0.965 0.93 0.997 0.6 0.602 0.601 0.596 0.612 0.639 0.678 0.871 0.907 0.871 0.837 0.999 0.788 0.999 0.999 0.681 0.68 0.678 0.96 0.706 0.722 0.803 0.886 0.946 0.931 0.945 0.882 0.93 0.965 0.875 0.997 0.517 0.522 0.528 0.779 0.614 0.786 0.761 0.756 0.806 0.785 0.806 0.533 0.897 0.857 0.897 0.657 0.873 0.802 0.78 0.812 0.802 0.873 0.84 0.821 0.84 0.885 0.874 0.246 0.251 0.245 0.831 0.699 0.258 0.26 0.258 0.67 0.874 0.245 0.251 0.246 0.831 1 1 0.357 1 0.356 0.357 0.776 0.781 0.776 0.806 0.803 0.806

1 check, 2 bet 7
0.036 0.032 0.036 0.032 0.039 0.032 0.214 0.228 0.228 0.008 0 0.008 0.017 0.033 0.017 0.058 0.058 0.058 0.039 0.041 0.039 0.044 0.04 0.044 0.046 0.05 0.046 0.043 0.038 0.043 0.067 0.074 0.067 0.08 0.079 0.08 0.001 0.072 0.063 0.047 0.048 0.019 0.017 0.014 0.065 0.04 0.017 0.033 0.002 0.085 0.084 0.084 0.089 0.077 0.095 0.115 0.07 0.069 0.07 0.106 0 0.105 0 0.001 0.08 0.079 0.08 0.001 0.072 0.063 0.047 0.048 0.014 0.017 0.019 0.065 0.033 0.017 0.04 0.002 0.167 0.165 0.165 0.197 0.153 0.102 0.111 0.113 0.103 0.117 0.103 0.351 0.078 0.091 0.078 0.146 0.102 0.155 0.148 0.151 0.155 0.102 0.13 0.139 0.13 0.068 0.06 0.167 0.175 0.166 0.064 0.151 0.17 0.19 0.17 0.132 0.06 0.166 0.175 0.167 0.064 0 0 0.282 0 0.265 0.282 0.085 0.088 0.085 0.097 0.094 0.097

2 bet 7, 1 call 7
0 0 0.993 0 0.019 0 1 0 0.014 0.674 0 0.554 0.674 1 0.453 0.576 0.453 0 0 0.547 0 0.438 0.547 1 0.366 0.491 0.366 0.001 0.001 0 0.99 0 0.999 0.001 0.133 0.001 0.713 0.998 0.322 0.347 0.33 0.035 0.753 1 0.427 0.39 0.427 0.997 0.999 0.001 0.001 0 0.99 0 0.182 0.753 0.999 0.001 0.133 0.001 0.713 0.998 0.996 0.997 0.997 0.997 0.996 0.999 1 0.999 1 1 1 1 0.999 0.993 0.994 0.999 0.993 0.999 0.999 0.999 0.999 0.999 0.999 0.999 0 0.999 0 0 0.999 0 0 0 0.276 0.558 0.97 0.311 1 0.276 0.344 0.311 0.558 0.932 0.991 0.38 0.932 0.416 0.38 0.999 0.571 0.576 0.571

2 bet 7, 1 raise 24
0.999 0.999 0.007 0.322 0.953 0.322 0 0.001 0.197 0.319 0.001 0.439 0.319 0 0.547 0.424 0.546 0 0.001 0.407 0 0.548 0.407 0 0.633 0.509 0.633 0 0 0 0.009 0 0 0.999 0.867 0.999 0.287 0.002 0 0 0 0 0.247 0 0.573 0.61 0.573 0.003 0.001 0 0 0 0.009 0 0.818 0.247 0 0.999 0.867 0.999 0.287 0.002 0.004 0.003 0.003 0.003 0.004 0.001 0 0.001 0 0 0 0 0.001 0.004 0.005 0 0.004 0 0 0.001 0 0 0 0 1 0.001 1 1 0 1 1 1 0.724 0.442 0.03 0.689 0 0.724 0.656 0.689 0.442 0.068 0.009 0.62 0.068 0.583 0.62 0.001 0.429 0.424 0.429

2 bet 7, 1 raise 24, 2 call 24
0 0 0 0 0 0 0.482 0.437 0.437 0 0 0 0.051 0.069 0.051 0 0 0 0.071 0.08 0.071 0 0 0 0.089 0.092 0.089 0.046 0.036 0.046 0.089 0.094 0.089 0 0 0 0 0 0 0 0 0.27 0.271 0.265 0.371 0.497 0.493 0.474 0.304 0 0 0 0 0 0 0 0.279 0.333 0.279 0.387 0.524 0.674 0.524 0.365 0 0 0 0 0 0 0 0 0.265 0.271 0.27 0.371 0.474 0.493 0.497 0.304 0.529 0.529 0.528 0.43 0.622 0.679 0.662 0.653 0.429 0.436 0.429 0.395 0.61 0.613 0.61 0.496 1 0.134 1 0.132 0.134 1 0.184 0.187 0.184 0.68 0.637 0.054 0.207 0.048 0.622 0.691 0.118 0.329 0.118 0.671 0.637 0.048 0.207 0.054 0.622 0.359 0.555 0.682 0.359 0.628 0.682 0.066 0.059 0.066 0.065 0.077 0.065

1 raise 24, 2 raise 83
0 0 0 0 0 0 0.517 0.563 0.563 0 0 0 0 0 0 0 0 0 0 0 0 0 0 0 0 0 0 0 0 0 0 0 0 0.001 0.001 0.001 0.001 0 0 0 0 0.003 0.008 0.003 0.016 0.282 0.255 0.245 0 0 0 0 0 0 0 0 0.001 0.012 0.001 0.008 0.27 0.326 0.27 0 0.001 0.001 0.001 0.001 0 0 0 0 0.003 0.008 0.003 0.016 0.245 0.255 0.282 0 0.471 0.471 0.472 0.57 0.378 0.321 0.338 0.347 0.001 0.001 0.001 0.605 0.39 0.387 0.39 0.504 0 0 0 0 0 0 0 0 0 0.32 0.362 0.946 0.793 0.952 0.376 0.309 0.882 0.671 0.882 0.329 0.362 0.952 0.793 0.946 0.376 0.046 0.069 0.318 0.046 0.372 0.318 0 0 0 0 0 0

1 check, 2 bet 10
0.044 0.039 0.044 0.035 0.04 0.035 0.224 0.223 0.223 0.004 0 0.004 0.03 0.043 0.03 0.052 0.052 0.052 0.057 0.056 0.057 0.044 0.043 0.044 0.057 0.057 0.057 0.03 0.028 0.03 0.056 0.057 0.056 0.073 0.074 0.074 0.024 0.06 0.056 0.037 0.022 0.026 0.028 0.027 0.043 0.048 0.012 0.037 0.001 0.101 0.101 0.101 0.094 0.09 0.083 0.077 0.054 0.024 0.054 0.055 0 0.099 0 0 0.073 0.074 0.074 0.024 0.06 0.056 0.037 0.022 0.027 0.028 0.026 0.043 0.037 0.012 0.048 0.001 0.168 0.166 0.167 0.017 0.134 0.076 0.08 0.088 0.076 0.082 0.076 0.099 0.02 0.033 0.02 0.115 0.023 0.042 0.067 0.037 0.042 0.023 0.029 0.039 0.029 0.027 0.045 0.166 0.174 0.166 0.057 0.096 0.162 0.171 0.162 0.118 0.045 0.166 0.174 0.166 0.057 0 0 0.176 0 0.162 0.176 0.089 0.089 0.089 0.084 0.086 0.084

2 bet 10, 1 call 10
0.006 0.006 0.526 0 0.197 0 0.999 0 0 0.944 0 0.941 0.944 0.999 0.986 0.989 0.986 0 0 0.642 0 0.688 0.642 0.999 0.962 0.972 0.962 0 0 0 0.992 0 0.998 0.007 0.315 0.006 0.981 0.996 0.002 0.004 0.002 0 0.918 0.999 0.586 0.648 0.586 0.996 0.998 0 0 0 0.992 0 0.352 0.918 0.998 0.006 0.315 0.007 0.981 0.996 0.99 0.99 0.991 0.985 0.989 0.999 0.999 0.999 0.997 0.999 0.999 0.999 0.998 0.985 0.995 0.995 0.985 0.993 0.995 0.999 0.997 0.998 0.997 0.996 0.001 0.998 0.182 0.001 0.996 0.247 0.182 0.001 0.859 0.993 0.998 0.518 0.998 0.859 0.539 0.518 0.993 0.99 0.996 0.74 0.99 0.662 0.74 0.998 0.981 0.98 0.981

2 bet 10, 1 raise 30
0.989 0.989 0.474 0 0.001 0 0.001 0 0 0 0 0.001 0 0.001 0.007 0.005 0.007 0 0 0 0 0.001 0 0.001 0.029 0.017 0.029 0 0 0 0.001 0 0 0.993 0.685 0.993 0.019 0 0 0 0 0 0.081 0 0.414 0.352 0.414 0.004 0 0 0 0 0.001 0 0.648 0.081 0 0.993 0.685 0.993 0.019 0 0.01 0.01 0.009 0.015 0.01 0.001 0.001 0.001 0.003 0.001 0.001 0.001 0.002 0.004 0.002 0.001 0.004 0.001 0.001 0.001 0.001 0.001 0.001 0.004 0.999 0.002 0.818 0.999 0.004 0.753 0.818 0.999 0.141 0.006 0.002 0.482 0.002 0.141 0.461 0.482 0.006 0.002 0.002 0.004 0.002 0.003 0.004 0.002 0.014 0.016 0.014

2 bet 10, 1 raise 30, 2 call 30
0 0 0 0 0 0 0.382 0.43 0.43 0 0 0 0 0 0 0 0 0 0 0 0 0 0 0 0 0 0 0 0 0 0 0 0 0 0 0 0 0 0 0 0 0.073 0.088 0.06 0.182 0.483 0.474 0.446 0.185 0 0 0 0 0 0 0 0.092 0.201 0.092 0.211 0.494 0.615 0.494 0.237 0 0 0 0 0 0 0 0 0.06 0.088 0.073 0.182 0.446 0.474 0.483 0.185 0.355 0.355 0.354 0.235 0.45 0.495 0.481 0.467 0.267 0.284 0.267 0.218 0.552 0.56 0.552 0.184 0.889 0 1 0 0 0.889 0 0 0 0.518 0.628 0.003 0.211 0.003 0.56 0.655 0.057 0.33 0.057 0.578 0.628 0.003 0.211 0.003 0.56 0.175 0.508 0.484 0.175 0.395 0.484 0 0 0 0 0 0

1 raise 30, 2 raise 80
0 0 0 0 0 0 0.608 0.564 0.564 0 0 0 0 0 0 0 0 0 0 0 0 0 0 0 0 0 0 0 0 0 0 0 0 0 0 0 0 0 0 0 0 0 0 0 0 0.361 0.316 0.296 0 0 0 0 0 0 0 0 0 0.001 0 0.001 0.331 0.38 0.331 0 0 0 0 0 0 0 0 0 0 0 0 0 0.296 0.316 0.361 0 0.64 0.64 0.641 0.762 0.545 0.501 0.514 0.528 0.001 0.004 0.001 0.782 0.436 0.433 0.436 0.815 0 0 0 0 0 0 0 0 0 0.482 0.351 0.995 0.788 0.995 0.42 0.328 0.942 0.67 0.942 0.403 0.351 0.995 0.788 0.995 0.42 0.052 0.062 0.516 0.052 0.605 0.516 0 0 0 0 0 0

1 check, 2 bet 15
0.047 0.044 0.047 0.024 0.027 0.024 0.25 0.225 0.225 0.004 0.001 0.004 0.02 0.031 0.02 0.051 0.053 0.051 0.047 0.045 0.047 0.043 0.043 0.043 0.045 0.044 0.045 0.022 0.022 0.022 0.041 0.04 0.041 0.063 0.063 0.064 0.013 0.058 0.056 0.04 0.014 0.007 0.021 0.01 0.009 0.036 0.006 0 0 0.084 0.084 0.085 0.084 0.082 0.071 0.055 0.004 0.001 0.004 0.002 0 0.008 0 0 0.063 0.063 0.064 0.013 0.058 0.056 0.04 0.014 0.01 0.021 0.007 0.009 0 0.006 0.036 0 0.105 0.104 0.099 0.006 0.07 0.022 0.029 0.032 0.013 0.014 0.013 0.011 0.004 0.013 0.004 0.065 0.001 0 0.005 0.001 0 0.001 0 0 0 0.02 0.018 0.147 0.154 0.147 0.043 0.046 0.144 0.147 0.144 0.068 0.018 0.147 0.154 0.147 0.043 0 0 0.075 0 0.071 0.075 0.037 0.037 0.037 0.013 0.016 0.013

2 bet 15, 1 call 15
0.933 0.933 0.209 0 0 0 0.998 0 0 0.544 0 0.59 0.544 0.998 0.952 0.944 0.952 0 0 0.422 0 0.462 0.422 0.998 0.893 0.867 0.893 0 0 0 0.98 0 0.995 0.988 0.99 0.988 0.859 0.994 0 0 0 0 0.989 0.996 0.992 0.993 0.992 0.972 0.997 0 0 0 0.98 0 0.944 0.989 0.995 0.988 0.99 0.988 0.859 0.994 0.979 0.981 0.985 0.296 0.981 0.996 0.997 0.996 0.945 0.996 0.997 0.996 0.991 0.988 0.997 0.499 0.988 0.423 0.499 0.997 0.935 0.962 0.935 0.96 0.612 0.996 0.44 0.593 0.96 0.444 0.44 0.612 0.48 0.522 0.916 0.53 0.931 0.48 0.518 0.53 0.522 0.986 0.995 0.219 0.986 0.183 0.219 0.997 0.608 0.644 0.608

2 bet 15, 1 raise 40
0.001 0.001 0.791 0 0 0 0.002 0 0 0 0 0 0 0.002 0 0 0 0 0 0 0 0 0 0.002 0 0 0 0 0 0 0 0 0 0.011 0.009 0.011 0.141 0 0 0 0 0 0.01 0 0.007 0.007 0.007 0.028 0 0 0 0 0 0 0.055 0.01 0 0.011 0.009 0.011 0.141 0 0.021 0.019 0.015 0.704 0.019 0.004 0.003 0.004 0.055 0.003 0.003 0.003 0.009 0 0 0 0 0 0 0.003 0.001 0.001 0.001 0.039 0.388 0.004 0.56 0.407 0.039 0.556 0.56 0.388 0.52 0.477 0.083 0.47 0.069 0.52 0.482 0.47 0.477 0 0 0 0 0 0 0.003 0 0 0

2 bet 15, 1 raise 40, 2 call 40
0 0 0 0 0 0 0.494 0.463 0.463 0 0 0 0 0 0 0 0 0 0 0 0 0 0 0 0 0 0 0 0 0 0 0 0 0 0 0 0 0 0 0 0 0.035 0.049 0.034 0.011 0.576 0.581 0.577 0.021 0 0 0 0 0 0 0 0.062 0.131 0.062 0.035 0.574 0.644 0.574 0.166 0 0 0 0 0 0 0 0 0.034 0.049 0.035 0.011 0.577 0.581 0.576 0.021 0.362 0.362 0.355 0.29 0.408 0.441 0.426 0.427 0.103 0.115 0.103 0.353 0.592 0.599 0.592 0.287 0.832 0 1 0 0 0.832 0 0 0 0.552 0.684 0.176 0.281 0.176 0.618 0.735 0.222 0.337 0.222 0.665 0.684 0.176 0.281 0.176 0.618 0.201 0.575 0.269 0.201 0.129 0.269 0 0 0 0 0 0

1 raise 40, 2 raise 75
0 0 0 0 0 0 0.504 0.535 0.535 0 0 0 0 0 0 0 0 0 0 0 0 0 0 0 0 0 0 0 0 0 0 0 0 0 0 0 0 0 0 0 0 0 0 0 0.028 0.423 0.418 0.422 0 0 0 0 0 0 0 0 0 0.018 0 0.041 0.425 0.356 0.425 0.001 0 0 0 0 0 0 0 0 0 0 0 0.028 0.422 0.418 0.423 0 0.638 0.638 0.645 0.71 0.592 0.559 0.573 0.573 0.019 0.07 0.019 0.647 0.407 0.401 0.407 0.713 0 0 0 0 0 0 0 0 0 0.448 0.313 0.823 0.719 0.823 0.38 0.263 0.777 0.662 0.777 0.334 0.313 0.823 0.719 0.823 0.38 0.046 0.137 0.731 0.046 0.871 0.731 0 0 0 0 0 0

1 check, 2 bet 20
0.016 0.012 0.016 0.001 0.001 0.001 0.117 0.12 0.12 0 0.001 0 0.001 0.008 0.001 0.024 0.026 0.024 0.023 0.021 0.023 0.018 0.017 0.018 0.017 0.016 0.017 0.001 0.001 0.001 0.012 0.011 0.012 0.035 0.035 0.036 0.002 0.035 0.035 0.019 0.001 0.002 0.002 0.002 0.001 0 0 0 0 0.041 0.041 0.042 0.045 0.045 0.035 0.016 0 0 0 0 0 0 0 0 0.035 0.035 0.036 0.002 0.035 0.035 0.019 0.001 0.002 0.002 0.002 0.001 0 0 0 0 0.04 0.04 0.038 0 0.026 0.012 0.018 0.008 0.001 0.001 0.001 0.005 0.001 0.005 0.001 0.016 0 0 0 0 0 0 0 0 0 0 0.002 0.086 0.087 0.086 0.004 0.007 0.083 0.081 0.083 0.011 0.002 0.086 0.087 0.086 0.004 0 0 0 0 0.006 0 0.001 0.001 0.001 0 0 0

2 bet 20, 1 call 20
0 0 0.23 0 0 0 0.987 0 0 0 0 0 0 0.991 0.165 0.151 0.165 0 0 0.012 0 0.013 0.012 0.993 0.279 0.267 0.279 0 0 0 0.347 0 0.857 0.629 0.669 0.629 0.552 0.924 0 0 0 0 0.533 0.731 0.592 0.818 0.592 0.75 0.852 0 0 0 0.347 0 0.794 0.533 0.857 0.629 0.669 0.629 0.552 0.924 0.661 0.67 0.687 0.17 0.684 0.882 0.964 0.882 0.591 0.934 0.939 0.934 0.586 0.659 0.996 0.068 0.659 0.011 0.068 0.959 0.353 0.385 0.353 0.625 0.476 0.964 0.265 0.454 0.625 0.272 0.265 0.476 0.228 0.207 0.523 0.308 0.546 0.228 0.295 0.308 0.207 0.428 0.967 0 0.428 0 0 0.963 0.264 0.283 0.264

2 bet 20, 1 raise 50
0.001 0.001 0.77 0 0 0 0.013 0 0 0 0 0 0 0.009 0 0 0 0 0 0 0 0 0 0.007 0 0 0 0 0 0 0.001 0 0 0.342 0.274 0.341 0.447 0 0 0 0 0 0.004 0 0.041 0.173 0.041 0.249 0 0 0 0 0.001 0 0.098 0.004 0 0.341 0.274 0.342 0.447 0 0.339 0.33 0.312 0.83 0.315 0.118 0.035 0.118 0.409 0.066 0.06 0.066 0.414 0 0 0 0 0 0 0.041 0 0 0 0.362 0.524 0.035 0.735 0.546 0.362 0.728 0.735 0.524 0.592 0.508 0.474 0.692 0.431 0.592 0.705 0.692 0.508 0 0 0 0 0 0 0.037 0 0 0

2 bet 20, 1 raise 50, 2 call 50
0 0 0 0 0 0 0.513 0.481 0.481 0 0 0 0 0 0 0 0 0 0 0 0 0 0 0 0 0 0 0 0 0 0 0 0 0 0 0 0 0 0 0 0 0.006 0 0.003 0 0.603 0.596 0.626 0 0 0 0 0 0 0 0 0.003 0.096 0.003 0 0.596 0.615 0.596 0.051 0 0 0 0 0 0 0 0 0.003 0 0.006 0 0.626 0.596 0.603 0 0.521 0.521 0.517 0.494 0.535 0.547 0.533 0.541 0 0 0 0.496 0.585 0.56 0.585 0.505 0.655 0 0.989 0 0 0.655 0 0 0 0.646 0.637 0.099 0.182 0.062 0.646 0.662 0.095 0.23 0.095 0.665 0.637 0.062 0.182 0.099 0.646 0.276 0.57 0.047 0.276 0.001 0.047 0 0 0 0 0 0

1 raise 50, 2 raise 70
0 0 0 0 0 0 0.487 0.519 0.519 0 0 0 0 0 0 0 0 0 0 0 0 0 0 0 0 0 0 0 0 0 0 0 0 0 0 0 0 0 0 0 0 0 0 0 0.057 0.397 0.404 0.373 0 0 0 0 0 0 0 0 0 0.073 0 0.103 0.404 0.385 0.404 0.039 0 0 0 0 0 0 0 0 0 0 0 0.057 0.373 0.404 0.397 0 0.479 0.478 0.483 0.506 0.465 0.453 0.467 0.459 0.061 0.09 0.061 0.504 0.415 0.44 0.415 0.495 0.008 0 0.011 0 0 0.008 0 0 0 0.354 0.363 0.901 0.818 0.938 0.353 0.338 0.905 0.77 0.905 0.335 0.363 0.938 0.818 0.901 0.353 0.052 0.22 0.953 0.052 0.999 0.953 0 0 0 0 0 0

1 check, 2 bet 25
0.04 0.038 0.04 0.006 0.009 0.006 0.001 0.023 0.023 0.001 0 0.001 0.005 0.016 0.005 0.042 0.045 0.042 0.029 0.026 0.029 0.037 0.038 0.037 0.024 0.022 0.024 0.019 0.019 0.019 0.028 0.025 0.028 0.068 0.068 0.068 0 0.069 0.068 0.054 0.029 0 0 0 0 0 0 0 0 0.087 0.087 0.087 0.093 0.093 0.076 0.058 0 0 0 0 0 0 0 0 0.068 0.068 0.068 0 0.069 0.068 0.054 0.029 0 0 0 0 0 0 0 0 0.003 0.003 0.003 0.001 0.003 0.003 0.002 0.002 0.001 0.001 0.001 0.001 0 0.001 0 0.001 0 0 0 0 0 0 0 0 0 0 0.001 0.189 0.159 0.189 0.001 0.001 0.183 0.152 0.183 0.001 0.001 0.189 0.159 0.189 0.001 0 0 0.11 0 0.14 0.11 0.011 0.004 0.011 0 0.001 0

2 bet 25, 1 call 25
0 0 0.148 0 0 0 0.062 0 0 0 0 0 0 0.26 0.005 0.006 0.005 0 0 0.081 0 0.082 0.081 0.366 0.19 0.19 0.19 0 0 0 0 0 0.154 0.351 0.361 0.351 0.476 0.093 0 0 0 0 0.153 0.194 0.317 0.424 0.317 0.56 0.164 0 0 0 0 0 0.289 0.153 0.154 0.351 0.361 0.351 0.476 0.093 0.068 0.07 0.072 0.064 0.154 0.508 0.599 0.508 0.104 0.487 0.507 0.487 0.104 0.201 0.296 0.121 0.201 0.106 0.121 0 0.266 0.282 0.266 0.237 0.382 0.374 0.328 0.393 0.237 0.334 0.328 0.382 0.499 0.459 0.579 0.422 0.519 0.499 0.437 0.422 0.459 0.16 0.249 0.125 0.16 0.106 0.125 0 0.237 0.249 0.237

2 bet 25, 1 raise 90
0 0 0.852 0 0 0 0.937 0 0 0 0 0 0 0.739 0 0 0 0 0 0 0 0 0 0.633 0 0 0 0 0 0 0 0 0 0.155 0.129 0.155 0.507 0 0 0 0 0 0.014 0 0.041 0.231 0.041 0.435 0 0 0 0 0 0 0.034 0.014 0 0.155 0.129 0.155 0.507 0 0.931 0.93 0.928 0.936 0.846 0.491 0.399 0.491 0.896 0.512 0.492 0.512 0.896 0 0 0 0 0 0 1 0 0 0 0.037 0.618 0.258 0.672 0.607 0.037 0.666 0.672 0.618 0.176 0.141 0.263 0.578 0.216 0.176 0.563 0.578 0.141 0 0 0 0 0 0 1 0 0 0

2 bet 25, 1 raise 90, 2 call 90
0 0 0 0 0 0 1 1 1 0 0 0 0 0 0 0 0 0 0 0 0 0 0 0 0 0 0 0 0 0 0 0 0 0 0 0 0 0 0 0 0 0 0 0 0 0.999 0.899 0.911 0 0 0 0 0 0 0 0 0 0 0 0 0.92 1 0.92 0 0 0 0 0 0 0 0 0 0 0 0 0 0.911 0.899 0.999 0 1 1 1 1 1 1 1 1 0 0 0 1 1 1 1 1 0.001 0 0.538 0 0 0.001 0 0 0 1 1 1 1 1 1 1 1 1 1 1 1 1 1 1 1 0.571 0.765 1 0.571 1 1 0 0 0 0 0 0

root, 1 bet 7
0.168 0.168 0.217 0.392 0.453 0.392 0.407 0.342 0.459 0.313 0.342 0.298 0.313 0.508 0.408 0.415 0.408 0.317 0.475 0.385 0.317 0.388 0.385 0.613 0.584 0.569 0.584 0.517 0.508 0.555 0.304 0.528 0.651 0.302 0.28 0.303 0.633 0.246 0.47 0.481 0.505 0.464 0.435 0.625 0.35 0.387 0.35 0.623 0.241 0.517 0.508 0.555 0.304 0.528 0.394 0.435 0.651 0.303 0.28 0.302 0.633 0.246 0.597 0.624 0.474 0.698 0.452 0.588 0.611 0.588 0.612 0.472 0.451 0.472 0.517 0.236 0.236 0.784 0.236 0.772 0.784 0.405 0.683 0.682 0.683 0.457 0.283 0.474 0.396 0.301 0.457 0.386 0.396 0.283 0.612 0.695 0.572 0.691 0.635 0.612 0.694 0.691 0.695 0.226 0.246 0.431 0.226 0.457 0.431 0.571 0.659 0.598 0.659

1 bet 7, 2 call 7
0 0 0 0.592 0.911 0.592 0.128 0.205 0.205 0 0 0 0.435 0.859 0.435 0 0 0 0.604 0.934 0.604 0 0 0 0.358 0.593 0.358 0 0 0 0.279 0.461 0.279 0 0 0 0.021 0 0 0 0 0.947 0.888 0.98 0.779 1 1 0.997 0.838 0.003 0.004 0.008 0 0 0 0 0.992 1 0.992 0.745 1 1 1 1 0 0 0 0.021 0 0 0 0 0.98 0.888 0.947 0.779 0.997 1 1 0.838 0.918 0.928 0.84 0.974 0.819 0.987 0.771 1 0.85 0.697 0.85 1 0.989 1 0.989 0.734 1 0.425 1 0.31 0.425 1 0.999 0.999 0.999 1 1 0.672 0.547 0.681 1 1 0.505 0.976 0.505 1 1 0.681 0.547 0.672 1 1 1 1 1 1 1 0 0 0 0.316 0.375 0.316

1 bet 7, 2 raise 24
0 0 0 0.232 0.07 0.232 0.872 0.795 0.795 0 0 0 0.066 0.023 0.066 0 0 0 0.052 0.004 0.052 0 0 0 0 0 0 0 0 0 0.021 0.021 0.021 0 0 0 0.153 0 0 0 0 0.044 0.105 0 0.22 0 0 0.003 0.162 0.074 0.071 0.077 0 0 0 0 0 0 0 0.255 0 0 0 0 0 0 0 0.153 0 0 0 0 0 0.105 0.044 0.22 0.003 0 0 0.162 0.082 0.072 0.16 0.026 0.181 0.013 0.229 0 0.15 0.303 0.15 0 0.011 0 0.011 0.266 0 0 0 0 0 0 0 0 0 0 0 0.328 0.453 0.319 0 0 0.495 0.024 0.495 0 0 0.319 0.453 0.328 0 0 0 0 0 0 0 0 0 0 0.003 0.187 0.003

1 bet 7, 2 raise 24, 1 call  24
0 0 0 0 0 0 0.812 0 0 0 0 0 0 0.962 0.286 0.327 0.286 0 0 0 0 0 0 0.977 0.451 0.48 0.451 0 0 0 0.244 0 0.582 0.433 0.513 0.436 0.476 0.358 0 0 0 0 0.412 0.609 0.421 0.5 0.421 0.55 0.461 0 0 0 0.244 0 0.462 0.412 0.582 0.436 0.513 0.433 0.476 0.358 0 0 0 0 0.152 0.997 0.998 0.997 0.234 0.999 0.998 0.999 0 0 0 0 0 0.054 0 0.972 0.246 0.184 0.246 0.457 0 0.981 0.419 0 0.457 0.436 0.419 0 0.462 0.771 0.821 0.377 0.997 0.462 0.395 0.377 0.771 0 0.221 0.013 0 0.016 0.013 0.007 0.443 0.473 0.443

2 raise 24, 1 raise  83
0 0 1 0 0 0 0.188 0 0 0 0 0 0 0.038 0 0 0 0 0 0 0 0 0 0.023 0 0 0 0 0 0 0.733 0 0 0.567 0.487 0.564 0.524 0 0 0 0 0 0.588 0 0.579 0.5 0.579 0.45 0 0 0 0 0.733 0 0.538 0.588 0 0.564 0.487 0.567 0.524 0 1 1 1 1 0.848 0.002 0.001 0.002 0.766 0.001 0.001 0.001 1 0 0 0 0 0 0 0.028 0 0 0 0.001 1 0.001 0.581 1 0.001 0.564 0.581 1 0.001 0.001 0.002 0.623 0.002 0.001 0.605 0.623 0.001 0 0 0 0 0 0 0.993 0 0 0

root, 1 bet 10
0.341 0.341 0.181 0.327 0.41 0.327 0.323 0.261 0.382 0.282 0.261 0.251 0.282 0.346 0.359 0.351 0.359 0.207 0.347 0.342 0.207 0.299 0.342 0.364 0.397 0.403 0.397 0.294 0.296 0.327 0.336 0.342 0.342 0.28 0.271 0.279 0.309 0.4 0.323 0.34 0.36 0.4 0.381 0.367 0.31 0.324 0.31 0.298 0.389 0.294 0.296 0.327 0.336 0.342 0.33 0.381 0.342 0.279 0.271 0.28 0.309 0.4 0.38 0.37 0.397 0.282 0.393 0.32 0.303 0.32 0.288 0.317 0.32 0.317 0.237 0.29 0.33 0.213 0.29 0.226 0.213 0.352 0.274 0.251 0.274 0.422 0.289 0.41 0.399 0.28 0.422 0.405 0.399 0.289 0.304 0.244 0.303 0.281 0.246 0.304 0.281 0.281 0.244 0.35 0.326 0.312 0.35 0.402 0.312 0.293 0.244 0.232 0.244

1 bet 10, 2 call 10
0 0 0 0.449 0.806 0.449 0.003 0.533 0.533 0 0 0 0.045 0.693 0.045 0 0 0 0.455 0.731 0.455 0 0 0 0.07 0.371 0.07 0 0 0 0.124 0.34 0.124 0 0 0 0 0 0 0 0 0.58 0.425 0.403 0.849 1 1 1 0.889 0 0 0 0 0 0 0 0.565 1 0.565 0.813 1 1 1 1 0 0 0 0 0 0 0 0 0.403 0.425 0.58 0.849 1 1 1 0.889 0.908 0.978 0.895 1 0.833 0.937 0.867 1 0.972 0.872 0.972 1 0.984 1 0.984 0.797 1 0 1 0 0 1 0.996 0.997 0.996 1 1 0.786 0.721 0.78 1 1 0.689 0.999 0.689 1 1 0.78 0.721 0.786 1 1 1 1 1 1 1 0 0 0 0.113 0.278 0.113

1 bet 10, 2 raise 30
0 0 0 0.002 0.001 0.002 0.997 0.467 0.467 0 0 0 0.001 0.001 0.001 0 0 0 0 0 0 0 0 0 0 0 0 0 0 0 0 0 0 0 0 0 0.136 0 0 0 0 0 0.038 0 0.15 0 0 0 0.11 0.065 0.067 0.062 0 0 0 0 0 0 0 0.187 0 0 0 0 0 0 0 0.136 0 0 0 0 0 0.038 0 0.15 0 0 0 0.11 0.092 0.022 0.105 0 0.167 0.063 0.133 0 0.028 0.128 0.028 0 0.016 0 0.016 0.203 0 0 0 0 0 0 0 0 0 0 0 0.214 0.279 0.22 0 0 0.311 0.001 0.311 0 0 0.22 0.279 0.214 0 0 0 0 0 0 0 0 0 0 0 0 0

1 bet 10, 2 raise 30, 1 call  30
0 0 0 0 0 0 0.814 0 0 0 0 0 0 0.889 0 0 0 0 0 0 0 0 0 0.915 0.005 0.007 0.005 0 0 0 0.01 0 0.326 0.315 0.417 0.32 0.167 0.162 0 0 0 0 0.247 0.234 0.236 0.388 0.236 0.333 0.159 0 0 0 0.01 0 0.336 0.247 0.326 0.32 0.417 0.315 0.167 0.162 0 0 0 0 0 0.979 0.984 0.979 0.205 0.997 0.904 0.997 0 0 0 0 0 0 0 0.99 0.015 0.003 0.015 0.202 0 0.753 0.106 0 0.202 0.134 0.106 0 0.059 0.278 0.359 0.038 0.578 0.059 0.103 0.038 0.278 0 0.003 0 0 0 0 0.006 0.179 0.224 0.179

2 raise 30, 1 raise  80
0 0 1 0 0 0 0.186 0 0 0 0 0 0 0.111 0 0 0 0 0 0 0 0 0 0.084 0 0 0 0 0 0 0.647 0 0 0.68 0.539 0.676 0.825 0 0 0 0 0 0.689 0 0.764 0.612 0.764 0.667 0 0 0 0 0.647 0 0.54 0.689 0 0.676 0.539 0.68 0.825 0 1 1 1 1 1 0.008 0.013 0.008 0.795 0.001 0.001 0.001 1 0 0 0 0 0 0 0.01 0 0 0 0.001 1 0.002 0.894 1 0.001 0.866 0.894 1 0.001 0.002 0.002 0.962 0.003 0.001 0.897 0.962 0.002 0 0 0 0 0 0 0.994 0 0.001 0

root, 1 bet 15
0.251 0.251 0.207 0.184 0.122 0.184 0.147 0.181 0.107 0.206 0.181 0.229 0.206 0.121 0.139 0.145 0.139 0.181 0.072 0.21 0.181 0.225 0.21 0.022 0.017 0.027 0.017 0.121 0.127 0.089 0.162 0.085 0.006 0.208 0.218 0.209 0.041 0.237 0.169 0.158 0.123 0.122 0.139 0.007 0.189 0.18 0.189 0.072 0.26 0.121 0.127 0.089 0.162 0.085 0.162 0.139 0.006 0.209 0.218 0.208 0.041 0.237 0.023 0.006 0.125 0.019 0.142 0.087 0.08 0.087 0.063 0.109 0.132 0.109 0.153 0.264 0.205 0.001 0.264 0 0.001 0.115 0.04 0.064 0.04 0.117 0.169 0.111 0.203 0.177 0.117 0.203 0.203 0.169 0.079 0.06 0.078 0.018 0.119 0.079 0.015 0.018 0.06 0.285 0.279 0.18 0.285 0.117 0.18 0.107 0.075 0.059 0.075

1 bet 15, 2 call 15
0 0 0 0 0 0 0.447 0.998 0.998 0 0 0 0 0 0 0 0 0 0 0 0 0 0 0 0 0 0 0 0 0 0 0.035 0 0 0 0 0 0 0 0 0 0.119 0.003 0.113 0.934 1 0.929 0.913 0.39 0 0 0 0 0 0 0 0 0.999 0 0.963 0.973 1 0.973 1 0 0 0 0 0 0 0 0 0.113 0.003 0.119 0.934 0.913 0.929 1 0.39 0.894 0.977 0.949 0.951 0.514 0.757 0.982 0.992 1 1 1 0.985 1 1 1 0.827 1 0 1 0 0 1 0.441 0.545 0.441 1 1 0.783 0.774 0.792 1 1 0.771 1 0.771 1 1 0.792 0.774 0.783 1 0.999 1 1 0.999 1 1 0 0 0 0 0 0

1 bet 15, 2 raise 40
0 0 0 0 0 0 0.553 0.002 0.002 0 0 0 0 0 0 0 0 0 0 0 0 0 0 0 0 0 0 0 0 0 0 0 0 0 0 0 0 0 0 0 0 0 0 0 0.011 0 0.071 0.086 0 0 0 0 0 0 0 0 0 0 0 0.004 0.027 0 0.027 0 0 0 0 0 0 0 0 0 0 0 0 0.011 0.086 0.071 0 0 0.106 0.023 0.051 0.049 0.486 0.243 0.018 0.008 0 0 0 0.015 0 0 0 0.173 0 0 0 0 0 0 0 0 0 0 0 0.217 0.226 0.208 0 0 0.229 0 0.229 0 0 0.208 0.226 0.217 0 0 0 0 0 0 0 0 0 0 0 0 0

1 bet 15, 2 raise 40, 1 call  40
0 0 0 0 0 0 0.733 0 0 0 0 0 0 0.994 0 0 0 0 0 0 0 0 0 0.993 0 0 0 0 0 0 0.063 0 0.001 0.178 0.219 0.183 0.021 0 0 0 0 0 0 0.168 0.05 0.144 0.05 0.001 0.215 0 0 0 0.063 0 0 0 0.001 0.183 0.219 0.178 0.021 0 0 0 0 0 0 0.631 0.995 0.631 0 0.28 0.141 0.28 0 0 0 0 0 0 0 1 0 0 0 0.426 0 0.788 0 0 0.426 0 0 0 0 0 0 0 0 0 0 0 0 0 0 0 0 0 0 1 0 0 0

2 raise 40, 1 raise  75
0 0 1 0 0 0 0.266 0 0 0 0 0 0 0 0 0 0 0 0 0 0 0 0 0 0 0 0 0 0 0 0.656 0 0 0.822 0.781 0.817 0.979 0 0 0 0 0 1 0 0.95 0.856 0.95 0.999 0 0 0 0 0.656 0 1 1 0 0.817 0.781 0.822 0.979 0 1 1 1 1 1 0.002 0.004 0.002 1 0 0 0 1 0 0 0 0 0 0 0 0.002 0.002 0.002 0.009 1 0.123 1 1 0.009 1 1 1 0 0 0 1 0 0 1 1 0 0 0 0 0 0 0 0 0.009 0.01 0.009

root, 1 bet 20
0.241 0.241 0.382 0.094 0.015 0.094 0.122 0.209 0.051 0.199 0.209 0.221 0.199 0.024 0.095 0.089 0.095 0.278 0.105 0.062 0.278 0.085 0.062 0 0.002 0.002 0.002 0.064 0.068 0.026 0.195 0.038 0 0.208 0.231 0.208 0.013 0.117 0.035 0.021 0.01 0.009 0.041 0 0.15 0.109 0.15 0.005 0.109 0.064 0.068 0.026 0.195 0.038 0.106 0.041 0 0.208 0.231 0.208 0.013 0.117 0 0 0.004 0.001 0.013 0.004 0.006 0.004 0.034 0.102 0.096 0.102 0.088 0.211 0.229 0 0.211 0 0 0.128 0 0 0 0.003 0.254 0.004 0.002 0.239 0.003 0.006 0.002 0.254 0.004 0.001 0.046 0.008 0 0.004 0.008 0.008 0.001 0.14 0.149 0.076 0.14 0.02 0.076 0.029 0.019 0.103 0.019

1 bet 20, 2 call 20
0 0 0 0 0 0 0.713 0.753 0.753 0 0 0 0 0 0 0 0 0 0 0 0 0 0 0 0 0 0 0 0 0 0 0 0 0 0 0 0 0 0 0 0 0 0 0 0.679 0.993 0.792 0.867 0.048 0 0 0 0 0 0 0 0 0.751 0 0.516 0.772 1 0.772 0.653 0 0 0 0 0 0 0 0 0 0 0 0.679 0.867 0.792 0.993 0.048 0.833 0.882 0.852 0.696 0.662 0.87 0.995 0.997 0.577 0.595 0.577 0.803 1 1 1 0.999 0.999 0 1 0 0 0.999 0.043 0.053 0.043 0.766 1 0.731 0.902 0.745 1 1 0.693 0.998 0.693 1 1 0.745 0.902 0.731 1 0.576 0.999 1 0.576 1 1 0 0 0 0 0 0

1 bet 20, 2 raise 50
0 0 0 0 0 0 0.287 0.247 0.247 0 0 0 0 0 0 0 0 0 0 0 0 0 0 0 0 0 0 0 0 0 0 0 0 0 0 0 0 0 0 0 0 0 0 0 0 0.005 0 0.067 0 0 0 0 0 0 0 0 0 0 0 0 0.002 0 0.002 0 0 0 0 0 0 0 0 0 0 0 0 0 0.067 0 0.005 0 0.167 0.118 0.148 0.304 0.337 0.13 0.005 0.003 0 0 0 0.197 0 0 0 0.001 0 0 0 0 0 0 0 0 0 0.234 0 0.269 0.098 0.255 0 0 0.307 0.002 0.307 0 0 0.255 0.098 0.269 0 0 0 0 0 0 0 0 0 0 0 0 0

1 bet 20, 2 raise 50, 1 call  50
0 0 0 0 0 0 0.861 0 0 0 0 0 0 0.992 0 0 0 0 0 0 0 0 0 0.999 0 0 0 0 0 0 0.261 0 0.001 0.183 0.196 0.183 0.496 0.002 0 0 0 0 0 0.438 0.009 0.009 0.009 0.201 0.058 0 0 0 0.261 0 0.01 0 0.001 0.183 0.196 0.183 0.496 0.002 0.667 0.669 0.668 0.401 0.63 0.168 0.58 0.168 0.502 0.002 0.002 0.002 0.575 0 0 0 0 0 0 1 0 0 0 0.518 0 0.987 0 0 0.518 0 0 0 0.003 0.012 0.007 0 0.008 0.003 0 0 0.012 0 0 0 0 0 0 1 0 0 0

2 raise 50, 1 raise  70
0 0 1 0 0 0 0 0 0 0 0 0 0 0 0 0 0 0 0 0 0 0 0 0 0 0 0 0 0 0 0.594 0 0 0.817 0.804 0.817 0.504 0 0 0 0 0 1 0 0.991 0.991 0.991 0.799 0.001 0 0 0 0.594 0 0.99 1 0 0.817 0.804 0.817 0.504 0 0.333 0.331 0.332 0.599 0.37 0.002 0.01 0.002 0.498 0.001 0.001 0.001 0.425 0 0 0 0 0 0 0 0.059 0.051 0.059 0.004 1 0.013 1 1 0.004 1 1 1 0 0 0.001 1 0.001 0 1 1 0 0 0 0 0 0 0 0 0.029 0.029 0.029

root, 1 bet 25
0 0 0.013 0.003 0 0.003 0 0.007 0 0 0.007 0 0 0 0 0 0 0.009 0.001 0 0.009 0 0 0 0 0 0 0.003 0 0.001 0.002 0 0 0.002 0 0.001 0.001 0 0.001 0 0 0 0.003 0 0.001 0 0.001 0 0 0.003 0 0.001 0.002 0 0.006 0.003 0 0.001 0 0.002 0.001 0 0 0 0 0 0 0 0 0 0 0 0 0 0 0 0 0 0 0 0 0 0 0 0 0 0.006 0 0 0.003 0 0 0 0.006 0 0 0 0 0 0 0 0 0 0 0 0 0 0 0 0 0.001 0.003 0.001

1 bet 25, 2 call 25
0 0 0 0.001 0.001 0.001 0.144 0.123 0.123 0 0 0 0.001 0.001 0.001 0 0 0 0 0.001 0 0 0 0 0 0.002 0 0 0 0 0.001 0.001 0.001 0 0 0 0.017 0 0 0 0 0.103 0.12 0.102 0.35 0.608 0.564 0.572 0.108 0 0 0 0 0 0 0 0.087 0.311 0.087 0.361 0.677 0.999 0.677 0.283 0 0 0 0.017 0 0 0 0 0.102 0.12 0.103 0.35 0.572 0.564 0.608 0.108 0.387 0.383 0.373 0.005 0.649 0.839 0.803 0.757 0.111 0.137 0.111 0.287 0.739 0.699 0.739 0.323 0.994 0 0.999 0 0 0.994 0.072 0.089 0.072 0.287 0.707 0.461 0.489 0.479 0.731 0.991 0.447 0.592 0.447 0.989 0.707 0.479 0.489 0.461 0.731 0.268 0.513 0.818 0.268 0.769 0.818 0 0 0 0.002 0.002 0.002

1 bet 25, 2 raise 90
0 0 0 0 0 0 0.856 0.877 0.877 0 0 0 0 0 0 0 0 0 0 0 0 0 0 0 0 0 0 0 0 0 0 0 0 0 0 0 0 0 0 0 0 0 0 0 0 0.152 0.001 0.127 0 0 0 0 0 0 0 0 0 0 0 0 0.001 0 0.001 0 0 0 0 0 0 0 0 0 0 0 0 0 0.127 0.001 0.152 0 0.613 0.617 0.626 0.995 0.351 0.16 0.197 0.243 0 0 0 0.713 0.001 0 0.001 0.677 0 0 0 0 0 0 0 0 0 0.713 0.039 0.539 0.511 0.521 0.003 0.001 0.553 0.408 0.553 0.001 0.039 0.521 0.511 0.539 0.003 0 0 0.182 0 0.231 0.182 0 0 0 0 0 0

1 bet 25, 2 raise 90, 1 call  90
0 0 1 0 0 0 0 0 0 0 0 0 0 0 0 0 0 0 0 0 0 0 0 0 0 0 0 0 0 0 0.999 0 0 1 1 1 1 0 0 0 0 0 1 0.067 1 1 1 1 0 0 0 0 0.999 0 1 1 0 1 1 1 1 0 1 1 1 1 1 1 1 1 1 0.034 0.076 0.034 1 0 0 0 0 0.001 0 1 0.996 0.751 0.996 1 1 1 1 1 1 1 1 1 0.919 0.808 1 1 1 0.919 1 1 0.808 0 0 0 0 0 0 1 0.041 0.03 0.041
