game = '6-max Cash', preflop situation = 'MP openraise BB 3bet MP call', stack = '90', pot = '20', bets = '33 50 75 100 125'

OOP preflop range
6c5c_0.25 6d5d_0.25 6s5s_0.25 7c6c_0.50 7d6d_0.50 7s6s_0.50 8c7c_0.50 8d7d_0.50 8d8c_0.25 8h7h_0.50 8h8c_0.25 8h8d_0.25 8s7s_0.50 8s8c_0.25 8s8d_0.25 8s8h_0.25 9c8c_0.25 9d8d_0.25 9d9c_0.25 9h8h_0.25 9h9c_0.25 9h9d_0.25 9s8s_0.25 9s9c_0.25 9s9d_0.25 9s9h_0.25 Ac2c_0.50 Ac3c_0.25 Ac4c_0.25 Ac5c_0.50 Ac6c_0.50 AcJc_0.50 AcKc_1 AcKd_0.75 AcKh_0.75 AcKs_0.75 AcTc_0.25 Ad2d_0.50 Ad3d_0.25 Ad4d_0.25 Ad5d_0.50 Ad6d_0.50 AdAc_1 AdJd_0.50 AdKc_0.75 AdKd_1 AdKh_0.75 AdKs_0.75 AdTd_0.25 Ah2h_0.50 Ah3h_0.25 Ah4h_0.25 Ah5h_0.50 AhAc_1 AhAd_1 AhJh_0.50 AhKc_0.75 AhKd_0.75 AhKh_1 AhKs_0.75 AhQh_1 AhTh_0.25 As2s_0.50 As3s_0.25 As4s_0.25 As5s_0.50 As6s_0.50 AsAc_1 AsAd_1 AsAh_1 AsJs_0.50 AsKc_0.75 AsKd_0.75 AsKh_0.75 AsKs_1 AsQs_1 AsTs_0.25 Jc9c_0.25 Jd9d_0.25 JdJc_0.75 Jh9h_0.25 JhJc_0.75 JhJd_0.75 Js9s_0.25 JsJc_0.75 JsJd_0.75 JsJh_0.75 KcJc_0.75 KdJd_0.75 KdKc_1 KhJh_0.75 KhKc_1 KhKd_1 KhQh_1 KsJs_0.75 KsKc_1 KsKd_1 KsKh_1 KsQs_1 QhJh_0.75 QhTh_0.25 QsJs_0.75 QsQh_1 QsTs_0.25 Tc9c_0.25 Td9d_0.25 TdTc_0.50 Th9h_0.25 ThTc_0.50 ThTd_0.50 Ts9s_0.25 TsTc_0.50 TsTd_0.50 TsTh_0.50

IP preflop range
4d4c_0.25 4h4c_0.25 4h4d_0.25 4s4c_0.25 4s4d_0.25 4s4h_0.25 5d5c_0.25 5h5c_0.25 5h5d_0.25 5s5c_0.25 5s5d_0.25 5s5h_0.25 6d6c_0.50 6s6c_0.50 6s6d_0.50 7d7c_0.50 7h7c_0.50 7h7d_0.50 7s7c_0.50 7s7d_0.50 7s7h_0.50 8d8c_1 8h8c_1 8h8d_1 8s8c_1 8s8d_1 8s8h_1 9d9c_1 9h9c_1 9h9d_1 9s9c_1 9s9d_1 9s9h_1 Ac2c_1 Ac3c_1 Ac4c_1 Ac5c_1 Ac6c_1 Ac7c_1 Ac8c_1 Ac9c_1 AcJc_0.75 AcJd_1 AcJh_1 AcJs_1 AcQh_1 AcQs_1 AcTc_1 Ad2d_1 Ad3d_1 Ad4d_1 Ad5d_1 Ad6d_1 Ad7d_1 Ad8d_1 Ad9d_1 AdJc_1 AdJd_0.75 AdJh_1 AdJs_1 AdQh_1 AdQs_1 AdTd_1 Ah2h_1 Ah3h_1 Ah4h_1 Ah5h_1 Ah7h_1 Ah8h_1 Ah9h_1 AhJc_1 AhJd_1 AhJh_0.75 AhJs_1 AhQh_0.50 AhQs_1 AhTh_1 As2s_1 As3s_1 As4s_1 As5s_1 As6s_1 As7s_1 As8s_1 As9s_1 AsJc_1 AsJd_1 AsJh_1 AsJs_0.75 AsQh_1 AsQs_0.50 AsTs_1 JcTc_0.50 JdJc_1 JdTd_0.50 JhJc_1 JhJd_1 JhTh_0.50 JsJc_1 JsJd_1 JsJh_1 JsTs_0.50 KcJc_1 KcQh_1 KcQs_1 KcTc_0.50 KdJd_1 KdQh_1 KdQs_1 KdTd_0.50 KhJh_1 KhQh_1 KhQs_1 KhTh_0.50 KsJs_1 KsQh_1 KsQs_1 KsTs_0.50 QhJh_0.50 QsJs_0.50 QsQh_1 TdTc_1 ThTc_1 ThTd_1 TsTc_1 TsTd_1 TsTh_1

root, 1 check
0.213 0.213 0.396 0.36 0.36 0.443 0.075 0.074 0.287 0.051 0.278 0.279 0.348 0.333 0.334 0.329 0.066 0.065 0.281 0.097 0.294 0.294 0.366 0.332 0.333 0.343 0.161 0.271 0.239 0.252 0.314 0.358 0.053 0.404 0.441 0.492 0.029 0.246 0.257 0.229 0.244 0.313 0.082 0.356 0.396 0.053 0.435 0.484 0.022 0.278 0.291 0.262 0.273 0.125 0.126 0.322 0.382 0.382 0.151 0.443 0.035 0.126 0.735 0.744 0.696 0.711 0.864 0.215 0.218 0.204 0.655 0.234 0.234 0.294 0.253 0.149 0.512 0.077 0.078 0.201 0.061 0.174 0.174 0.301 0.182 0.181 0.182 0.11 0.109 0.189 0.085 0.102 0.102 0.289 0.11 0.12 0.12 0.106 0.299 0.241 0.453 0.271 0.495 0.447 0.07 0.069 0.225 0.101 0.232 0.232 0.432 0.187 0.187 0.226

1 check, 2 check
0.421 0.406 0.405 0.436 0.435 0.426 0.517 0.508 0.505 0.869 0.86 0.823 0.285 0 0 0.755 0.676 0.675 0.982 0.98 0.763 0.761 0.742 0.741 0.842 0.84 0.794 0.696 0.673 0.673 0.733 0.732 0.719 0.212 0.21 0.22 0.244 0.807 0.463 0.621 0.543 0.443 0.483 0.228 0.577 0.001 0.002 0.365 0.215 0.212 0.222 0.247 0.812 0.466 0.625 0.546 0.485 0.446 0.227 0.58 0.001 0.003 0.367 0.293 0.293 0.302 0.317 0.677 0.684 0.615 0.481 0.48 0.358 0.61 0 0 0.356 0.45 0.46 0.477 0.726 0.904 0.997 0.996 0.985 0.487 0.485 0.236 0.051 0.067 0.066 0.424 0.366 0.702 0.364 0.539 0.539 0.17 0.475 0.475 0.392 0.108 0.192 0.247 0.192 0.192 0.193 0.248 0.193 0.193 0.1 0.208 0.166 0.059 0.106 0.207 0.158 0.074 0.172 0.007 0.532 0.735 0.621 0.62 0.437 0.436 0.393

1 check, 2 bet 7
0.305 0.308 0.309 0.302 0.303 0.304 0.256 0.266 0.267 0.11 0.115 0.143 0.351 0.396 0.397 0.171 0.172 0.173 0.017 0.019 0.139 0.137 0.146 0.146 0.102 0.103 0.129 0.193 0.215 0.215 0.174 0.174 0.193 0.286 0.287 0.272 0.285 0.138 0.242 0.18 0.201 0.268 0.37 0.358 0.205 0.342 0.379 0.224 0.285 0.286 0.272 0.284 0.135 0.241 0.179 0.2 0.37 0.267 0.359 0.204 0.342 0.379 0.223 0.274 0.274 0.261 0.271 0.178 0.143 0.196 0.319 0.32 0.274 0.156 0.396 0.383 0.249 0.229 0.227 0.224 0.135 0.083 0 0.001 0.002 0.303 0.302 0.282 0.448 0.291 0.351 0.276 0.14 0.252 0.14 0.293 0.293 0.231 0.296 0.296 0.3 0.284 0.267 0.296 0.316 0.368 0.267 0.296 0.316 0.367 0.368 0.315 0.317 0.401 0.364 0.295 0.329 0.37 0.51 0.54 0.434 0.241 0.268 0.268 0.363 0.363 0.353

2 bet 7, 1 call 7
0.958 0.958 0.001 0.793 0.792 0.063 0.178 0.179 0.908 0.289 0.896 0.896 0 0.927 0.927 0.914 0.409 0.41 0.887 0.254 0.871 0.87 0 0.717 0.716 0.62 0 0 0 0 0.878 0.997 0.406 0.464 0.637 0.568 0.563 0 0 0 0 0.88 0.853 0.997 0.473 0.404 0.652 0.579 0.579 0 0 0 0 0.923 0.919 0.999 0.487 0.486 0.715 0.618 0.007 0.846 0 0 0 0 0.595 0.65 0.639 0.685 0.557 0.552 0.551 0.568 0.699 0.037 0.001 0.099 0.098 0.722 0.241 0.654 0.656 0.002 0.666 0.667 0.533 0.036 0.036 0.368 0.012 0.131 0.131 0.683 0.012 0.083 0.082 0.303 0.797 0.656 0.877 0.64 0.997 0.954 0.083 0.083 0.529 0.221 0.595 0.596 0.003 0.787 0.787 0.817

2 bet 7, 1 raise 24
0.042 0.042 0.005 0.207 0.208 0.028 0.18 0.182 0.092 0.11 0.104 0.104 0.002 0.073 0.073 0.086 0.366 0.368 0.113 0.13 0.129 0.13 0.002 0.283 0.284 0.38 0 0 0 0 0.122 0.002 0.594 0.145 0.113 0.037 0.028 0 0 0 0 0.12 0.147 0.002 0.149 0.596 0.115 0.04 0.029 0 0 0 0 0.077 0.081 0.001 0.119 0.12 0.285 0.027 0.993 0.005 0 0 0 0 0.09 0.35 0.361 0.315 0.002 0.439 0.441 0.43 0.292 0.963 0 0.095 0.094 0.278 0.753 0.346 0.344 0.004 0.334 0.333 0.467 0.964 0.964 0.632 0.988 0.869 0.869 0.317 0.988 0.917 0.918 0.697 0.203 0.344 0.123 0.36 0.003 0.046 0.916 0.916 0.471 0.778 0.405 0.404 0.012 0.213 0.213 0.183

2 bet 7, 1 raise 24, 2 call 24
0.996 0.996 0.996 0.996 0.996 0.996 0.998 0.998 0.998 0.998 0.998 0.998 0.769 0.97 0.969 0.999 0.999 0.999 0.999 0.999 0.999 0.999 0.999 0.999 0.999 0.999 0.999 0.999 0.999 0.999 0.999 0.999 0.999 0.253 0.252 0.209 0.176 0.999 0.234 0.255 0.286 0.478 0 0.003 0.005 0.907 0.973 0.375 0.251 0.251 0.207 0.174 0.999 0.232 0.252 0.285 0 0.477 0.003 0.005 0.909 0.975 0.374 0.193 0.193 0.148 0.18 0.336 0.213 0.204 0 0 0.721 0.006 0.989 0.991 0.372 0.044 0.044 0.039 0.036 0.997 0.05 0.058 0.166 0.002 0.002 0.341 0.446 0.797 0.983 0.278 0.002 1 0.002 1 1 0.004 1 1 1 0 0.935 0.789 0.891 0.556 0.936 0.789 0.891 0.556 0.895 0.895 0.933 0.491 0.822 0.871 0.978 0.369 0.999 0.999 1 1 1 1 1 1 1

1 raise 24, 2 raise 83
0.001 0.001 0.001 0.001 0.001 0.001 0.001 0.001 0.001 0.001 0.001 0.001 0.231 0.03 0.031 0 0 0 0 0 0 0 0 0 0 0 0 0.001 0 0 0 0 0 0.014 0.014 0.017 0.014 0.001 0.004 0.007 0.007 0.003 0.001 0.001 0.001 0.093 0.027 0.05 0.013 0.013 0.016 0.013 0.001 0.004 0.007 0.007 0.001 0.003 0.001 0.001 0.091 0.025 0.049 0.031 0.031 0.035 0.033 0.021 0.011 0.006 0.001 0.001 0.007 0.002 0.011 0.009 0.073 0.007 0.007 0.007 0.007 0.003 0.006 0.005 0.005 0.003 0.003 0.003 0.004 0.203 0.017 0.037 0.001 0 0.001 0 0 0.001 0 0 0 0 0.039 0.211 0.109 0.036 0.04 0.211 0.109 0.037 0.067 0.105 0.067 0.015 0.074 0.129 0.022 0.01 0.001 0.001 0 0 0 0 0 0 0

1 check, 2 bet 10
0.238 0.249 0.25 0.231 0.231 0.241 0.223 0.222 0.224 0.018 0.022 0.03 0.318 0.519 0.519 0.074 0.15 0.151 0.001 0.001 0.098 0.092 0.102 0.103 0.055 0.056 0.076 0.1 0.102 0.102 0.09 0.09 0.086 0.327 0.328 0.329 0.342 0.054 0.28 0.161 0.203 0.277 0.142 0.39 0.202 0.472 0.471 0.299 0.326 0.327 0.329 0.341 0.053 0.279 0.16 0.202 0.14 0.276 0.391 0.201 0.471 0.471 0.299 0.299 0.299 0.302 0.293 0.137 0.14 0.156 0.19 0.191 0.344 0.217 0.482 0.468 0.265 0.21 0.207 0.204 0.098 0.013 0 0 0.009 0.193 0.194 0.399 0.347 0.358 0.385 0.188 0.417 0.045 0.417 0.164 0.164 0.553 0.225 0.225 0.296 0.438 0.345 0.346 0.367 0.371 0.345 0.345 0.367 0.37 0.363 0.354 0.361 0.41 0.325 0.331 0.355 0.41 0.314 0.444 0.032 0.022 0.106 0.106 0.193 0.194 0.238

2 bet 10, 1 call 10
0.954 0.954 0 0.765 0.764 0 0 0 0.93 0 0.976 0.975 0 0.96 0.958 0.995 0 0 0.87 0 0.916 0.915 0 0.729 0.729 0.723 0 0 0 0 0.999 0.664 0.794 0.334 0.52 0.48 0.262 0 0 0 0 0.999 0.995 0.671 0.342 0.785 0.528 0.489 0.275 0 0 0 0 0.993 0.992 0.969 0.289 0.288 0.986 0.449 0.006 0.367 0 0 0 0 0.383 0.791 0.779 0.801 0.301 0.51 0.51 0.65 0.743 0.025 0 0 0 0.92 0 0.879 0.884 0 0.926 0.928 0.833 0.028 0.029 0.6 0.124 0.192 0.192 0.833 0.288 0.076 0.076 0.33 0.96 0.836 0.978 0.78 1 0.981 0.007 0.007 0.654 0.005 0.861 0.863 0 0.988 0.988 0.996

2 bet 10, 1 raise 30
0.046 0.046 0.009 0.235 0.236 0.067 0.009 0.009 0.07 0.021 0.024 0.025 0 0.04 0.042 0.005 0.216 0.219 0.13 0.043 0.084 0.085 0 0.271 0.271 0.277 0 0 0 0 0.001 0 0.206 0.071 0.051 0.016 0 0 0 0 0 0.001 0.005 0 0.075 0.215 0.052 0.016 0 0 0 0 0 0.007 0.008 0 0.087 0.089 0.014 0.019 0.994 0 0 0 0 0 0.064 0.209 0.221 0.199 0 0.353 0.354 0.343 0.196 0.975 0 0.001 0.001 0.08 0.001 0.121 0.116 0 0.074 0.072 0.167 0.972 0.971 0.4 0.875 0.808 0.808 0.167 0.71 0.924 0.924 0.67 0.04 0.164 0.022 0.22 0 0.019 0.751 0.751 0.346 0.481 0.139 0.137 0 0.012 0.012 0.004

2 bet 10, 1 raise 30, 2 call 30
0.904 0.905 0.905 0.923 0.923 0.924 0.992 0.994 0.994 0.994 0.994 0.995 0.638 0.776 0.775 1 1 1 1 1 1 1 1 1 1 1 1 0.998 0.998 0.998 0.998 0.998 0.998 0.17 0.17 0.142 0.119 0.999 0.206 0.26 0.219 0.306 0 0 0.002 0.682 0.8 0.26 0.168 0.168 0.141 0.117 0.999 0.204 0.259 0.217 0 0.306 0 0.002 0.684 0.803 0.258 0.123 0.122 0.082 0.113 0.28 0.219 0.171 0 0 0.551 0.003 0.931 0.861 0.277 0.017 0.017 0.015 0.014 0.999 0.018 0.047 0.17 0.002 0.002 0.27 0.435 0.664 0.894 0.312 0 1 0 1 1 0 1 1 1 0 0.482 0.566 0.585 0.342 0.482 0.567 0.586 0.342 0.566 0.633 0.618 0.296 0.578 0.585 0.589 0.168 0.997 0.996 1 1 1 1 1 1 1

1 raise 30, 2 raise 80
0.003 0.003 0.003 0.002 0.002 0.002 0.002 0.002 0.002 0.001 0.001 0.002 0.362 0.224 0.225 0 0 0 0 0 0 0 0 0 0 0 0 0.002 0.002 0.002 0.002 0.002 0.002 0.059 0.059 0.066 0.037 0.001 0.006 0.03 0.129 0.006 0.001 0.001 0.003 0.318 0.2 0.226 0.058 0.058 0.065 0.037 0.001 0.006 0.029 0.13 0.001 0.007 0.001 0.003 0.316 0.197 0.227 0.04 0.04 0.043 0.04 0.027 0.03 0.076 0.001 0.001 0.009 0.003 0.069 0.139 0.257 0.01 0.01 0.01 0.01 0.001 0.007 0.011 0.163 0.004 0.004 0.005 0.007 0.336 0.106 0.118 0 0 0 0 0 0 0 0 0 0 0.307 0.434 0.415 0.011 0.309 0.433 0.414 0.011 0.271 0.367 0.382 0.006 0.306 0.415 0.411 0.007 0.003 0.004 0 0 0 0 0 0 0

1 check, 2 bet 15
0.035 0.034 0.034 0.029 0.03 0.028 0.003 0.004 0.004 0.002 0.002 0.003 0.027 0.077 0.077 0 0.001 0.001 0 0 0 0.01 0.01 0.01 0.002 0.002 0.002 0.01 0.01 0.01 0.004 0.004 0.002 0.162 0.163 0.167 0.125 0 0.014 0.035 0.052 0.012 0.003 0.023 0.014 0.176 0.14 0.107 0.161 0.162 0.166 0.124 0 0.014 0.034 0.051 0.003 0.011 0.022 0.013 0.176 0.14 0.106 0.125 0.125 0.126 0.111 0.006 0.031 0.031 0.009 0.009 0.023 0.016 0.116 0.142 0.129 0.065 0.064 0.059 0.037 0 0.003 0.002 0.002 0.016 0.017 0.08 0.149 0.2 0.166 0.098 0.076 0 0.077 0.003 0.003 0.043 0.004 0.004 0.011 0.163 0.184 0.102 0.117 0.065 0.184 0.102 0.117 0.065 0.163 0.115 0.147 0.116 0.176 0.149 0.147 0.131 0.003 0.007 0.002 0.002 0.005 0.005 0.006 0.007 0.015

2 bet 15, 1 call 15
0.461 0.461 0 0.651 0.651 0 0.004 0.004 0.866 0.003 0.921 0.921 0 0.913 0.912 0.935 0.004 0.004 0.897 0.002 0.915 0.915 0 0.866 0.865 0.889 0.001 0.001 0.001 0.001 0.986 0.169 0.895 0.198 0.377 0.353 0.12 0.001 0.001 0.001 0.001 0.987 0.993 0.171 0.204 0.884 0.383 0.359 0.123 0.001 0.001 0.001 0.001 0.994 0.994 0.231 0.186 0.188 0.99 0.361 0.926 0.221 0 0 0 0 0.131 0.884 0.872 0.949 0.111 0.403 0.404 0.579 0.572 0.293 0.048 0.001 0.001 0.991 0.001 0.993 0.993 0 0.995 0.995 0.996 0.094 0.096 0.749 0.213 0.303 0.303 0.993 0.008 0.162 0.162 0.52 0.994 0.993 0.996 0.986 0.999 0.996 0.003 0.003 0.975 0.002 0.986 0.986 0.001 0.986 0.986 0.99

2 bet 15, 1 raise 40
0.011 0.011 0.097 0.071 0.072 0.277 0.035 0.035 0.119 0.035 0.064 0.064 0.025 0.074 0.074 0.052 0.045 0.045 0.095 0.039 0.078 0.078 0.033 0.128 0.129 0.105 0.003 0.003 0.003 0.003 0.004 0.002 0.102 0.009 0.006 0.007 0.003 0.003 0.003 0.003 0.003 0.004 0.007 0.002 0.009 0.113 0.006 0.007 0.003 0.003 0.003 0.003 0.003 0.005 0.005 0.001 0.006 0.006 0.005 0.005 0.074 0.002 0.005 0.005 0.005 0.005 0.016 0.116 0.128 0.051 0.002 0.257 0.256 0.193 0.151 0.707 0.004 0.009 0.009 0.004 0.008 0.004 0.004 0.004 0.003 0.003 0.002 0.637 0.633 0.251 0.381 0.697 0.697 0.007 0.293 0.838 0.838 0.48 0.006 0.007 0.004 0.014 0.001 0.004 0.045 0.045 0.019 0.044 0.007 0.007 0.007 0.009 0.009 0.004

2 bet 15, 1 raise 40, 2 call 40
0.321 0.325 0.325 0.318 0.318 0.322 0.354 0.363 0.363 0.338 0.338 0.348 0.44 0.121 0.122 0.804 0.971 0.971 0.477 0.476 0.591 0.978 0.979 0.979 0.98 0.98 0.981 0.81 0.822 0.822 0.837 0.837 0.849 0.019 0.019 0.017 0.018 0.56 0.061 0.065 0.059 0.066 0.002 0.003 0.003 0.161 0.206 0.08 0.019 0.019 0.017 0.018 0.56 0.059 0.062 0.058 0.002 0.066 0.003 0.003 0.161 0.206 0.078 0.009 0.009 0.008 0.009 0.027 0.018 0.027 0.001 0.001 0.07 0.003 0.236 0.163 0.059 0.009 0.009 0.01 0.007 0.977 0.003 0.011 0.079 0.018 0.018 0.073 0.051 0.144 0.217 0.071 0.002 0.977 0.002 0.958 0.956 0.003 0.933 0.931 0.541 0 0.068 0.139 0.156 0.07 0.068 0.138 0.155 0.071 0.065 0.125 0.141 0.043 0.052 0.12 0.138 0.025 0.237 0.165 0.98 0.59 0.542 0.542 0.535 0.534 0.49

1 raise 40, 2 raise 75
0.006 0.006 0.006 0.005 0.005 0.005 0.005 0.005 0.005 0.004 0.004 0.004 0.56 0.879 0.878 0.002 0.002 0.002 0.002 0.002 0.002 0.013 0.012 0.012 0.011 0.011 0.01 0.189 0.177 0.177 0.163 0.163 0.15 0.048 0.048 0.048 0.042 0.44 0.009 0.064 0.183 0.061 0.004 0.006 0.005 0.839 0.794 0.466 0.047 0.047 0.047 0.042 0.44 0.009 0.064 0.183 0.004 0.061 0.006 0.005 0.839 0.794 0.466 0.008 0.008 0.008 0.008 0.007 0.009 0.041 0.003 0.003 0.211 0.004 0.764 0.837 0.427 0.006 0.006 0.006 0.004 0.022 0.002 0.006 0.041 0.008 0.008 0.07 0.087 0.856 0.783 0.271 0.004 0.023 0.004 0.042 0.043 0.004 0.067 0.069 0.459 0.002 0.473 0.861 0.844 0.252 0.473 0.862 0.845 0.252 0.472 0.875 0.859 0.202 0.444 0.88 0.862 0.145 0.763 0.835 0.02 0.41 0.458 0.458 0.465 0.465 0.51

1 check, 2 bet 20
0.001 0.001 0.001 0.002 0.002 0.002 0.001 0.001 0.001 0.001 0.001 0.001 0.019 0.007 0.007 0 0 0 0 0 0 0 0 0 0 0 0 0 0 0 0 0 0 0.013 0.013 0.011 0.004 0 0.001 0.002 0.001 0 0.001 0.002 0.001 0.008 0.008 0.005 0.013 0.013 0.011 0.004 0 0.001 0.002 0.001 0.001 0 0.001 0.001 0.008 0.008 0.005 0.009 0.009 0.008 0.008 0.002 0.002 0.002 0.001 0.001 0 0.001 0.006 0.006 0.001 0.046 0.042 0.035 0.004 0 0.001 0.001 0.001 0.001 0.001 0.003 0.004 0.08 0.031 0.014 0.002 0 0.002 0 0 0.003 0 0 0 0.006 0.011 0.009 0.008 0.004 0.011 0.009 0.008 0.005 0.005 0.008 0.009 0.013 0.028 0.018 0.01 0.015 0.001 0.002 0 0 0 0 0 0 0

2 bet 20, 1 call 20
0.209 0.209 0.002 0.297 0.297 0.002 0.033 0.033 0.454 0.018 0.466 0.466 0.002 0.476 0.476 0.49 0.035 0.035 0.496 0.015 0.507 0.507 0.003 0.521 0.521 0.534 0.012 0.01 0.01 0.01 0.598 0.053 0.782 0.086 0.235 0.249 0.076 0.01 0.01 0.011 0.01 0.6 0.994 0.055 0.089 0.786 0.239 0.252 0.078 0.011 0.011 0.011 0.011 0.992 0.992 0.097 0.052 0.052 0.781 0.22 0.988 0.065 0.004 0.004 0.005 0.004 0.055 0.631 0.626 0.677 0.027 0.258 0.258 0.378 0.381 0.418 0.028 0.003 0.003 0.592 0.004 0.795 0.795 0.001 0.848 0.847 0.912 0.037 0.038 0.347 0.132 0.21 0.21 0.999 0.003 0.075 0.075 0.373 0.999 1 1 0.999 1 1 0.015 0.017 0.578 0.037 0.652 0.652 0.003 0.687 0.687 0.782

2 bet 20, 1 raise 50
0.102 0.102 0.061 0.11 0.11 0.098 0.077 0.077 0.165 0.071 0.161 0.161 0.084 0.171 0.171 0.166 0.089 0.089 0.283 0.074 0.284 0.284 0.082 0.293 0.293 0.294 0.012 0.012 0.011 0.011 0.007 0.009 0.005 0.048 0.009 0.008 0.007 0.012 0.012 0.011 0.012 0.007 0.001 0.009 0.048 0.005 0.009 0.008 0.007 0.011 0.011 0.011 0.011 0.002 0.003 0.006 0.017 0.016 0.011 0.009 0.012 0.005 0.032 0.032 0.03 0.031 0.032 0.362 0.367 0.317 0.005 0.103 0.103 0.073 0.083 0.582 0.017 0.098 0.097 0.298 0.067 0.088 0.088 0.011 0.018 0.019 0.032 0.712 0.71 0.65 0.596 0.787 0.787 0.001 0.318 0.921 0.921 0.626 0.001 0 0 0.001 0 0 0.158 0.155 0.279 0.063 0.192 0.194 0.054 0.071 0.072 0.047

2 bet 20, 1 raise 50, 2 call 50
0.006 0.006 0.006 0.003 0.003 0.003 0.009 0.01 0.01 0.003 0.003 0.003 0.144 0.006 0.006 0.561 0.625 0.625 0.484 0.484 0.544 0.917 0.922 0.923 0.75 0.75 0.755 0.999 0.999 0.999 0.999 0.999 0.999 0 0 0.001 0.001 0.75 0.003 0.004 0.077 0.001 0 0 0 0 0.002 0.001 0 0 0 0.001 0.75 0.002 0.004 0.073 0 0.001 0 0 0 0.002 0.001 0 0 0 0 0.002 0.003 0.007 0 0 0.001 0 0.012 0.002 0.003 0 0 0 0 0.618 0 0 0.001 0 0 0 0 0.017 0.047 0.002 0 0.212 0 0.157 0.156 0 0.103 0.101 0.018 0 0.005 0 0 0.039 0.005 0 0 0.039 0 0.001 0.002 0.001 0 0.002 0.007 0 0.001 0 1 0.078 0.071 0.07 0.099 0.098 0.089

1 raise 50, 2 raise 70
0 0 0 0 0 0 0 0 0 0 0 0 0.856 0.994 0.994 0 0 0 0 0 0 0 0 0 0 0 0 0.001 0.001 0.001 0.001 0.001 0.001 0.002 0.002 0.002 0.002 0.25 0.001 0.003 0.235 0.686 0 0 0 1 0.998 0.996 0.002 0.002 0.002 0.002 0.25 0.001 0.003 0.233 0 0.685 0 0 1 0.998 0.996 0.001 0.001 0.001 0.001 0.001 0.002 0.008 0 0 0.624 0 0.988 0.998 0.98 0.001 0.001 0.001 0.001 0.382 0 0.001 0.185 0.246 0.249 0.483 0.452 0.983 0.953 0.713 0 0.788 0 0.843 0.844 0 0.897 0.899 0.982 0 0.752 1 1 0.277 0.752 1 1 0.278 0.624 0.999 0.998 0.014 0.014 0.998 0.993 0.002 0.999 1 0 0.922 0.929 0.93 0.901 0.902 0.911

1 check, 2 bet 25
0 0 0 0 0 0 0 0 0 0 0 0 0 0 0 0 0 0 0 0 0 0 0 0 0 0 0 0 0 0 0 0 0 0 0 0 0 0 0 0 0 0 0 0 0 0.001 0 0 0 0 0 0 0 0 0 0 0 0 0 0 0.001 0 0 0 0 0 0 0 0 0 0 0 0 0 0 0 0 0 0 0 0 0 0 0 0 0 0 0 0 0.004 0.001 0 0 0 0 0 0 0 0 0 0 0 0.001 0 0 0 0.001 0 0 0 0 0 0 0 0.001 0 0 0 0 0 0 0 0 0 0 0 0

2 bet 25, 1 call 25
0.232 0.232 0.003 0.316 0.316 0.01 0 0 0.461 0 0.467 0.467 0 0.469 0.469 0.475 0 0 0.395 0 0.4 0.4 0 0.398 0.398 0.403 0.004 0.004 0.005 0.002 0.401 0.056 0.256 0.141 0.175 0.172 0.045 0.003 0.004 0.005 0.002 0.401 0.643 0.057 0.141 0.255 0.176 0.172 0.045 0.008 0.009 0.01 0.008 0.586 0.586 0.063 0.082 0.082 0.293 0.13 0.56 0.036 0.003 0.003 0.003 0.003 0.105 0.495 0.495 0.459 0.014 0.11 0.11 0.121 0.117 0.462 0.005 0 0 0.397 0 0.378 0.378 0 0.395 0.395 0.404 0 0 0.209 0 0.179 0.179 0.537 0 0.138 0.138 0.116 0.437 0.472 0.498 0.464 1 0.49 0 0 0.361 0 0.374 0.374 0 0.393 0.393 0.428

2 bet 25, 1 raise 90
0.018 0.018 0.005 0.015 0.015 0.006 0.28 0.28 0.18 0.239 0.186 0.186 0.017 0.185 0.185 0.191 0.319 0.319 0.365 0.316 0.362 0.362 0.041 0.354 0.354 0.351 0.034 0.032 0.032 0.033 0.025 0.029 0.39 0.003 0.007 0.021 0.055 0.032 0.032 0.033 0.033 0.025 0.22 0.03 0.003 0.39 0.007 0.022 0.055 0.031 0.031 0.032 0.032 0.148 0.148 0.04 0.007 0.007 0.207 0.021 0.44 0.042 0.026 0.026 0.026 0.026 0.034 0.313 0.314 0.24 0.001 0.161 0.161 0.206 0.185 0.538 0.01 0.004 0.004 0.459 0.015 0.346 0.346 0.001 0.261 0.261 0.133 0.473 0.473 0.78 0.334 0.815 0.815 0.463 0.002 0.837 0.837 0.86 0.563 0.528 0.502 0.535 0 0.509 0.248 0.248 0.424 0.128 0.351 0.351 0.013 0.202 0.203 0.109

2 bet 25, 1 raise 90, 2 call 90
0 0 0 0 0 0 0 0 0 0 0 0 1 1 1 0 0 0 0 0 0 0 0 0 0 0 0 0 0 0 0 0 0 0 0 0 0 0 0 0 0 0 0 0 0 1 1 0 0 0 0 0 0 0 0 0 0 0 0 0 1 1 0 0 0 0 0 0 0 0 0 0 0 0 1 1 0 0 0 0 0 0 0 0 0 0 0 0 0 1 1 0 0 1 0 1 1 0 1 1 1 0 0 1 1 0 0 1 1 0 0 1 1 0 0 1 1 0 1 1 1 0.239 0.941 0.943 0.997 0.997 1

root, 1 bet 7
0.363 0.362 0.334 0.42 0.42 0.483 0.54 0.54 0.57 0.531 0.565 0.564 0.484 0.533 0.533 0.517 0.573 0.573 0.569 0.568 0.575 0.575 0.414 0.595 0.595 0.577 0.458 0.486 0.516 0.52 0.504 0.349 0.621 0.369 0.379 0.39 0.671 0.48 0.475 0.512 0.52 0.501 0.458 0.348 0.366 0.615 0.377 0.387 0.672 0.421 0.419 0.461 0.468 0.524 0.524 0.385 0.371 0.371 0.514 0.408 0.428 0.584 0.265 0.255 0.303 0.289 0.072 0.487 0.486 0.506 0.255 0.422 0.422 0.433 0.501 0.435 0.487 0.677 0.676 0.543 0.738 0.585 0.585 0.576 0.589 0.589 0.591 0.458 0.459 0.499 0.523 0.515 0.515 0.563 0.596 0.501 0.501 0.531 0.535 0.494 0.539 0.513 0.505 0.469 0.64 0.639 0.655 0.615 0.634 0.634 0.526 0.619 0.619 0.583

1 bet 7, 2 call 7
0.958 0.884 0.883 0.798 0.797 0.724 0.976 0.967 0.967 0.969 0.969 0.879 0.959 0.679 0.678 0.981 0.913 0.912 0.985 0.985 0.972 0.861 0.849 0.849 0.864 0.864 0.846 0.855 0.9 0.9 0.848 0.848 0.892 0.111 0.119 0.123 0.133 0.846 0.251 0.197 0.532 0.774 0 0.536 0.29 0.337 0.561 0.616 0.111 0.119 0.123 0.133 0.848 0.251 0.197 0.531 0 0.775 0.534 0.287 0.337 0.561 0.615 0.068 0.078 0.064 0.092 0.389 0.25 0.568 0.125 0.124 0.79 0.481 0.356 0.31 0.751 0 0 0 0 0.82 0 0 0.054 0.679 0.68 0.672 0.581 0.326 0.528 0.23 0.775 0.851 0.776 0.832 0.831 0.72 0.909 0.909 0.957 0.661 0.647 0.66 0.896 0.766 0.648 0.661 0.896 0.766 0.679 0.863 0.667 0.783 0.707 0.68 0.883 0.826 0.564 0.127 1 0.859 0.842 0.842 0.883 0.883 0.882

1 bet 7, 2 raise 24
0.042 0.116 0.117 0.202 0.203 0.276 0.024 0.033 0.033 0.031 0.031 0.121 0.041 0.321 0.322 0.019 0.087 0.088 0.015 0.015 0.028 0.139 0.151 0.151 0.136 0.136 0.154 0.145 0.1 0.1 0.152 0.152 0.108 0.248 0.246 0.261 0.058 0.154 0.003 0.013 0.098 0.226 0 0.008 0.007 0.663 0.439 0.384 0.247 0.245 0.26 0.056 0.152 0.003 0.012 0.098 0 0.225 0.008 0.007 0.663 0.439 0.385 0.169 0.168 0.183 0.199 0.016 0.015 0.073 0 0 0.21 0.12 0.644 0.69 0.249 0.044 0.043 0.05 0.011 0.18 0 0.003 0.029 0.097 0.097 0.325 0.419 0.674 0.472 0.157 0.225 0.149 0.224 0.168 0.169 0.28 0.091 0.091 0.043 0.161 0.353 0.34 0.104 0.234 0.352 0.339 0.104 0.234 0.321 0.137 0.333 0.217 0.293 0.32 0.117 0.174 0.436 0.873 0 0.141 0.158 0.158 0.117 0.117 0.118

1 bet 7, 2 raise 24, 1 call  24
0.004 0.004 0 0.15 0.151 0 0 0 0.993 0 0.994 0.994 0 0.995 0.995 0.995 0 0 1 0 1 1 0 1 1 1 0 0 0 0 0.85 0.14 0.459 0.185 0.348 0.407 0.003 0 0 0 0 0.85 1 0.142 0.187 0.459 0.35 0.409 0.004 0 0 0 0 0.989 0.988 0.241 0.188 0.19 0.847 0.429 0.999 0.004 0 0 0 0 0.302 1 1 0.995 0.092 0.34 0.341 0.463 0.378 1 0 0 0 0.999 0 0.996 0.996 0 0.986 0.986 0.925 0 0 0.519 0.001 0.265 0.264 1 0.003 0.244 0.243 0.192 1 1 1 1 1 1 0 0 1 0 1 1 0 1 1 1

2 raise 24, 1 raise  83
0.005 0.005 0 0.008 0.008 0 0.011 0.011 0.007 0.005 0.006 0.006 0 0.005 0.005 0.005 0 0 0 0 0 0 0 0 0 0 0.006 0.004 0.002 0.003 0.15 0.005 0.54 0.009 0.009 0.009 0.024 0.004 0.004 0.002 0.003 0.15 0 0.005 0.009 0.54 0.009 0.009 0.025 0.001 0.001 0 0 0.011 0.012 0.002 0.006 0.006 0.153 0.006 0.001 0.017 0 0 0 0 0.012 0 0 0.005 0.011 0.06 0.062 0.071 0.339 0 0 0 0 0.001 0 0.004 0.004 0 0.014 0.014 0.075 0.194 0.195 0.481 0.09 0.735 0.736 0 0.033 0.756 0.757 0.808 0 0 0 0 0 0 0.002 0.002 0 0.006 0 0 0 0 0 0

root, 1 bet 10
0.311 0.311 0.199 0.219 0.22 0.072 0.359 0.359 0.14 0.377 0.157 0.157 0.157 0.13 0.13 0.151 0.341 0.341 0.149 0.314 0.131 0.131 0.158 0.072 0.072 0.08 0.263 0.221 0.239 0.227 0.179 0.293 0.282 0.2 0.164 0.1 0.3 0.23 0.222 0.244 0.233 0.181 0.381 0.296 0.202 0.281 0.167 0.104 0.305 0.23 0.222 0.241 0.237 0.339 0.339 0.293 0.219 0.219 0.258 0.14 0.414 0.289 0 0 0.001 0 0.062 0.281 0.281 0.268 0.089 0.303 0.303 0.253 0.243 0.342 0 0.246 0.245 0.25 0.2 0.235 0.235 0.121 0.225 0.225 0.222 0.387 0.388 0.305 0.378 0.328 0.328 0.148 0.279 0.333 0.333 0.335 0.166 0.263 0.008 0.216 0 0.084 0.238 0.238 0.118 0.215 0.132 0.132 0.036 0.192 0.192 0.189

1 bet 10, 2 call 10
0.967 0.983 0.983 0.996 0.996 0.999 1 1 1 1 1 1 1 1 1 1 1 1 1 1 1 0.981 0.995 0.995 0.915 0.915 0.929 1 1 1 0.954 0.954 0.94 0.161 0.164 0.156 0.105 0.952 0.099 0.121 0.366 0.996 0 0.134 0.279 0.631 0.882 0.919 0.161 0.164 0.156 0.105 0.953 0.099 0.122 0.368 0 0.997 0.136 0.279 0.631 0.881 0.919 0.117 0.121 0.082 0.13 0.248 0.144 0.396 0 0 0.998 0.547 0.749 0.697 0.947 0 0 0 0 0.898 0 0 0.082 0.298 0.297 0.856 0.919 0.614 0.906 0.327 0.996 1 0.996 1 1 0.742 0.999 0.999 0.937 0 0.82 0.867 0.999 0.93 0.821 0.866 0.999 0.932 0.855 0.989 0.91 0.911 0.827 0.839 0.999 0.638 1 0.817 1 1 1 1 0.985 0.987 0.909

1 bet 10, 2 raise 30
0.033 0.017 0.017 0.004 0.004 0.001 0 0 0 0 0 0 0 0 0 0 0 0 0 0 0 0.019 0.005 0.005 0.085 0.085 0.071 0 0 0 0.046 0.046 0.06 0.108 0.107 0.117 0 0.048 0 0 0 0.004 0 0 0 0.369 0.118 0.08 0.107 0.107 0.117 0 0.047 0 0 0 0 0.003 0 0 0.369 0.119 0.081 0.063 0.062 0.081 0.08 0 0 0 0 0 0.002 0.003 0.251 0.303 0.053 0.006 0.007 0.015 0 0.102 0 0 0.013 0.002 0.001 0.099 0.081 0.386 0.094 0.092 0.001 0 0.001 0 0 0 0.001 0.001 0.063 0 0.18 0.133 0.001 0.07 0.179 0.134 0.001 0.068 0.145 0.011 0.09 0.089 0.173 0.161 0.001 0.067 0 0.183 0 0 0 0 0.015 0.013 0.091

1 bet 10, 2 raise 30, 1 call  30
0.01 0.01 0 0.054 0.054 0 0 0 0.567 0 0.568 0.568 0 0.58 0.58 0.575 0 0 0.732 0 0.736 0.736 0 0.777 0.777 0.783 0 0 0 0 0.603 0.106 0.43 0.032 0.191 0.242 0.201 0 0 0 0 0.604 0.988 0.105 0.031 0.43 0.19 0.242 0.201 0 0 0 0 0.719 0.721 0.176 0.054 0.054 0.6 0.228 1 0.186 0 0 0 0 0.196 0.858 0.86 0.756 0.038 0.17 0.17 0.284 0.213 1 0 0 0 0.951 0 0.997 0.997 0 0.977 0.975 0.998 0 0 0.528 0 0.379 0.379 1 0 0.271 0.271 0.218 1 1 1 1 1 1 0 0 0.999 0 1 1 0 1 1 1

2 raise 30, 1 raise  80
0 0 0 0 0 0 0.009 0.009 0.255 0.022 0.26 0.26 0 0.282 0.282 0.329 0 0 0.268 0.001 0.264 0.264 0 0.223 0.223 0.217 0 0 0 0 0.394 0 0.481 0 0 0.001 0.093 0 0 0 0 0.393 0.012 0 0 0.48 0 0.001 0.091 0 0 0 0 0.281 0.279 0 0 0 0.128 0 0 0.052 0 0 0 0 0 0.142 0.14 0.244 0.001 0.044 0.044 0.051 0.293 0 0.018 0 0 0.049 0 0.003 0.003 0 0.023 0.025 0.002 0.25 0.25 0.472 0.137 0.621 0.621 0 0 0.729 0.729 0.782 0 0 0 0 0 0 0.03 0.029 0.001 0.079 0 0 0 0 0 0

root, 1 bet 15
0.113 0.113 0.071 0.001 0.001 0.002 0.027 0.027 0.003 0.04 0 0 0.012 0.003 0.004 0.002 0.019 0.02 0 0.02 0 0 0.062 0 0 0 0.117 0.023 0.006 0.002 0.003 0 0.041 0.027 0.016 0.018 0 0.044 0.045 0.015 0.003 0.004 0.079 0 0.036 0.049 0.021 0.024 0.001 0.071 0.067 0.036 0.022 0.011 0.011 0 0.027 0.027 0.076 0.008 0.124 0 0 0 0 0 0.002 0.015 0.014 0.021 0 0.041 0.041 0.021 0.003 0.073 0 0.001 0.001 0.006 0 0.006 0.006 0.001 0.004 0.005 0.005 0.044 0.043 0.007 0.013 0.054 0.054 0 0.014 0.046 0.045 0.028 0 0.002 0 0 0 0 0.052 0.055 0.003 0.069 0.002 0.002 0.006 0.002 0.002 0.002

1 bet 15, 2 call 15
0.923 0.938 0.929 1 1 0.999 0.737 0.789 0.78 0.965 0.949 0.998 1 1 1 0.679 0.82 0.819 0.982 0.98 0.999 0.559 0.555 0.555 0.823 0.822 0.811 0.816 0.87 0.869 0.996 0.995 0.994 0.057 0.072 0.072 0 1 0.002 0.16 0.285 0.993 0 0 0 1 1 0.9 0.072 0.083 0.081 0.001 1 0.004 0.171 0.295 0 0.999 0 0 1 1 0.916 0.018 0.046 0.071 0.121 0.126 0.087 0.34 0 0 1 0.186 1 1 0.965 0 0 0 0 1 0.001 0 0.071 0.023 0.022 0.505 0.831 1 1 0.392 0.502 1 0.5 1 1 0.094 1 1 1 0 0.91 1 1 0.804 0.91 1 1 0.804 0.987 1 1 0.69 0.985 1 1 0.479 1 1 1 0.999 0.999 0.999 1 1 0.999

1 bet 15, 2 raise 40
0 0 0 0 0 0 0 0 0 0 0 0 0 0 0 0 0 0 0 0 0 0 0 0 0 0 0 0 0 0 0 0 0 0 0 0 0 0 0 0 0 0 0 0 0 0 0 0 0 0 0 0 0 0 0 0 0 0 0 0 0 0 0 0 0 0 0 0 0 0 0 0 0 0 0 0 0 0 0 0 0 0 0 0 0 0 0 0 0 0 0 0 0 0 0 0 0 0 0 0 0 0 0 0 0 0 0 0 0 0 0.008 0 0 0.003 0 0 0 0.003 0 0 0 0 0 0 0 0 0

1 bet 15, 2 raise 40, 1 call  40
0.013 0.013 0.013 0.012 0.012 0.013 0.006 0.006 0.02 0.007 0.021 0.021 0.018 0.023 0.023 0.024 0.007 0.007 0.014 0.008 0.014 0.014 0.017 0.015 0.015 0.015 0.019 0.02 0.02 0.02 0.055 0.052 0.112 0.015 0.006 0.009 0.019 0.019 0.02 0.02 0.02 0.055 0.188 0.052 0.015 0.112 0.006 0.009 0.019 0.022 0.022 0.023 0.023 0.154 0.154 0.028 0.015 0.015 0.129 0.012 0.221 0.019 0.027 0.027 0.027 0.027 0.016 0.243 0.243 0.21 0.02 0.041 0.041 0.091 0.063 0.238 0.013 0.017 0.017 0.21 0.009 0.213 0.213 0.017 0.114 0.114 0.041 0.008 0.008 0.208 0.003 0.163 0.163 0.176 0.011 0.003 0.003 0.007 0.06 0.279 0.357 0.271 0.729 0.328 0.011 0.011 0.105 0.013 0.12 0.12 0.011 0.14 0.14 0.154

2 raise 40, 1 raise  75
0.018 0.018 0.02 0.041 0.041 0.019 0.382 0.382 0.584 0.348 0.582 0.582 0.026 0.579 0.579 0.577 0.341 0.341 0.754 0.306 0.753 0.753 0.024 0.749 0.749 0.748 0.028 0.028 0.029 0.028 0.527 0.021 0.529 0.021 0.009 0.112 0.025 0.028 0.028 0.029 0.028 0.527 0.811 0.021 0.021 0.529 0.009 0.112 0.025 0.029 0.029 0.03 0.029 0.845 0.845 0.011 0.021 0.021 0.345 0.016 0.779 0.022 0.04 0.04 0.041 0.041 0.027 0.755 0.754 0.786 0.038 0.139 0.139 0.128 0.309 0.762 0.018 0.025 0.025 0.59 0.013 0.362 0.362 0.027 0.096 0.096 0.059 0.271 0.271 0.789 0.202 0.828 0.828 0.824 0.017 0.98 0.98 0.944 0.939 0.721 0.643 0.729 0.271 0.664 0.16 0.16 0.614 0.048 0.528 0.528 0.019 0.401 0.401 0.326

root, 1 bet 20
0 0 0 0 0 0 0 0 0 0.001 0 0 0 0 0 0 0 0 0 0 0 0 0 0 0 0 0 0 0 0 0 0 0.001 0 0 0 0 0 0 0 0 0 0.001 0 0 0.001 0 0 0 0 0 0 0 0 0 0 0.001 0.001 0.001 0 0 0.001 0 0 0 0 0 0.001 0.001 0 0 0 0 0 0 0.001 0 0 0 0 0 0 0 0 0 0 0 0.001 0.001 0 0.001 0 0 0 0 0 0 0 0 0 0 0 0 0 0 0 0 0 0 0 0 0 0 0

1 bet 20, 2 call 20
0.392 0.392 0.392 0.384 0.384 0.384 0.355 0.356 0.356 0.318 0.318 0.318 0.991 0.992 0.992 0.445 0.475 0.475 0.434 0.434 0.462 0.5 0.505 0.505 0.513 0.513 0.518 0.729 0.727 0.727 0.701 0.701 0.7 0.124 0.126 0.122 0.03 0.972 0.046 0.155 0.209 0.483 0.003 0.104 0.01 0.994 0.994 0.381 0.126 0.128 0.124 0.032 0.97 0.048 0.157 0.211 0.004 0.484 0.107 0.011 0.995 0.994 0.382 0.137 0.142 0.138 0.144 0.203 0.18 0.246 0.048 0.048 0.57 0.09 0.974 0.959 0.45 0.006 0.006 0.006 0.006 0.987 0.006 0.006 0.022 0.15 0.15 0.24 0.24 0.993 0.993 0.172 0.577 0.996 0.577 0.991 0.991 0.416 0.99 0.99 0.849 0.002 0.886 0.996 0.996 0.776 0.885 0.997 0.996 0.775 0.844 0.993 0.993 0.683 0.495 0.849 0.912 0.458 0.992 0.992 0.995 0.983 0.984 0.984 0.99 0.99 0.99

1 bet 20, 2 raise 50
0 0 0 0 0 0 0 0 0 0 0 0 0.009 0.008 0.008 0.014 0.011 0.011 0.016 0.016 0.012 0.017 0.014 0.014 0.017 0.017 0.014 0.004 0.005 0.005 0.009 0.008 0.009 0 0 0 0 0.028 0 0 0 0 0 0 0 0.006 0.006 0 0 0 0 0 0.03 0 0 0 0 0 0 0 0.005 0.006 0 0.001 0.001 0.001 0.001 0 0 0 0.001 0.001 0 0.001 0.026 0.041 0 0.001 0.001 0.001 0.001 0.011 0.001 0.001 0.001 0 0 0 0 0.007 0.007 0 0 0.003 0 0.007 0.007 0 0.009 0.009 0.15 0 0 0.004 0.004 0 0 0.003 0.004 0 0 0.007 0.007 0 0.258 0.151 0.088 0.011 0.008 0.008 0.005 0.007 0.007 0.007 0.009 0.009 0.01

1 bet 20, 2 raise 50, 1 call  50
0.1 0.098 0 0.127 0.125 0 0 0 0.18 0 0.184 0.184 0 0.182 0.182 0.187 0 0 0.069 0 0.071 0.071 0 0.068 0.068 0.071 0.035 0.025 0.029 0.03 0.03 0.216 0.004 0.069 0.06 0 0.104 0.019 0.023 0.026 0.027 0.031 0.029 0.215 0.067 0.004 0.059 0 0.103 0.064 0.068 0.073 0.073 0 0 0.208 0.07 0.07 0.157 0 0 0.156 0 0 0 0 0.075 0.002 0.003 0 0 0.04 0.04 0.028 0 0 0 0 0 0 0 0 0 0 0 0 0 0.003 0.003 0 0 0 0 0 0 0 0 0 0 0.056 0.045 0 0.425 0.06 0.022 0.023 0.001 0.003 0.001 0.001 0 0.001 0.001 0.001

2 raise 50, 1 raise  70
0 0 0 0.001 0.001 0 0.235 0.235 0.82 0.074 0.816 0.816 0 0.818 0.817 0.813 0.299 0.299 0.931 0.171 0.929 0.929 0.003 0.932 0.932 0.929 0.046 0.033 0.034 0.033 0.965 0.196 0.98 0.197 0.232 0 0.274 0.032 0.031 0.032 0.031 0.964 0.971 0.194 0.195 0.979 0.23 0 0.271 0.001 0.001 0.001 0.001 1 1 0.307 0.205 0.205 0.419 0 1 0.239 0 0 0 0 0.403 0.998 0.997 1 0 0.377 0.377 0.435 0.085 1 0.007 0.153 0.153 1 0.428 1 1 0 1 1 1 0.469 0.469 1 0.583 1 1 1 0.002 1 1 1 1 0.944 0.955 1 0.575 0.94 0.145 0.145 0.999 0.122 0.999 0.999 0.001 0.999 0.999 0.999

root, 1 bet 25
0 0 0 0 0 0 0 0 0 0 0 0 0 0 0 0 0 0 0 0 0 0 0 0 0 0 0 0 0 0 0 0 0.001 0 0.001 0 0 0 0 0 0 0 0 0 0 0.001 0.001 0 0 0 0 0 0 0 0 0 0 0 0 0 0 0 0 0 0 0 0 0 0 0 0 0 0 0 0 0 0 0 0 0 0 0 0 0 0 0 0 0 0 0 0 0 0 0 0.001 0.001 0.001 0 0 0 0 0 0 0 0 0 0 0 0 0 0 0 0 0

1 bet 25, 2 call 25
0.2 0.197 0.197 0.197 0.197 0.193 0.211 0.202 0.202 0.196 0.196 0.185 0.951 0.926 0.926 0.245 0.248 0.248 0.241 0.241 0.245 0.244 0.244 0.244 0.245 0.245 0.245 0.344 0.343 0.343 0.344 0.344 0.343 0.098 0.1 0.103 0.105 0.37 0.114 0.115 0.138 0.188 0.06 0.131 0.098 0.576 0.594 0.175 0.098 0.099 0.103 0.105 0.37 0.114 0.114 0.138 0.06 0.188 0.131 0.097 0.576 0.594 0.175 0.115 0.115 0.116 0.118 0.135 0.134 0.153 0.103 0.103 0.231 0.134 0.622 0.591 0.185 0.011 0.011 0.011 0.013 0.259 0.015 0.021 0.034 0.106 0.106 0.165 0.141 0.548 0.565 0.093 0.126 0.651 0.126 0.619 0.619 0.127 0.623 0.623 0.575 0.032 0.238 0.576 0.585 0.192 0.238 0.576 0.585 0.192 0.322 0.576 0.561 0.256 0.224 0.549 0.56 0.143 0.655 0.625 0.996 0.503 0.501 0.501 0.505 0.505 0.504

1 bet 25, 2 raise 90
0.061 0.056 0.056 0.052 0.052 0.047 0.042 0.035 0.035 0.027 0.027 0.022 0.049 0.074 0.074 0.037 0.038 0.038 0.037 0.037 0.038 0.038 0.039 0.039 0.038 0.038 0.039 0.033 0.033 0.033 0.032 0.032 0.032 0.122 0.122 0.121 0.112 0.255 0.038 0.015 0.043 0.133 0.004 0.065 0.022 0.424 0.406 0.106 0.122 0.122 0.121 0.112 0.254 0.037 0.015 0.043 0.004 0.133 0.065 0.022 0.424 0.406 0.106 0.127 0.127 0.127 0.126 0.037 0.007 0.013 0.001 0.001 0.217 0.056 0.378 0.409 0.135 0.057 0.057 0.057 0.047 0.229 0.033 0.034 0.034 0.06 0.06 0.133 0.104 0.452 0.435 0.058 0.05 0.324 0.05 0.381 0.381 0.048 0.377 0.377 0.425 0.005 0.161 0.424 0.415 0.146 0.161 0.424 0.415 0.146 0.244 0.424 0.439 0.181 0.188 0.451 0.44 0.136 0.345 0.375 0.004 0.076 0.104 0.104 0.101 0.101 0.128

1 bet 25, 2 raise 90, 1 call  90
0 0 0 0 0 0 0 0 0.998 0 0.998 0.998 0 0.998 0.998 0.998 0 0 1 0 1 1 0 1 1 1 0 0 0 0 1 0 1 0 0 0 0 0 0 0 0 1 1 0 0 1 0 0 0 0 0 0 0 1 1 0 0 0 0.985 0 1 0 0 0 0 0 0 1 1 1 0 0 0 0 0 1 0 0 0 1 0 1 1 0 1 1 1 0 0 1 0 1 1 1 0 1 1 1 1 1 1 1 1 1 0 0 1 0 1 1 0 1 1 1
