game = '6-max Cash', preflop situation = 'MP openraise BB 3bet MP call', stack = '90', pot = '20', bets = '33 50 75 100 125'

OOP preflop range
6c5c_0.25 6d5d_0.25 6h5h_0.25 6s5s_0.25 7c6c_0.50 7d6d_0.50 7h6h_0.50 7s6s_0.50 8c7c_0.50 8d7d_0.50 8d8c_0.25 8h7h_0.50 8h8c_0.25 8h8d_0.25 8s7s_0.50 8s8c_0.25 8s8d_0.25 8s8h_0.25 9c8c_0.25 9d8d_0.25 9d9c_0.25 9h8h_0.25 9h9c_0.25 9h9d_0.25 9s8s_0.25 9s9c_0.25 9s9d_0.25 9s9h_0.25 Ac2c_0.50 Ac3c_0.25 Ac4c_0.25 Ac5c_0.50 Ac6c_0.50 AcJc_0.50 AcKc_1 AcKd_0.75 AcKh_0.75 AcQc_1 AcTc_0.25 Ad2d_0.50 Ad3d_0.25 Ad4d_0.25 Ad5d_0.50 Ad6d_0.50 AdAc_1 AdJd_0.50 AdKc_0.75 AdKd_1 AdKh_0.75 AdQd_1 AdTd_0.25 As2s_0.50 As3s_0.25 As4s_0.25 As5s_0.50 As6s_0.50 AsAc_1 AsAd_1 AsJs_0.50 AsKc_0.75 AsKd_0.75 AsKh_0.75 AsQs_1 Jc9c_0.25 Jd9d_0.25 JdJc_0.75 Jh9h_0.25 JhJc_0.75 JhJd_0.75 Js9s_0.25 JsJc_0.75 JsJd_0.75 JsJh_0.75 KcJc_0.75 KcQc_1 KdJd_0.75 KdKc_1 KdQd_1 KhJh_0.75 KhKc_1 KhKd_1 KhQh_1 QcJc_0.75 QcTc_0.25 QdJd_0.75 QdQc_1 QdTd_0.25 QhJh_0.75 QhQc_1 QhQd_1 QhTh_0.25 QsJs_0.75 QsQc_1 QsQd_1 QsQh_1 Tc9c_0.25 Td9d_0.25 TdTc_0.50 Th9h_0.25 ThTc_0.50 ThTd_0.50

IP preflop range
4d4c_0.25 4h4c_0.25 4h4d_0.25 4s4c_0.25 4s4d_0.25 4s4h_0.25 5d5c_0.25 5h5c_0.25 5h5d_0.25 5s5c_0.25 5s5d_0.25 5s5h_0.25 6d6c_0.50 6h6c_0.50 6h6d_0.50 6s6c_0.50 6s6d_0.50 6s6h_0.50 7d7c_0.50 7h7c_0.50 7h7d_0.50 7s7c_0.50 7s7d_0.50 7s7h_0.50 8d8c_1 8h8c_1 8h8d_1 8s8c_1 8s8d_1 8s8h_1 9d9c_1 9h9c_1 9h9d_1 9s9c_1 9s9d_1 9s9h_1 Ac2c_1 Ac3c_1 Ac4c_1 Ac5c_1 Ac6c_1 Ac7c_1 Ac8c_1 Ac9c_1 AcJc_0.75 AcJd_1 AcJh_1 AcJs_1 AcQc_0.50 AcQd_1 AcQh_1 AcQs_1 AcTc_1 Ad2d_1 Ad3d_1 Ad4d_1 Ad5d_1 Ad6d_1 Ad7d_1 Ad8d_1 Ad9d_1 AdJc_1 AdJd_0.75 AdJh_1 AdJs_1 AdQc_1 AdQd_0.50 AdQh_1 AdQs_1 AdTd_1 As2s_1 As3s_1 As4s_1 As5s_1 As6s_1 As7s_1 As8s_1 As9s_1 AsJc_1 AsJd_1 AsJh_1 AsJs_0.75 AsQc_1 AsQd_1 AsQh_1 AsQs_0.50 JcTc_0.50 JdJc_1 JdTd_0.50 JhJc_1 JhJd_1 JhTh_0.50 JsJc_1 JsJd_1 JsJh_1 KcJc_1 KcQc_1 KcQd_1 KcQh_1 KcQs_1 KcTc_0.50 KdJd_1 KdQc_1 KdQd_1 KdQh_1 KdQs_1 KdTd_0.50 KhJh_1 KhQc_1 KhQd_1 KhQh_1 KhQs_1 KhTh_0.50 QcJc_0.50 QdJd_0.50 QdQc_1 QhJh_0.50 QhQc_1 QhQd_1 QsJs_0.50 QsQc_1 QsQd_1 QsQh_1 TdTc_1 ThTc_1 ThTd_1

root, 1 check
0.481 0.481 0 0 0.387 0.387 0 0 0.818 0.818 0.44 0 0.221 0.221 0 0.001 0.001 0 0.998 0.998 0.412 0.006 0.257 0.257 0 0.002 0.002 0 0.03 0.022 0.017 0.016 0.025 0.02 0.003 0.002 0.002 0.025 0 0.03 0.022 0.017 0.016 0.025 0.032 0.02 0.002 0.003 0.002 0.025 0 0.001 0.001 0 0.001 0.001 0.01 0.01 0.084 0.003 0.003 0.002 0.062 0 0 0 0 0 0 0 0.002 0.002 0.007 0.009 0.016 0.009 0.027 0.015 0.001 0.029 0.029 0.003 0.007 0 0.007 0.013 0 0.006 0.007 0.007 0 0.002 0.012 0.012 0.021 0 0 0.004 0 0.001 0.001

1 check, 2 check
0.284 0.257 0.257 0.327 0.327 0.305 0.393 0.317 0.317 0.401 0.401 0.328 0.7 0.49 0.49 0.59 0.59 0.432 0.803 0.497 0.497 0.625 0.625 0.433 0.827 0.626 0.626 0.63 0.63 0.501 0.757 0.688 0.688 0.654 0.654 0.587 0.556 0.551 0.561 0.606 0.841 0.995 1 0.999 0.976 0.983 0.979 0.704 0.657 0.644 0.728 0.187 0.581 0.556 0.551 0.561 0.606 0.841 0.995 1 0.999 0.983 0.976 0.979 0.704 0.644 0.657 0.728 0.187 0.581 0.445 0.45 0.455 0.454 0.496 0.48 0.422 0.401 0.601 0.601 0.557 0.174 0.33 0.33 0.381 0.021 0.697 0.545 0.697 0.679 0.679 0.984 0.68 0.68 0.756 0.783 0.69 0.714 0.662 0.822 0.297 0.783 0.714 0.69 0.662 0.822 0.297 0.853 0.7 0.7 1 0.781 0.36 0.1 0.1 0.401 0.003 0.405 0.405 0.003 0.666 0.666 0.719 0.363 0.361 0.361

1 check, 2 bet 7
0.419 0.411 0.411 0.364 0.364 0.36 0.412 0.41 0.41 0.363 0.363 0.354 0.286 0.347 0.347 0.304 0.304 0.317 0.183 0.301 0.301 0.264 0.264 0.313 0.169 0.331 0.331 0.299 0.299 0.351 0.236 0.29 0.29 0.277 0.277 0.307 0.227 0.227 0.218 0.205 0.122 0.003 0 0 0.006 0.006 0.005 0.227 0.251 0.262 0.223 0.416 0.324 0.227 0.227 0.218 0.205 0.122 0.003 0 0 0.006 0.006 0.005 0.227 0.262 0.251 0.223 0.416 0.324 0.353 0.351 0.347 0.338 0.312 0.306 0.324 0.341 0.322 0.322 0.329 0.418 0.37 0.37 0.391 0.513 0.263 0.254 0.263 0.202 0.202 0.016 0.239 0.239 0.195 0.192 0.194 0.204 0.212 0.14 0.359 0.192 0.204 0.194 0.212 0.14 0.359 0.112 0.196 0.196 0 0.155 0.351 0.532 0.532 0.356 0.539 0.359 0.359 0.68 0.188 0.188 0.146 0.387 0.388 0.388

2 bet 7, 1 call 7
0 0 0 1 0 0 0 1 0 0 0.009 0.002 0.012 0.012 1 0.367 0.367 0.539 0 0 0.007 0 0.012 0.012 1 0.366 0.366 0.477 0.014 0.026 0.336 0.058 0.146 0.417 0 0 0 0 1 0.014 0.026 0.336 0.058 0.146 0.002 0.417 0 0 0 0 1 1 1 0.996 0.996 0.969 0.273 0.273 0.042 0.02 0.02 0.018 0.05 0.01 0.01 0.003 0.754 0.002 0.002 1 0.068 0.068 0.017 0.17 0.322 0.17 0.04 0.322 1 0.003 0.003 0.883 0 0.001 0 0.001 0.001 0 0 0 0.963 0 0.039 0.039 0.019 0.041 0.041 0 1 0 0

2 bet 7, 1 raise 24
0 0 0.969 0 0.003 0.003 0.965 0 0 0 0.101 0.479 0.044 0.044 0 0.61 0.61 0.439 0 0 0.073 0 0.052 0.052 0 0.597 0.597 0.493 0.986 0.974 0.664 0.942 0.854 0.583 1 1 1 1 0 0.986 0.974 0.664 0.942 0.854 0.998 0.583 1 1 1 1 0 0 0 0.004 0.004 0.031 0.727 0.727 0.958 0.98 0.98 0.982 0.95 0.979 0.979 0.997 0.245 0.998 0.998 0 0.932 0.932 0.982 0.83 0.677 0.83 0.96 0.677 0 0.997 0.997 0.117 1 0.999 1 0.998 0.999 1 1 1 0.037 1 0.96 0.96 0.981 0.959 0.959 1 0 1 1

2 bet 7, 1 raise 24, 2 call 24
0 0 0 0 0 0 0 0 0 0 0 0 0 0 0 0 0 0.001 0 0 0 0 0 0 0 0 0 0 0 0 0 0 0 0 0 0 0.023 0.02 0.019 0.023 0.022 0.022 0.009 0.015 0.693 0.702 0.682 0.492 0.393 0.429 0.39 0.174 0.5 0.023 0.02 0.019 0.023 0.022 0.022 0.009 0.015 0.702 0.693 0.682 0.492 0.429 0.393 0.39 0.174 0.5 0.19 0.187 0.191 0.206 0.238 0.268 0.284 0.304 0.477 0.477 0.469 0.746 0.322 0.322 0.286 0.486 0.56 0.108 0.56 0.169 0.169 0.979 0.486 0.486 0.527 0.977 0.308 0.303 0.269 0.935 0.471 0.977 0.303 0.308 0.269 0.935 0.471 0.994 0.356 0.356 0.639 0.91 0.484 0.997 0.997 0 0.666 0 0 0.994 0.459 0.459 0.349 0.273 0.275 0.275

1 raise 24, 2 raise 83
0 0 0 0 0 0 0 0 0 0 0 0 0 0 0 0 0 0 0 0 0 0 0 0 0 0 0 0 0 0 0 0 0 0 0 0 0 0 0 0 0 0 0 0 0.307 0.297 0.318 0.507 0.606 0.569 0.605 0.826 0.5 0 0 0 0 0 0 0 0 0.297 0.307 0.318 0.507 0.568 0.606 0.605 0.826 0.5 0.81 0.813 0.809 0.794 0.762 0.732 0.716 0.696 0.523 0.523 0.531 0.254 0.678 0.678 0.714 0.514 0 0 0 0 0 0 0 0 0 0.001 0 0 0 0.061 0.529 0.001 0 0 0 0.061 0.529 0.004 0.001 0.001 0.001 0.088 0.516 0.003 0.003 0 0.334 0 0 0.006 0 0 0 0.727 0.725 0.725

1 check, 2 bet 10
0.218 0.223 0.223 0.212 0.212 0.215 0.184 0.204 0.204 0.191 0.191 0.208 0.01 0.135 0.135 0.096 0.096 0.166 0.004 0.126 0.126 0.092 0.092 0.169 0 0.032 0.032 0.062 0.062 0.13 0.003 0.015 0.015 0.061 0.061 0.095 0.183 0.186 0.187 0.164 0.027 0 0 0 0.002 0.001 0.001 0.045 0.049 0.053 0.011 0.241 0.072 0.183 0.186 0.187 0.164 0.027 0 0 0 0.001 0.002 0.001 0.045 0.053 0.049 0.011 0.241 0.072 0.179 0.177 0.175 0.178 0.163 0.173 0.191 0.212 0.058 0.058 0.097 0.262 0.203 0.203 0.19 0.301 0.038 0.166 0.038 0.101 0.101 0 0.076 0.076 0.044 0.019 0.091 0.064 0.11 0.035 0.291 0.019 0.064 0.091 0.11 0.035 0.291 0.031 0.077 0.077 0 0.058 0.256 0.256 0.256 0.219 0.293 0.22 0.22 0.285 0.112 0.112 0.114 0.205 0.205 0.205

2 bet 10, 1 call 10
0 0 0 1 0 0 0 1 0 0 0 0 0 0 1 0 0 0.001 0 0 0 0 0 0 1 0 0 0.001 0.191 0.429 0.85 0.613 0.719 0.998 0 0 0 0.196 1 0.191 0.429 0.85 0.613 0.719 0.001 0.998 0 0 0 0.196 1 0.965 0.99 0.991 0.986 0.976 0.882 0.882 0.224 0.997 0.997 0.995 0.196 0 0 0.443 0.782 0.08 0.08 1 0.611 0.611 0.335 0.776 0.78 0.776 0.043 0.78 1 0.021 0.021 1 0 0.001 0 0.002 0.001 0 0 0 1 0 0.058 0.058 0.046 0.011 0.011 0.005 1 0 0

2 bet 10, 1 raise 30
0 0 0.018 0 0 0 0.003 0 0.002 0.002 0.08 0 0.004 0.004 0 0.58 0.58 0.44 0.002 0.002 0.11 0.001 0.047 0.047 0 0.63 0.63 0.573 0.808 0.571 0.148 0.381 0.273 0.002 1 1 1 0.804 0 0.808 0.571 0.148 0.381 0.273 0.999 0.002 1 1 1 0.804 0 0.035 0.01 0.009 0.014 0.024 0.118 0.118 0.776 0.003 0.003 0.005 0.804 0.368 0.368 0.547 0.212 0.916 0.916 0 0.389 0.389 0.665 0.221 0.218 0.221 0.957 0.218 0 0.979 0.979 0 1 0.999 1 0.798 0.999 1 0.705 0.705 0 1 0.942 0.942 0.954 0.988 0.988 0.995 0 1 1

2 bet 10, 1 raise 30, 2 call 30
0 0 0 0 0 0 0 0 0 0 0 0 0 0 0 0 0 0 0 0 0 0 0 0 0 0 0 0 0 0 0 0 0 0 0 0 0.002 0.002 0.002 0.002 0.003 0.002 0 0 0.441 0.448 0.435 0.298 0.202 0.249 0.23 0.022 0.292 0.002 0.002 0.002 0.002 0.003 0.002 0 0 0.448 0.441 0.435 0.298 0.249 0.202 0.23 0.022 0.292 0.006 0.005 0.006 0.01 0.035 0.066 0.107 0.155 0.333 0.333 0.326 0.388 0.211 0.211 0.19 0.117 0.415 0.023 0.415 0.067 0.067 0.768 0.324 0.324 0.38 0.774 0.131 0.146 0.075 0.721 0.202 0.774 0.146 0.131 0.075 0.721 0.202 0.988 0.184 0.184 0.379 0.744 0.26 0.69 0.69 0 0.227 0 0 0.974 0.18 0.18 0.058 0.055 0.059 0.059

1 raise 30, 2 raise 80
0 0 0 0 0 0 0 0 0 0 0 0 0 0 0 0 0 0 0 0 0 0 0 0 0 0 0 0 0 0 0 0 0 0 0 0 0 0 0 0 0 0 0 0 0.557 0.549 0.563 0.7 0.798 0.748 0.76 0.978 0.708 0 0 0 0 0 0 0 0 0.549 0.557 0.563 0.7 0.748 0.798 0.76 0.978 0.708 0.994 0.995 0.994 0.99 0.965 0.934 0.893 0.845 0.667 0.667 0.674 0.612 0.789 0.789 0.81 0.883 0 0 0 0 0 0 0 0 0 0.002 0 0 0 0.125 0.798 0.002 0 0 0 0.125 0.798 0.005 0 0 0.001 0.208 0.74 0.31 0.31 0 0.773 0 0 0.026 0 0 0 0.945 0.941 0.941

1 check, 2 bet 15
0.077 0.105 0.105 0.095 0.095 0.116 0.011 0.068 0.068 0.044 0.044 0.107 0.003 0.027 0.027 0.009 0.009 0.082 0.009 0.073 0.073 0.017 0.017 0.083 0.004 0.009 0.009 0.007 0.007 0.017 0.004 0.006 0.006 0.007 0.007 0.009 0.032 0.034 0.032 0.022 0.01 0.002 0 0.001 0.01 0.006 0.009 0.012 0.022 0.021 0.016 0.137 0.013 0.032 0.034 0.032 0.022 0.01 0.002 0 0.001 0.006 0.01 0.009 0.012 0.021 0.022 0.016 0.137 0.013 0.015 0.014 0.014 0.022 0.02 0.033 0.056 0.038 0.01 0.01 0.009 0.138 0.082 0.082 0.023 0.154 0.002 0.035 0.002 0.019 0.019 0 0.005 0.005 0.005 0.004 0.022 0.015 0.015 0.003 0.04 0.004 0.015 0.022 0.015 0.003 0.04 0.004 0.024 0.024 0 0.005 0.022 0.098 0.098 0.023 0.15 0.015 0.015 0.021 0.031 0.031 0.019 0.035 0.036 0.036

2 bet 15, 1 call 15
0 0 0 0.999 0 0 0 1 0 0 0 0 0 0 1 0 0 0 0 0 0 0 0 0 1 0 0 0 0.295 0.406 0.351 0.317 0.316 0.962 0.009 0.009 0.002 0.285 0.736 0.295 0.406 0.351 0.317 0.316 0.096 0.962 0.009 0.009 0.002 0.285 0.736 0.261 0.35 0.381 0.372 0.449 0.887 0.887 0.184 0.673 0.673 0.657 0.093 0 0 0.003 0.278 0.005 0.005 0.988 0.666 0.666 0.601 0.323 0.46 0.323 0.021 0.46 0.96 0.013 0.013 0.984 0.116 0.113 0.116 0.002 0.113 0.154 0.001 0.001 0.938 0.353 0.248 0.248 0.086 0.134 0.134 0.049 0.916 0.03 0.03

2 bet 15, 1 raise 40
0.021 0.021 0.018 0 0.021 0.021 0.012 0 0.022 0.022 0.03 0.014 0.027 0.027 0 0.08 0.08 0.06 0.027 0.027 0.038 0.024 0.035 0.035 0 0.077 0.077 0.071 0.098 0.071 0.019 0.026 0.022 0.004 0.991 0.991 0.998 0.715 0.264 0.098 0.071 0.019 0.026 0.022 0.904 0.004 0.991 0.991 0.998 0.715 0.264 0.739 0.65 0.619 0.628 0.551 0.113 0.113 0.816 0.327 0.327 0.343 0.907 0.033 0.033 0.029 0.053 0.053 0.053 0.012 0.106 0.106 0.216 0.016 0.016 0.016 0.979 0.016 0.012 0.987 0.987 0.005 0.884 0.622 0.884 0.107 0.622 0.846 0.363 0.363 0.024 0.647 0.658 0.658 0.797 0.565 0.565 0.951 0.025 0.97 0.97

2 bet 15, 1 raise 40, 2 call 40
0.006 0.006 0.006 0.008 0.008 0.008 0.005 0.006 0.006 0.007 0.007 0.008 0.003 0.005 0.005 0.006 0.006 0.008 0.001 0.003 0.003 0.004 0.004 0.008 0 0.002 0.002 0.003 0.003 0.007 0.002 0.004 0.004 0.006 0.006 0.008 0.014 0.014 0.014 0.013 0.011 0.008 0.005 0.008 0.255 0.23 0.259 0.178 0.016 0.05 0.048 0.004 0.043 0.014 0.014 0.014 0.013 0.011 0.008 0.005 0.008 0.23 0.255 0.259 0.178 0.05 0.016 0.048 0.004 0.043 0.013 0.014 0.014 0.014 0.014 0.016 0.017 0.016 0.267 0.267 0.275 0.152 0.071 0.071 0.08 0.123 0.235 0.043 0.235 0.042 0.042 0.623 0.116 0.116 0.159 0.505 0.065 0.068 0.044 0.456 0.064 0.505 0.068 0.065 0.044 0.456 0.064 0.656 0.068 0.068 0.096 0.449 0.119 0.116 0.115 0.032 0.081 0.026 0.026 0.333 0.052 0.052 0.044 0 0 0

1 raise 40, 2 raise 75
0.003 0.003 0.003 0.006 0.006 0.006 0.001 0.002 0.002 0.005 0.005 0.006 0 0 0 0.003 0.003 0.006 0 0 0 0.001 0.001 0.006 0 0 0 0 0 0.005 0 0 0 0.001 0.001 0.005 0.013 0.013 0.013 0.011 0.009 0.005 0.002 0.006 0.712 0.638 0.707 0.805 0.98 0.941 0.943 0.989 0.954 0.013 0.013 0.013 0.011 0.009 0.005 0.002 0.006 0.638 0.712 0.707 0.805 0.941 0.98 0.943 0.989 0.954 0.987 0.986 0.986 0.986 0.986 0.984 0.983 0.984 0.727 0.727 0.718 0.848 0.923 0.923 0.912 0.877 0.022 0.024 0.022 0.023 0.023 0.015 0.048 0.048 0.043 0.019 0.031 0.031 0.021 0.021 0.935 0.019 0.031 0.031 0.021 0.021 0.935 0.017 0.032 0.032 0.026 0.018 0.881 0.884 0.885 0.02 0.919 0.013 0.013 0.667 0.029 0.029 0.024 1 1 1

1 check, 2 bet 20
0.001 0.003 0.003 0.002 0.002 0.003 0.001 0.002 0.002 0.001 0.001 0.003 0 0.001 0.001 0.001 0.001 0.002 0.001 0.003 0.003 0.001 0.001 0.002 0 0.001 0.001 0.001 0.001 0.001 0 0.001 0.001 0.001 0.001 0.001 0.002 0.002 0.002 0.002 0.001 0 0 0 0.006 0.003 0.006 0.013 0.021 0.02 0.022 0.018 0.01 0.002 0.002 0.002 0.002 0.001 0 0 0 0.003 0.006 0.006 0.013 0.02 0.021 0.022 0.018 0.01 0.009 0.008 0.008 0.008 0.009 0.008 0.008 0.007 0.009 0.009 0.009 0.008 0.014 0.014 0.013 0.01 0 0.001 0 0.001 0.001 0 0 0 0.001 0.001 0.002 0.002 0.001 0 0.014 0.001 0.002 0.002 0.001 0 0.014 0 0.002 0.002 0 0.001 0.012 0.014 0.014 0.001 0.015 0.001 0.001 0.011 0.003 0.003 0.002 0.01 0.01 0.01

2 bet 20, 1 call 20
0.002 0.002 0.002 0.906 0.002 0.002 0.003 0.921 0.002 0.002 0.003 0.003 0.003 0.003 0.927 0.004 0.004 0.004 0.002 0.002 0.003 0.003 0.003 0.003 0.92 0.003 0.003 0.003 0.247 0.265 0.212 0.235 0.239 0.469 0 0 0 0.003 0.231 0.247 0.265 0.212 0.235 0.239 0.002 0.469 0 0 0 0.003 0.231 0.005 0.007 0.011 0.009 0.01 0.513 0.513 0.301 0.4 0.4 0.389 0.297 0.005 0.005 0.002 0.014 0.002 0.002 0.625 0.021 0.021 0.065 0.121 0.264 0.121 0.017 0.264 0.514 0.004 0.004 0.484 0.033 0.177 0.033 0.137 0.177 0.002 0.029 0.029 0.384 0.14 0.297 0.297 0.27 0.144 0.144 0.068 0.562 0.067 0.067

2 bet 20, 1 raise 50
0.014 0.014 0.014 0.019 0.015 0.015 0.014 0.011 0.015 0.015 0.018 0.014 0.017 0.017 0.008 0.017 0.017 0.016 0.015 0.015 0.02 0.015 0.019 0.019 0.014 0.012 0.012 0.012 0.006 0.006 0.005 0.006 0.006 0.443 1 1 1 0.997 0.769 0.006 0.006 0.005 0.006 0.006 0.998 0.443 1 1 1 0.997 0.769 0.995 0.993 0.989 0.991 0.99 0.487 0.487 0.699 0.6 0.6 0.611 0.703 0.017 0.017 0.008 0.017 0.009 0.009 0.336 0.013 0.013 0.029 0.006 0.038 0.006 0.983 0.038 0.085 0.996 0.996 0.162 0.967 0.452 0.967 0.304 0.452 0.998 0.305 0.305 0.503 0.86 0.434 0.434 0.383 0.1 0.1 0.932 0.03 0.933 0.933

2 bet 20, 1 raise 50, 2 call 50
0.004 0.004 0.004 0.007 0.007 0.007 0.003 0.004 0.004 0.005 0.005 0.007 0.002 0.003 0.003 0.004 0.004 0.007 0 0.002 0.002 0.003 0.003 0.007 0 0 0 0.002 0.002 0.006 0.001 0.003 0.003 0.004 0.004 0.007 0.015 0.015 0.015 0.013 0.01 0.006 0.003 0.007 0.255 0.184 0.269 0.267 0.181 0.198 0.212 0.103 0.239 0.015 0.015 0.015 0.013 0.01 0.006 0.003 0.007 0.184 0.255 0.269 0.267 0.198 0.181 0.212 0.103 0.239 0 0 0 0 0 0 0 0 0.164 0.164 0.172 0 0 0 0 0.002 0.075 0.068 0.075 0.065 0.065 0.646 0.086 0.086 0.083 0.192 0.055 0.057 0.052 0.295 0.289 0.192 0.057 0.055 0.052 0.295 0.289 0.458 0.057 0.057 0.066 0.221 0.329 0 0 0.07 0.001 0.062 0.062 0.02 0.093 0.093 0.09 0 0 0

1 raise 50, 2 raise 70
0.005 0.005 0.005 0.007 0.007 0.007 0.003 0.004 0.004 0.006 0.006 0.007 0 0.002 0.002 0.005 0.005 0.007 0 0 0 0.002 0.002 0.007 0 0 0 0 0 0.006 0 0.001 0.001 0.003 0.003 0.006 0.015 0.015 0.015 0.012 0.009 0.006 0.004 0.007 0.673 0.591 0.647 0.729 0.819 0.801 0.788 0.896 0.761 0.015 0.015 0.015 0.012 0.009 0.006 0.004 0.007 0.591 0.673 0.647 0.729 0.801 0.819 0.788 0.896 0.761 1 1 1 1 1 1 1 1 0.833 0.833 0.826 1 1 1 1 0.998 0.038 0.03 0.038 0.027 0.027 0.02 0.055 0.055 0.05 0.041 0.044 0.045 0.038 0.032 0.711 0.041 0.045 0.044 0.038 0.032 0.711 0.028 0.046 0.046 0.047 0.037 0.671 1 1 0.037 0.999 0.026 0.026 0.98 0.059 0.059 0.052 1 1 1

1 check, 2 bet 25
0 0.001 0.001 0 0 0.001 0 0 0 0 0 0.001 0 0 0 0 0 0 0 0.001 0.001 0 0 0 0 0 0 0 0 0 0 0 0 0 0 0 0 0 0 0 0 0 0 0 0 0 0 0 0 0 0 0.001 0 0 0 0 0 0 0 0 0 0 0 0 0 0 0 0 0.001 0 0 0 0 0 0 0 0 0 0 0 0 0 0.001 0.001 0.001 0 0 0 0 0 0 0 0 0 0 0.001 0 0 0 0 0 0.001 0 0 0 0 0 0 0.001 0.001 0 0 0 0 0 0 0 0 0 0 0 0 0 0 0 0

2 bet 25, 1 call 25
0.001 0.001 0.001 0.462 0.001 0.001 0.001 0.453 0.001 0.001 0 0.001 0 0 0.446 0 0 0 0 0 0 0.001 0 0 0.473 0 0 0 0.125 0.131 0.094 0.115 0.103 0.392 0.084 0.084 0.079 0.101 0.163 0.125 0.131 0.094 0.115 0.103 0.097 0.392 0.084 0.084 0.079 0.101 0.163 0.071 0.072 0.072 0.074 0.077 0.655 0.655 0.119 0.073 0.073 0.071 0.221 0.001 0.001 0 0.002 0 0 0.719 0.023 0.023 0.034 0.152 0.175 0.152 0.124 0.175 0.301 0.121 0.121 0.287 0.116 0.152 0.116 0.139 0.152 0.112 0.139 0.139 0.245 0.162 0.25 0.25 0.254 0.074 0.074 0.116 0.162 0.115 0.115

2 bet 25, 1 raise 90
0.005 0.005 0.006 0.094 0.006 0.006 0.006 0.093 0.006 0.006 0.006 0.006 0.006 0.006 0.109 0.006 0.006 0.006 0.006 0.006 0.006 0.006 0.006 0.006 0.136 0.006 0.006 0.006 0.028 0.027 0.007 0.007 0.007 0.557 0.916 0.916 0.921 0.899 0.837 0.028 0.027 0.007 0.007 0.007 0.903 0.557 0.916 0.916 0.921 0.899 0.837 0.929 0.928 0.928 0.926 0.923 0.345 0.345 0.881 0.927 0.927 0.929 0.779 0.006 0.006 0.005 0.007 0.006 0.006 0.281 0.006 0.006 0.007 0.01 0.076 0.01 0.876 0.076 0.045 0.879 0.879 0.137 0.884 0.089 0.884 0.161 0.089 0.888 0.169 0.169 0.154 0.838 0.188 0.188 0.194 0.007 0.007 0.884 0.019 0.885 0.885

2 bet 25, 1 raise 90, 2 call 90
0 0 0 0 0 0 0 0 0 0 0 0 0 0 0 0 0 0 0 0 0 0 0 0 0 0 0 0 0 0 0 0 0 0 0 0 0 0 0 0 0 0 0 0.001 0.515 0.414 0.522 0.658 1 0.995 1 1 1 0 0 0 0 0 0 0 0.001 0.414 0.515 0.522 0.658 0.995 1 1 1 1 1 1 1 1 1 1 1 1 0.698 0.698 0.806 1 1 1 1 1 0 0 0 0 0 0 0 0 0 0 0 0 0 0 1 0 0 0 0 0 1 0 0 0 0 0 1 1 1 0 1 0 0 1 0 0 0 1 1 1

root, 1 bet 7
0.136 0.136 0.231 0.274 0.138 0.138 0.206 0.215 0.073 0.073 0.228 0.252 0.115 0.115 0.199 0.203 0.203 0.127 0.001 0.001 0.271 0.309 0.155 0.155 0.196 0.242 0.242 0.163 0.368 0.451 0.471 0.404 0.456 0.416 0.129 0.14 0.15 0.096 0.133 0.368 0.451 0.471 0.404 0.456 0.15 0.416 0.14 0.129 0.15 0.096 0.133 0.115 0.148 0.135 0.122 0.141 0.181 0.181 0.555 0.167 0.167 0.198 0.144 0.204 0.204 0.013 0.083 0.059 0.059 0.089 0.111 0.111 0.166 0.21 0.084 0.21 0.132 0.084 0.214 0.153 0.153 0.206 0.142 0.348 0.142 0.083 0.348 0.187 0.072 0.072 0.372 0.255 0.095 0.095 0.144 0.012 0.012 0.148 0.054 0.124 0.124

1 bet 7, 2 call 7
0 0 0 0.455 0.455 0.645 0 0 0 0.398 0.398 0.691 0 0 0 0.121 0.121 0.537 0 0 0 0.266 0.266 0.325 0 0 0 0.075 0.075 0.096 0 0 0 0.01 0.01 0.224 0.627 0.615 0.619 0.617 0.64 0.724 0.965 1 1 1 1 1 1 1 1 0.995 1 0.627 0.615 0.619 0.617 0.64 0.724 0.965 1 1 1 1 1 1 1 1 0.995 1 1 1 1 1 1 1 1 1 1 1 1 0.999 0.861 0.861 0.984 0.924 1 0.818 1 0.829 0.829 1 1 1 0.998 0.968 0.951 0.996 1 0.973 1 0.968 0.996 0.951 1 0.973 1 1 0.946 0.946 1 0.993 1 1 1 0.189 1 0.252 0.252 1 0.996 0.996 0.999 1 1 1

1 bet 7, 2 raise 24
0 0 0 0 0 0 0 0 0 0 0 0 0 0 0 0 0 0 0 0 0 0 0 0 0 0 0 0 0 0 0 0 0 0 0 0 0.001 0.001 0.001 0 0 0 0 0 0 0 0 0 0 0 0 0.005 0 0.001 0.001 0.001 0 0 0 0 0 0 0 0 0 0 0 0 0.005 0 0 0 0 0 0 0 0 0 0 0 0 0.001 0.139 0.139 0.016 0.076 0 0 0 0 0 0 0 0 0.001 0.032 0.049 0.004 0 0.027 0 0.032 0.004 0.049 0 0.027 0 0 0.054 0.054 0 0.007 0 0 0 0 0 0 0 0 0.004 0.004 0.001 0 0 0

1 bet 7, 2 raise 24, 1 call  24
0 0 0 0.161 0 0 0 0.033 0 0 0 0 0 0 0.001 0 0 0 0 0 0 0 0 0 0.029 0 0 0 0.178 0.209 0.203 0.209 0.247 0.775 0.097 0.094 0.139 0.005 0.823 0.178 0.209 0.203 0.209 0.247 0.196 0.775 0.094 0.097 0.139 0.005 0.823 0 0 0 0 0 0.343 0.343 0.388 0.209 0.209 0.235 0 0 0 0 0 0 0 0 0.023 0.023 0.029 0.074 0.229 0.074 0 0.229 0.35 0.078 0.078 0.476 0.195 0.321 0.195 0 0.321 0.096 0 0 0.074 0.501 0.063 0.063 0.101 0.172 0.172 0 0.392 0 0

2 raise 24, 1 raise  83
0 0 0.001 0.839 0 0 0.001 0.967 0 0 0.001 0.001 0.001 0.001 0.999 0.001 0.001 0.001 0 0 0.001 0.001 0.001 0.001 0.971 0.001 0.001 0.001 0.059 0.054 0.056 0.056 0.053 0.225 0.903 0.906 0.861 0.995 0.177 0.059 0.054 0.056 0.056 0.053 0.804 0.225 0.906 0.903 0.861 0.995 0.177 1 1 1 1 1 0.657 0.657 0.612 0.791 0.791 0.765 1 0.001 0.001 0 0.068 0.001 0.001 1 0.219 0.219 0.077 0.03 0.164 0.03 1 0.164 0.216 0.922 0.922 0.113 0.805 0.371 0.805 0.397 0.371 0.904 0.096 0.096 0.926 0.499 0.601 0.601 0.393 0.057 0.057 1 0.163 1 1

root, 1 bet 10
0.212 0.212 0.586 0.434 0.223 0.223 0.585 0.445 0.073 0.073 0.243 0.54 0.254 0.254 0.479 0.408 0.408 0.358 0.001 0.001 0.279 0.511 0.273 0.273 0.581 0.434 0.434 0.354 0.411 0.406 0.421 0.429 0.426 0.444 0.431 0.429 0.48 0.315 0.387 0.411 0.406 0.421 0.429 0.426 0.388 0.444 0.429 0.431 0.48 0.315 0.387 0.576 0.597 0.523 0.507 0.519 0.459 0.459 0.36 0.44 0.44 0.488 0.286 0.518 0.518 0.364 0.67 0.294 0.294 0.521 0.456 0.456 0.392 0.412 0.395 0.412 0.312 0.395 0.431 0.344 0.344 0.498 0.379 0.575 0.379 0.37 0.575 0.402 0.364 0.364 0.579 0.444 0.438 0.438 0.38 0.398 0.398 0.452 0.511 0.438 0.438

1 bet 10, 2 call 10
0 0 0 0.424 0.424 0.67 0 0 0 0.423 0.423 0.756 0 0 0 0.174 0.174 0.445 0 0 0 0.241 0.241 0.056 0 0 0 0.078 0.078 0.001 0 0 0 0.005 0.005 0.05 0.429 0.406 0.394 0.32 0.195 0.321 0.419 0.622 1 1 1 0.999 1 1 1 0.999 1 0.429 0.406 0.394 0.32 0.195 0.321 0.419 0.622 1 1 1 0.999 1 1 1 0.999 1 1 1 1 1 1 1 1 1 1 1 1 1 0.999 0.999 1 1 1 0.217 1 0.389 0.389 1 1 1 1 1 1 1 1 1 1 1 1 1 1 1 1 1 1 1 1 1 1 1 1 0 1 0 0 1 1 1 1 1 1 1

1 bet 10, 2 raise 30
0 0 0 0 0 0 0 0 0 0 0 0 0 0 0 0 0 0 0 0 0 0 0 0 0 0 0 0 0 0 0 0 0 0 0 0 0 0 0 0 0 0 0 0 0 0 0 0.001 0 0 0 0.001 0 0 0 0 0 0 0 0 0 0 0 0 0.001 0 0 0 0.001 0 0 0 0 0 0 0 0 0 0 0 0 0 0.001 0.001 0 0 0 0 0 0 0 0 0 0 0 0 0 0 0 0 0 0 0 0 0 0 0 0 0 0 0 0 0 0 0 0 0 0 0 0 0 0 0 0 0 0

1 bet 10, 2 raise 30, 1 call  30
0 0 0 0.231 0 0 0 0.22 0 0 0 0 0 0 0.183 0 0 0 0 0 0 0 0 0 0.184 0 0 0 0.009 0.01 0.013 0.019 0.072 0.81 0.086 0.087 0.096 0 0.483 0.009 0.01 0.013 0.019 0.072 0.071 0.81 0.087 0.086 0.096 0 0.483 0 0 0 0 0 0.318 0.318 0.489 0.243 0.243 0.25 0.001 0 0 0 0 0 0 0 0 0 0 0.043 0.113 0.043 0.014 0.113 0.282 0.017 0.017 0.304 0.074 0.327 0.074 0.027 0.327 0.039 0 0 0.209 0.48 0.029 0.029 0.025 0.24 0.24 0.012 0.546 0.012 0.012

2 raise 30, 1 raise  80
0 0 0 0.769 0 0 0 0.78 0 0 0 0 0 0 0.817 0 0 0 0 0 0 0 0 0 0.816 0 0 0 0.002 0.002 0.002 0.002 0.002 0.19 0.914 0.913 0.904 1 0.517 0.002 0.002 0.002 0.002 0.002 0.929 0.19 0.913 0.914 0.904 1 0.517 1 1 1 1 1 0.682 0.682 0.511 0.757 0.757 0.75 0.999 0.002 0.002 0.002 0.003 0.002 0.002 1 0.095 0.095 0.008 0.005 0.006 0.005 0.986 0.006 0.35 0.983 0.983 0.377 0.926 0.233 0.926 0.053 0.233 0.961 0.004 0.004 0.727 0.52 0.551 0.551 0.418 0.003 0.003 0.988 0.006 0.988 0.988

root, 1 bet 15
0.043 0.043 0.172 0.188 0.118 0.118 0.206 0.212 0.035 0.035 0.043 0.206 0.19 0.19 0.222 0.245 0.245 0.299 0 0 0.035 0.172 0.147 0.147 0.208 0.214 0.214 0.272 0.143 0.086 0.067 0.108 0.066 0.113 0.286 0.282 0.261 0.287 0.327 0.143 0.086 0.067 0.108 0.066 0.231 0.113 0.282 0.286 0.261 0.287 0.327 0.272 0.253 0.304 0.296 0.273 0.24 0.24 0 0.268 0.268 0.227 0.279 0.276 0.276 0.404 0.245 0.373 0.373 0.369 0.359 0.359 0.302 0.218 0.331 0.218 0.304 0.331 0.173 0.288 0.288 0.216 0.307 0.077 0.307 0.33 0.077 0.269 0.354 0.354 0.048 0.214 0.287 0.287 0.322 0.406 0.406 0.258 0.322 0.253 0.253

1 bet 15, 2 call 15
0 0 0 0.003 0.003 0.003 0 0 0 0.011 0.011 0.015 0 0 0 0.008 0.008 0.006 0 0 0 0.002 0.002 0.001 0 0 0 0.002 0.002 0.001 0 0 0 0.002 0.002 0.002 0.195 0.182 0.184 0.163 0.053 0.049 0.063 0.188 1 1 1 0.985 0.999 0.999 0.999 0.973 1 0.195 0.182 0.184 0.163 0.053 0.049 0.063 0.188 1 1 1 0.985 0.999 0.999 0.999 0.973 1 0.996 0.996 0.997 0.997 0.998 1 0.999 0.999 1 1 1 0.997 0.992 0.992 0.991 0.997 1 0 1 0 0 1 0.857 0.857 0.988 0.989 0.988 0.53 0.587 1 1 0.989 0.53 0.988 0.587 1 1 1 0.702 0.702 1 1 1 0.997 0.997 0 1 0 0 0.999 0.825 0.825 0.755 0.977 0.976 0.976

1 bet 15, 2 raise 40
0 0 0 0 0 0 0 0 0 0 0 0 0 0 0 0 0 0 0 0 0 0 0 0 0 0 0 0 0 0 0 0 0 0 0 0 0.005 0.005 0.005 0.004 0.003 0.003 0.002 0.001 0 0 0 0.015 0.001 0.001 0.001 0.027 0 0.005 0.005 0.005 0.004 0.003 0.003 0.002 0.001 0 0 0 0.015 0.001 0.001 0.001 0.027 0 0.004 0.004 0.003 0.003 0.002 0 0.001 0.001 0 0 0 0.003 0.008 0.008 0.009 0.003 0 0 0 0 0 0 0 0 0 0 0 0 0 0 0 0 0 0 0 0 0 0 0 0 0 0 0 0.003 0.003 0 0 0 0 0.001 0 0 0 0.023 0.024 0.024

1 bet 15, 2 raise 40, 1 call  40
0 0 0 0.18 0 0 0 0.035 0 0 0 0 0 0 0.026 0 0 0 0 0 0 0 0 0 0.099 0 0 0 0 0 0 0 0 0.424 0.037 0.038 0.029 0.004 0.473 0 0 0 0 0 0 0.424 0.038 0.037 0.029 0.004 0.473 0.005 0.006 0.006 0.006 0.007 0.059 0.059 0.004 0.085 0.085 0.097 0.003 0 0 0 0 0 0 0.001 0.003 0.003 0.002 0 0 0 0.023 0 0.189 0.022 0.022 0.164 0.024 0.124 0.024 0 0.124 0.024 0 0 0.267 0.208 0.02 0.02 0.015 0.067 0.067 0.024 0.052 0.023 0.023

2 raise 40, 1 raise  75
0.001 0.001 0.002 0.743 0.002 0.002 0.002 0.885 0.002 0.002 0.002 0.003 0.002 0.002 0.907 0.003 0.003 0.003 0.002 0.002 0.002 0.003 0.002 0.002 0.844 0.003 0.003 0.003 0 0 0 0 0 0.224 0.962 0.961 0.97 0.992 0.527 0 0 0 0 0 1 0.224 0.961 0.962 0.97 0.992 0.527 0.994 0.994 0.994 0.994 0.993 0.941 0.941 0.996 0.914 0.914 0.902 0.997 0.005 0.005 0.007 0.01 0.007 0.007 0.999 0.047 0.047 0.044 0.004 0.003 0.004 0.977 0.003 0.178 0.978 0.978 0.356 0.976 0.038 0.976 0.005 0.038 0.976 0.005 0.005 0.433 0.792 0.263 0.263 0.166 0.042 0.042 0.976 0.068 0.977 0.977

root, 1 bet 20
0.111 0.111 0.006 0.105 0.133 0.133 0.002 0.128 0.001 0.001 0.045 0.001 0.219 0.219 0.1 0.143 0.143 0.216 0 0 0.003 0.001 0.168 0.168 0.016 0.108 0.108 0.209 0.048 0.035 0.024 0.042 0.024 0.003 0.148 0.146 0.106 0.271 0.153 0.048 0.035 0.024 0.042 0.024 0.191 0.003 0.146 0.148 0.106 0.271 0.153 0.037 0.002 0.038 0.074 0.065 0.11 0.11 0 0.122 0.122 0.084 0.227 0.002 0.002 0.219 0.002 0.274 0.274 0.02 0.07 0.07 0.131 0.15 0.173 0.15 0.21 0.173 0.181 0.183 0.183 0.077 0.162 0 0.162 0.198 0 0.134 0.199 0.199 0 0.086 0.166 0.166 0.13 0.185 0.185 0.138 0.112 0.184 0.184

1 bet 20, 2 call 20
0 0 0 0 0 0 0 0 0 0 0 0 0 0 0 0 0 0 0 0 0 0 0 0 0 0 0 0 0 0 0 0 0 0 0 0 0.008 0.005 0.005 0 0 0 0 0.003 1 1 1 0.999 0.999 0.999 1 0.989 1 0.008 0.005 0.005 0 0 0 0 0.003 1 1 1 0.999 0.999 0.999 1 0.989 1 0.982 0.974 0.978 0.999 1 1 1 1 1 1 1 1 0.999 0.999 0.959 1 0.786 0 0.786 0 0 1 0.476 0.476 0.266 0.828 0.633 0.466 0.19 1 1 0.828 0.466 0.633 0.19 1 1 1 0.401 0.401 1 1 1 1 1 0.001 1 0 0 1 0.663 0.663 0.327 0.833 0.992 0.992

1 bet 20, 2 raise 50
0 0 0 0 0 0 0 0 0 0 0 0 0 0 0 0 0 0 0 0 0 0 0 0 0 0 0 0 0 0 0 0 0 0 0 0 0.007 0.006 0.007 0.001 0 0 0 0 0 0 0 0.001 0.001 0.001 0 0.011 0 0.007 0.006 0.007 0.001 0 0 0 0 0 0 0 0.001 0.001 0.001 0 0.011 0 0.018 0.026 0.022 0.001 0 0 0 0 0 0 0 0 0.001 0.001 0.041 0 0 0 0 0 0 0 0 0 0 0 0 0 0 0 0 0 0 0 0 0 0 0 0 0 0 0 0 0 0 0 0 0 0 0 0 0 0 0.167 0.008 0.008

1 bet 20, 2 raise 50, 1 call  50
0 0 0 0.44 0 0 0 0.396 0 0 0 0 0 0 0.402 0 0 0 0 0 0 0 0 0 0.425 0 0 0 0 0 0 0 0 0.04 0.048 0.048 0.048 0.084 0.206 0 0 0 0 0 0 0.04 0.048 0.048 0.048 0.084 0.206 0.005 0.005 0.006 0.008 0.011 0.012 0.012 0.013 0.038 0.038 0.038 0.003 0 0 0 0 0 0 0.009 0 0 0 0 0 0 0.013 0 0.001 0.013 0.013 0 0.019 0.008 0.019 0 0.008 0.021 0 0 0.058 0.072 0 0 0 0 0 0.013 0 0.013 0.013

2 raise 50, 1 raise  70
0 0 0 0.356 0 0 0 0.412 0 0 0 0 0 0 0.388 0 0 0 0 0 0 0 0 0 0.367 0 0 0 0 0 0 0 0 0.31 0.952 0.952 0.952 0.889 0.794 0 0 0 0 0 1 0.31 0.952 0.952 0.952 0.889 0.794 0.993 0.992 0.991 0.99 0.987 0.988 0.988 0.987 0.949 0.949 0.949 0.997 0 0 0.001 0.001 0.001 0.001 0.924 0.002 0.002 0.002 0 0 0 0.987 0 0.007 0.987 0.987 0.212 0.981 0.035 0.981 0.001 0.035 0.979 0.004 0.004 0.43 0.928 0.207 0.207 0.235 0.058 0.058 0.987 0 0.987 0.987

root, 1 bet 25
0.016 0.016 0.005 0 0.002 0.002 0 0 0 0 0 0 0 0 0 0 0 0 0 0 0 0 0 0 0 0 0 0.002 0.001 0 0 0.001 0.003 0.003 0.002 0.002 0.001 0.007 0 0.001 0 0 0.001 0.003 0.008 0.003 0.002 0.002 0.001 0.007 0 0 0 0 0 0 0 0 0 0 0 0 0.002 0 0 0 0 0 0 0 0.002 0.002 0.003 0.001 0.001 0.001 0.015 0.001 0 0.003 0.003 0 0.002 0 0.002 0.006 0 0.001 0.004 0.004 0 0 0.002 0.002 0.003 0 0 0 0 0.001 0.001

1 bet 25, 2 call 25
0 0 0 0 0 0 0 0 0 0 0 0 0 0 0 0 0 0 0 0 0 0 0 0 0 0 0 0 0 0 0 0 0 0 0 0 0 0 0 0 0 0 0 0 0.655 0.645 0.656 0.702 0.598 0.61 0.52 0.48 0.597 0 0 0 0 0 0 0 0 0.645 0.655 0.656 0.702 0.611 0.598 0.52 0.48 0.597 0.727 0.736 0.746 0.772 0.862 0.973 0.985 0.997 0.948 0.948 0.891 1 0.744 0.744 0.66 1 0.334 0.013 0.334 0.003 0.003 0.526 0.126 0.126 0.109 0.558 0.438 0.441 0.319 0.887 0.624 0.558 0.441 0.438 0.319 0.887 0.624 0.977 0.34 0.34 0.562 0.717 0.805 1 1 0.066 1 0.001 0.001 1 0.263 0.263 0.01 0.661 0.645 0.645

1 bet 25, 2 raise 90
0 0 0 0 0 0 0 0 0 0 0 0 0 0 0 0 0 0 0 0 0 0 0 0 0 0 0 0 0 0 0 0 0 0 0 0 0.001 0.001 0.001 0 0 0.001 0.001 0.001 0.166 0.159 0.106 0.286 0.371 0.303 0.35 0.519 0.402 0.001 0.001 0.001 0 0 0.001 0.001 0.001 0.159 0.166 0.106 0.286 0.303 0.371 0.35 0.519 0.402 0.273 0.264 0.254 0.228 0.138 0.027 0.015 0.003 0.001 0.001 0.001 0 0.15 0.15 0.281 0 0 0 0 0 0 0 0 0 0 0.01 0.006 0.005 0.001 0.009 0.376 0.01 0.005 0.006 0.001 0.009 0.376 0 0 0 0 0.001 0.191 0 0 0 0 0 0 0 0 0 0 0.339 0.355 0.355

1 bet 25, 2 raise 90, 1 call  90
0 0 0 0 0 0 0 0.019 0 0 0 0 0 0 0.038 0 0 0 0 0 0 0 0 0 0.023 0 0 0 0 0 0 0 0 0.999 1 1 1 1 1 0 0 0 0 0 1 0.999 1 1 1 1 1 1 1 1 1 1 1 1 1 1 1 1 1 0 0 0 0 0 0 1 0 0 0 0 0 0 1 0 0 1 1 0 1 0 1 0 0 1 0 0 0 1 0 0 0 0 0 1 0 1 1
