game = '6-max Cash', preflop situation = 'MP openraise BB 3bet MP call', stack = '90', pot = '20', bets = '33 50 75 100 125'

OOP preflop range
6c5c_0.25 6d5d_0.25 6h5h_0.25 7c6c_0.50 7d6d_0.50 7h6h_0.50 7s6s_0.50 8c7c_0.50 8d7d_0.50 8d8c_0.25 8h7h_0.50 8h8c_0.25 8h8d_0.25 9c8c_0.25 9d8d_0.25 9d9c_0.25 9h8h_0.25 9h9c_0.25 9h9d_0.25 9s9c_0.25 9s9d_0.25 9s9h_0.25 Ac2c_0.50 Ac3c_0.25 Ac4c_0.25 Ac5c_0.50 Ac6c_0.50 AcJc_0.50 AcKc_1 AcKd_0.75 AcKh_0.75 AcQc_1 AcTc_0.25 Ad2d_0.50 Ad3d_0.25 Ad4d_0.25 Ad5d_0.50 Ad6d_0.50 AdAc_1 AdJd_0.50 AdKc_0.75 AdKd_1 AdKh_0.75 AdQd_1 AdTd_0.25 Ah2h_0.50 Ah3h_0.25 Ah4h_0.25 Ah5h_0.50 Ah6h_0.50 AhAc_1 AhAd_1 AhJh_0.50 AhKc_0.75 AhKd_0.75 AhKh_1 AhQh_1 AhTh_0.25 As2s_0.50 As3s_0.25 As4s_0.25 As6s_0.50 AsAc_1 AsAd_1 AsAh_1 AsJs_0.50 AsKc_0.75 AsKd_0.75 AsKh_0.75 AsQs_1 AsTs_0.25 Jc9c_0.25 Jd9d_0.25 JdJc_0.75 Jh9h_0.25 JhJc_0.75 JhJd_0.75 Js9s_0.25 JsJc_0.75 JsJd_0.75 JsJh_0.75 KcJc_0.75 KcQc_1 KdJd_0.75 KdKc_1 KdQd_1 KhJh_0.75 KhKc_1 KhKd_1 KhQh_1 QcJc_0.75 QcTc_0.25 QdJd_0.75 QdQc_1 QdTd_0.25 QhJh_0.75 QhQc_1 QhQd_1 QhTh_0.25 QsJs_0.75 QsQc_1 QsQd_1 QsQh_1 QsTs_0.25 Tc9c_0.25 Td9d_0.25 TdTc_0.50 Th9h_0.25 ThTc_0.50 ThTd_0.50 Ts9s_0.25 TsTc_0.50 TsTd_0.50 TsTh_0.50

IP preflop range
4d4c_0.25 4h4c_0.25 4h4d_0.25 4s4c_0.25 4s4d_0.25 4s4h_0.25 5d5c_0.25 5h5c_0.25 5h5d_0.25 6d6c_0.50 6h6c_0.50 6h6d_0.50 6s6c_0.50 6s6d_0.50 6s6h_0.50 7d7c_0.50 7h7c_0.50 7h7d_0.50 7s7c_0.50 7s7d_0.50 7s7h_0.50 8d8c_1 8h8c_1 8h8d_1 9d9c_1 9h9c_1 9h9d_1 9s9c_1 9s9d_1 9s9h_1 Ac2c_1 Ac3c_1 Ac4c_1 Ac5c_1 Ac6c_1 Ac7c_1 Ac8c_1 Ac9c_1 AcJc_0.75 AcJd_1 AcJh_1 AcJs_1 AcQc_0.50 AcQd_1 AcQh_1 AcQs_1 AcTc_1 Ad2d_1 Ad3d_1 Ad4d_1 Ad5d_1 Ad6d_1 Ad7d_1 Ad8d_1 Ad9d_1 AdJc_1 AdJd_0.75 AdJh_1 AdJs_1 AdQc_1 AdQd_0.50 AdQh_1 AdQs_1 AdTd_1 Ah2h_1 Ah3h_1 Ah4h_1 Ah5h_1 Ah6h_1 Ah7h_1 Ah8h_1 Ah9h_1 AhJc_1 AhJd_1 AhJh_0.75 AhJs_1 AhQc_1 AhQd_1 AhQh_0.50 AhQs_1 AhTh_1 As2s_1 As3s_1 As4s_1 As6s_1 As7s_1 As9s_1 AsJc_1 AsJd_1 AsJh_1 AsJs_0.75 AsQc_1 AsQd_1 AsQh_1 AsQs_0.50 AsTs_1 JcTc_0.50 JdJc_1 JdTd_0.50 JhJc_1 JhJd_1 JhTh_0.50 JsJc_1 JsJd_1 JsJh_1 JsTs_0.50 KcJc_1 KcQc_1 KcQd_1 KcQh_1 KcQs_1 KcTc_0.50 KdJd_1 KdQc_1 KdQd_1 KdQh_1 KdQs_1 KdTd_0.50 KhJh_1 KhQc_1 KhQd_1 KhQh_1 KhQs_1 KhTh_0.50 QcJc_0.50 QdJd_0.50 QdQc_1 QhJh_0.50 QhQc_1 QhQd_1 QsJs_0.50 QsQc_1 QsQd_1 QsQh_1 TdTc_1 ThTc_1 ThTd_1 TsTc_1 TsTd_1 TsTh_1

root, 1 check
0 0 0 0.028 0.028 0.027 0.084 0 0 0 0 0 0 0 0 0.03 0 0.031 0.031 0.397 0.396 0.396 0.01 0.003 0.031 0.066 0.131 0.541 0.166 0.169 0.169 0.422 0.548 0.01 0.003 0.032 0.066 0.131 0.113 0.541 0.169 0.166 0.169 0.422 0.548 0.01 0.004 0.031 0.066 0.131 0.113 0.113 0.54 0.169 0.169 0.166 0.422 0.549 0 0 0 0 0 0 0 0.001 0.296 0.296 0.296 0.14 0.001 0.208 0.208 0.254 0.208 0.254 0.254 0.188 0.33 0.33 0.33 0.085 0 0.085 0.113 0 0.085 0.113 0.113 0 0.068 0.166 0.068 0.192 0.166 0.068 0.192 0.192 0.166 0.195 0.238 0.238 0.238 0.133 0.187 0.187 0.147 0.187 0.147 0.147 0.191 0.254 0.254 0.254

1 check, 2 check
0.093 0.093 0.093 0.661 0.661 0.661 0.356 0.356 0.356 0.239 0.239 0.239 0.786 0.786 0.787 0.184 0.184 0.184 0.835 0.835 0.835 0.339 0.339 0.339 0.333 0.334 0.333 0.798 0.799 0.798 0.656 0.656 0.525 0.988 0.659 0.659 1 0.971 0.736 1 1 0.224 0.776 1 1 0.433 0.928 0.655 0.656 0.524 0.987 0.658 0.659 1 0.97 1 0.736 1 0.224 1 0.777 1 0.433 0.928 0.655 0.656 0.525 0.987 0.659 0.659 1 0.971 1 1 0.736 0.224 1 1 0.776 0.432 0.928 0.022 0.021 0.012 0.033 0.029 0.264 0.148 0.146 0.147 0.686 0.413 0.413 0.413 0.759 0.377 0.501 0.896 0.5 0.895 0.895 0.501 0.973 0.973 0.973 0.986 0.92 0.775 0.767 0.766 0.954 0.863 0.921 0.767 0.776 0.767 0.954 0.863 0.92 0.767 0.767 0.776 0.954 0.863 0.512 0.512 0.904 0.512 0.904 0.904 0.529 0.789 0.789 0.789 0.698 0.698 0.698 0.916 0.913 0.912

1 check, 2 bet 7
0.182 0.182 0.182 0.118 0.118 0.118 0.243 0.243 0.243 0.207 0.207 0.207 0.098 0.098 0.097 0.229 0.229 0.229 0.077 0.077 0.078 0.284 0.284 0.284 0.124 0.124 0.123 0.079 0.079 0.079 0.108 0.109 0.168 0.009 0.133 0.14 0 0.002 0.191 0 0 0.323 0.077 0 0 0.142 0.032 0.108 0.109 0.168 0.009 0.133 0.14 0 0.002 0 0.19 0 0.323 0 0.076 0 0.142 0.033 0.108 0.109 0.168 0.009 0.133 0.14 0 0.002 0 0 0.191 0.323 0 0 0.077 0.142 0.033 0.225 0.225 0.222 0.231 0.235 0.237 0.25 0.25 0.25 0.157 0.167 0.167 0.167 0.1 0.2 0.197 0.08 0.197 0.08 0.08 0.197 0.027 0.027 0.027 0.008 0.059 0.124 0.127 0.127 0.04 0.084 0.059 0.127 0.124 0.127 0.04 0.084 0.059 0.127 0.127 0.124 0.041 0.084 0.245 0.245 0.084 0.245 0.083 0.084 0.224 0.076 0.076 0.076 0.065 0.066 0.066 0.067 0.069 0.07

2 bet 7, 1 call 7
0 0 0 0.998 0.998 0.998 0.428 0 0 0 0 0 0 0 0 0.695 0 0.695 0.695 0.937 0.937 0.938 0 0 0.001 0.999 0.003 0.062 0.988 0.993 0.993 0.483 0 0 0 0.001 0.999 0.003 0.986 0.061 0.993 0.988 0.993 0.483 0 0 0 0.001 0.999 0.003 0.987 0.987 0.061 0.993 0.993 0.988 0.483 0 0.5 0.5 0.556 0.861 0.288 0.287 0.288 1 0.912 0.911 0.912 1 0.992 0.004 0.003 0.954 0.003 0.954 0.954 0.926 0.999 0.999 0.999 0.85 0.028 0.85 0.942 0.028 0.85 0.943 0.941 0.028 0.286 0.117 0.287 0.93 0.118 0.285 0.931 0.929 0.118 1 0.986 0.986 0.986 0.961 0.133 0.133 0.996 0.134 0.996 0.996 0.626 0.983 0.984 0.984

2 bet 7, 1 raise 24
1 1 1 0.002 0.002 0.002 0.572 1 1 1 1 1 1 1 1 0.305 1 0.305 0.304 0.063 0.063 0.062 0 0 0 0.001 0 0 0.012 0.007 0.007 0 0 0 0 0 0.001 0 0.014 0 0.007 0.012 0.007 0 0 0 0 0 0.001 0 0.013 0.013 0 0.007 0.007 0.012 0 0 0.5 0.5 0.444 0.139 0.712 0.713 0.712 0 0.088 0.089 0.088 0 0.008 0 0 0.046 0 0.045 0.045 0.074 0.001 0.001 0.001 0.15 0.972 0.15 0.058 0.972 0.15 0.057 0.059 0.972 0.032 0.03 0.032 0.07 0.029 0.032 0.069 0.071 0.03 0 0.014 0.014 0.014 0.039 0 0 0.002 0 0.002 0.002 0.374 0.017 0.016 0.016

2 bet 7, 1 raise 24, 2 call 24
0 0 0 0.526 0.526 0.526 0.665 0.665 0.665 0 0 0 0.785 0.785 0.785 0 0 0 0.716 0.716 0.716 0.655 0.655 0.655 0 0 0 0.858 0.858 0.858 0 0 0 0 0 0 0 0 0 0 0 0.613 0 0 0 0.627 0 0 0 0 0 0 0 0 0 0 0 0 0.613 0 0 0 0.627 0 0 0 0 0 0 0 0 0 0 0 0 0.613 0 0 0 0.627 0 0.517 0.516 0.503 0.541 0.537 0.517 0.269 0.268 0.269 0.597 0.149 0.15 0.149 0.817 0.55 0 0 0 0 0 0 0.986 0.986 0.986 0.809 0.999 1 1 1 0.999 1 0.999 1 1 1 0.999 1 0.999 1 1 1 0.999 1 0 0 0.001 0 0.001 0.001 0.968 0.996 0.996 0.996 0 0 0 0.915 0.915 0.915

1 raise 24, 2 raise 83
0 0 0 0 0 0 0.335 0.335 0.335 0 0 0 0 0 0 0 0 0 0 0 0 0.345 0.345 0.345 0 0 0 0.001 0.001 0.001 0 0 0 0 0 0 0 0 0 0 0 0.043 0 0 0 0.367 0 0 0 0 0 0 0 0 0 0 0 0 0.043 0 0 0 0.366 0 0 0 0 0 0 0 0 0 0 0 0 0.043 0 0 0 0.367 0 0.483 0.484 0.497 0.459 0.463 0.483 0.731 0.732 0.731 0.403 0.851 0.85 0.851 0.183 0.45 0 0 0 0 0 0 0.014 0.013 0.014 0.191 0 0 0 0 0.001 0 0 0 0 0 0.001 0 0 0 0 0 0.001 0 0 0 0 0 0 0 0.032 0.004 0.004 0.004 0 0 0 0.079 0.079 0.079

1 check, 2 bet 10
0.325 0.325 0.325 0.221 0.221 0.22 0.271 0.271 0.271 0.302 0.302 0.302 0.117 0.116 0.116 0.316 0.316 0.316 0.087 0.088 0.087 0.281 0.281 0.28 0.243 0.243 0.243 0.123 0.123 0.123 0.159 0.159 0.208 0.003 0.165 0.164 0 0.027 0.073 0 0 0.323 0.147 0 0 0.326 0.039 0.16 0.16 0.209 0.003 0.166 0.165 0 0.028 0 0.074 0 0.323 0 0.146 0 0.325 0.039 0.16 0.159 0.208 0.003 0.165 0.164 0 0.027 0 0 0.073 0.322 0 0 0.147 0.325 0.038 0.415 0.415 0.431 0.432 0.433 0.328 0.367 0.367 0.367 0.153 0.227 0.227 0.227 0.14 0.287 0.228 0.025 0.229 0.025 0.025 0.228 0 0 0 0.007 0.016 0.082 0.084 0.084 0.002 0.05 0.016 0.084 0.082 0.084 0.002 0.05 0.016 0.084 0.084 0.082 0.002 0.05 0.182 0.182 0.012 0.182 0.012 0.012 0.246 0.109 0.109 0.109 0.12 0.12 0.12 0.017 0.018 0.018

2 bet 10, 1 call 10
0.997 0.997 0.997 1 1 1 0.907 0.036 0.036 0 0.036 0 0 0.682 0.681 0.696 0.682 0.696 0.695 1 1 1 0 0 0 0.949 0 0 0.993 0.996 0.996 0.017 0 0 0 0 0.95 0 1 0 0.998 0.997 0.998 0.014 0 0 0 0 0.95 0 1 1 0 0.996 0.996 0.993 0.016 0 1 1 1 1 0.991 0.991 0.991 1 0.96 0.962 0.962 1 1 0 0 0.849 0 0.849 0.85 0.999 1 1 1 0.987 0.289 0.986 0.981 0.282 0.986 0.981 0.98 0.287 0.001 0 0.001 0.971 0 0.001 0.971 0.971 0 1 0.999 0.999 0.999 1 0 0 0.859 0 0.86 0.86 0.98 0.999 0.999 0.999

2 bet 10, 1 raise 30
0.002 0.002 0.002 0 0 0 0.093 0.964 0.964 1 0.963 1 1 0.318 0.318 0 0.318 0 0 0 0 0 0 0 0 0 0 0 0.007 0.004 0.004 0 0 0 0 0 0 0 0 0 0.002 0.003 0.002 0 0 0 0 0 0 0 0 0 0 0.004 0.004 0.007 0 0 0 0 0 0 0.009 0.009 0.009 0 0.04 0.038 0.038 0 0 0 0 0.015 0 0.015 0.015 0.001 0 0 0 0.013 0.711 0.014 0.019 0.718 0.014 0.019 0.02 0.713 0.003 0 0.003 0.029 0 0.003 0.029 0.029 0 0 0.001 0.001 0.001 0 0 0 0 0 0 0 0.02 0.001 0.001 0.001

2 bet 10, 1 raise 30, 2 call 30
0.001 0.001 0.001 0.316 0.316 0.316 0.556 0.555 0.555 0.001 0.001 0.001 0.523 0.523 0.523 0.001 0.001 0.001 0.469 0.469 0.469 0.528 0.528 0.528 0.001 0.001 0.001 0.504 0.504 0.504 0 0 0 0.002 0 0 0.003 0 0 0 0 0.369 0 0 0 0.253 0 0 0 0 0.002 0 0 0.003 0 0 0 0 0.369 0 0 0 0.253 0 0 0 0 0.002 0 0 0.003 0 0 0 0 0.369 0 0 0 0.254 0 0.311 0.307 0.307 0.313 0.312 0.32 0.127 0.128 0.127 0.474 0.06 0.06 0.06 0.565 0.327 0 0 0 0 0 0 0.523 0.522 0.523 0.585 0.773 0.974 0.968 0.969 0.662 0.989 0.773 0.97 0.973 0.969 0.663 0.989 0.772 0.969 0.967 0.973 0.664 0.989 0 0 0.006 0 0.006 0.006 0.662 0.655 0.653 0.655 0.001 0.001 0.001 0.669 0.669 0.669

1 raise 30, 2 raise 80
0 0 0 0.007 0.007 0.007 0.444 0.445 0.445 0 0 0 0.031 0.031 0.031 0 0 0 0.03 0.03 0.03 0.472 0.472 0.472 0 0 0 0.054 0.054 0.054 0 0 0 0.001 0 0 0.001 0 0 0 0 0.247 0 0 0 0.436 0 0 0 0 0 0 0 0 0 0 0 0 0.247 0 0 0 0.436 0 0 0 0 0.001 0 0 0.001 0 0 0 0 0.247 0 0 0 0.435 0 0.689 0.693 0.693 0.687 0.688 0.68 0.873 0.872 0.873 0.526 0.94 0.94 0.94 0.435 0.673 0 0 0 0 0 0 0.002 0.002 0.002 0.415 0 0 0 0 0.338 0 0 0 0 0 0.337 0 0 0 0 0 0.336 0 0 0 0 0 0 0 0.338 0.14 0.142 0.14 0 0 0 0.036 0.036 0.036

1 check, 2 bet 15
0.319 0.319 0.319 0 0 0 0.128 0.128 0.128 0.243 0.243 0.243 0 0 0 0.257 0.257 0.257 0 0 0 0.095 0.095 0.095 0.271 0.271 0.271 0 0 0 0.064 0.064 0.093 0 0.042 0.036 0 0 0 0 0 0.13 0 0 0 0.092 0 0.064 0.063 0.092 0.001 0.042 0.035 0 0 0 0 0 0.13 0 0 0 0.093 0 0.064 0.063 0.092 0 0.042 0.035 0 0 0 0 0 0.13 0 0 0 0.094 0 0.305 0.305 0.309 0.289 0.289 0.127 0.225 0.226 0.226 0.003 0.181 0.181 0.181 0 0.113 0.073 0 0.073 0 0 0.073 0 0 0 0 0.005 0.018 0.022 0.022 0.002 0.003 0.005 0.022 0.018 0.022 0.002 0.003 0.005 0.022 0.022 0.018 0.002 0.003 0.057 0.057 0 0.057 0 0 0 0.025 0.026 0.026 0.111 0.11 0.111 0 0 0

2 bet 15, 1 call 15
0.341 0.342 0.342 1 1 1 0.907 0.977 0.977 0.027 0.977 0.027 0.027 0.419 0.419 0 0.42 0 0 0.999 0.999 0.999 0 0 0 0.001 0 0 0.924 0.934 0.934 0 0 0 0 0 0.001 0 0.012 0 0.934 0.922 0.933 0 0 0 0 0 0.002 0 0.013 0.014 0 0.933 0.932 0.921 0 0 1 1 1 1 0.999 0.999 0.999 1 1 1 1 1 1 0 0 0.214 0 0.213 0.214 0.998 1 1 1 0.962 0.998 0.962 0.827 0.998 0.962 0.825 0.823 0.998 0 0 0 0.758 0 0 0.757 0.756 0 1 1 1 1 1 0 0 0 0 0 0 0.93 0.997 0.997 0.997

2 bet 15, 1 raise 40
0 0 0 0 0 0 0.093 0 0 0.973 0 0.973 0.973 0 0 0 0 0 0 0.001 0.001 0.001 0 0 0 0 0 0 0.076 0.066 0.066 0 0 0 0 0 0 0 0 0 0.066 0.078 0.067 0 0 0 0 0 0 0 0 0 0 0.067 0.068 0.079 0 0 0 0 0 0 0.001 0.001 0.001 0 0 0 0 0 0 0 0 0.011 0 0.011 0.011 0.002 0 0 0 0.001 0 0.001 0.173 0 0.001 0.175 0.177 0 0.009 0 0.009 0.004 0 0.008 0.004 0.004 0 0 0 0 0 0 0 0 0 0 0 0 0.07 0.003 0.003 0.003

2 bet 15, 1 raise 40, 2 call 40
0 0 0 0.289 0.289 0.289 0.202 0.202 0.202 0 0 0 0.415 0.415 0.415 0 0 0 0.358 0.358 0.358 0.174 0.174 0.174 0 0 0 0.327 0.327 0.327 0 0 0 0 0 0 0 0 0 0 0 0.261 0 0 0 0.005 0 0 0 0 0 0 0 0 0 0 0 0 0.26 0 0 0 0.005 0 0 0 0 0 0 0 0 0 0 0 0 0.261 0 0 0 0.005 0 0.01 0.01 0.009 0.022 0.021 0.013 0.078 0.079 0.079 0.029 0.067 0.067 0.068 0.4 0.035 0 0 0 0 0 0 0.639 0.639 0.639 0.494 0.614 0.528 0.525 0.524 0.527 0.658 0.615 0.525 0.53 0.526 0.533 0.659 0.615 0.526 0.526 0.53 0.533 0.66 0 0 0 0 0 0 0.547 0.194 0.193 0.194 0 0 0 0.384 0.384 0.384

1 raise 40, 2 raise 75
0 0 0 0.049 0.049 0.049 0.797 0.797 0.797 0 0 0 0.141 0.141 0.141 0 0 0 0.147 0.147 0.147 0.826 0.826 0.826 0 0 0 0.174 0.174 0.174 0 0 0 0 0 0 0 0 0 0 0 0.129 0 0 0 0.762 0 0 0 0 0 0 0 0 0 0 0 0 0.129 0 0 0 0.762 0 0 0 0 0 0 0 0 0 0 0 0 0.129 0 0 0 0.762 0 0.99 0.99 0.991 0.978 0.979 0.987 0.881 0.879 0.879 0.971 0.914 0.913 0.913 0.6 0.965 0 0 0 0 0 0 0.187 0.187 0.187 0.506 0 0 0 0 0.473 0 0 0 0 0 0.467 0 0 0 0 0 0.467 0 0 0 0 0 0 0 0.453 0.767 0.769 0.767 0 0 0 0.181 0.181 0.181

1 check, 2 bet 20
0.077 0.077 0.077 0 0 0 0.002 0.002 0.002 0.009 0.009 0.009 0 0 0 0.015 0.015 0.015 0 0 0 0.002 0.002 0.002 0.028 0.028 0.028 0 0 0 0.009 0.009 0.006 0 0.001 0.001 0 0 0 0 0 0 0 0 0 0.008 0 0.009 0.009 0.006 0 0.001 0.001 0 0 0 0 0 0 0 0 0 0.008 0 0.009 0.009 0.006 0 0.001 0.001 0 0 0 0 0 0 0 0 0 0.008 0 0.033 0.034 0.024 0.014 0.014 0.035 0.01 0.01 0.01 0.001 0.013 0.013 0.013 0 0.01 0.002 0 0.002 0 0 0.002 0 0 0 0 0 0 0 0 0 0 0 0 0 0 0 0 0 0 0 0 0 0 0.003 0.003 0 0.003 0 0 0 0.001 0.001 0.001 0.003 0.003 0.003 0 0 0

2 bet 20, 1 call 20
0.268 0.268 0.268 0.866 0.866 0.866 0.892 0.363 0.363 0.484 0.363 0.484 0.484 0.234 0.234 0 0.234 0 0 0.719 0.719 0.719 0 0 0 0 0 0 0.587 0.59 0.59 0 0 0 0 0 0 0 0 0 0.59 0.588 0.59 0 0 0 0 0 0 0 0 0 0 0.59 0.591 0.588 0 0 0.997 0.997 0.998 0.998 0.826 0.825 0.826 0.998 0.99 0.99 0.99 1 0.998 0 0 0.121 0 0.121 0.121 0.873 0.95 0.95 0.95 0.518 0.698 0.517 0.672 0.698 0.517 0.672 0.671 0.698 0.01 0.001 0.01 0.403 0.001 0.01 0.403 0.403 0.001 0.999 0.697 0.697 0.698 0.999 0 0 0.004 0 0.004 0.004 0.887 0.895 0.895 0.894

2 bet 20, 1 raise 50
0 0 0 0 0 0 0.108 0 0 0.516 0 0.516 0.516 0 0 0 0 0 0 0.001 0.001 0.001 0 0 0 0 0 0.001 0.201 0.199 0.2 0.001 0 0 0 0 0 0 0 0.001 0.2 0.201 0.2 0.001 0 0 0 0 0 0 0 0 0.001 0.199 0.199 0.2 0.001 0 0.003 0.003 0.002 0.002 0.174 0.175 0.174 0.002 0.01 0.01 0.01 0 0.002 0 0 0 0 0 0 0.127 0.001 0.001 0.001 0.004 0.257 0.004 0.328 0.256 0.004 0.328 0.329 0.256 0.008 0.001 0.009 0.002 0.001 0.008 0.002 0.002 0.001 0.001 0.284 0.284 0.283 0.001 0 0 0 0 0 0 0.113 0.001 0.001 0.001

2 bet 20, 1 raise 50, 2 call 50
0 0 0 0 0 0 0.012 0.012 0.012 0 0 0 0.001 0.001 0.001 0 0 0 0.001 0.001 0.001 0.013 0.013 0.013 0 0 0 0 0 0 0 0 0 0 0 0 0 0 0 0 0 0 0 0 0 0.047 0 0 0 0 0 0 0 0 0 0 0 0 0 0 0 0 0.047 0 0 0 0 0 0 0 0 0 0 0 0 0 0 0 0 0.047 0 0 0 0 0 0 0 0.001 0.001 0.001 0 0.005 0.005 0.005 0 0 0 0 0 0 0 0 0.376 0.376 0.376 0.62 1 0.997 0.996 0.997 0 1 1 0.996 0.997 0.997 0 1 1 0.996 0.996 0.997 0 1 0 0 0 0 0 0 0.012 0 0 0 0 0 0 0 0 0

1 raise 50, 2 raise 70
0 0 0 0 0 0 0.988 0.988 0.988 0 0 0 0.002 0.002 0.002 0 0 0 0.002 0.002 0.002 0.987 0.987 0.987 0 0 0 0 0 0 0 0 0 0 0 0 0 0 0 0 0 0 0 0 0 0.781 0 0 0 0 0 0 0 0 0 0 0 0 0 0 0 0 0.781 0 0 0 0 0 0 0 0 0 0 0 0 0 0 0 0 0.781 0 1 1 1 1 1 1 0.999 0.999 0.999 1 0.995 0.995 0.995 1 1 0 0 0 0 0 0 0.001 0.001 0.001 0.38 0 0 0 0 1 0 0 0 0 0 1 0 0 0 0 0 1 0 0 0 0 0 0 0 0.988 1 1 1 0 0 0 0 0 0

1 check, 2 bet 25
0.004 0.004 0.004 0 0 0 0 0 0 0 0 0 0 0 0 0 0 0 0 0 0 0 0 0 0.001 0.001 0.001 0 0 0 0.004 0.004 0 0 0 0 0 0 0 0 0 0 0 0 0 0 0 0.004 0.004 0 0 0 0 0 0 0 0 0 0 0 0 0 0 0 0.004 0.004 0 0 0 0 0 0 0 0 0 0 0 0 0 0 0 0.001 0.001 0.001 0 0 0.01 0 0 0 0 0 0 0 0 0.013 0 0 0 0 0 0 0 0 0 0 0 0 0 0 0.001 0 0 0 0 0 0.001 0 0 0 0 0 0.001 0 0 0 0 0 0 0 0 0 0 0 0.003 0.004 0.004 0 0 0

2 bet 25, 1 call 25
0.179 0.179 0.179 0.211 0.211 0.211 0.244 0.185 0.185 0.137 0.185 0.137 0.137 0.194 0.194 0.134 0.194 0.134 0.134 0.343 0.343 0.343 0.001 0.001 0.001 0.001 0.001 0.001 0.255 0.255 0.255 0.001 0 0.001 0.001 0.001 0.001 0.001 0.002 0.001 0.255 0.255 0.255 0.001 0 0.001 0.001 0.001 0.001 0.001 0.002 0.002 0.001 0.255 0.255 0.255 0.001 0 0.386 0.387 0.386 0.381 0.091 0.091 0.091 0.327 0.33 0.33 0.33 0.392 0.352 0.001 0.001 0.185 0.001 0.185 0.185 0.212 0.362 0.362 0.362 0.221 0.186 0.221 0.16 0.186 0.221 0.16 0.16 0.186 0.09 0.059 0.09 0.233 0.059 0.09 0.233 0.233 0.059 0.359 0.258 0.258 0.258 0.338 0.001 0.001 0.169 0.001 0.169 0.169 0.175 0.363 0.363 0.363

2 bet 25, 1 raise 90
0.002 0.002 0.002 0.002 0.002 0.002 0.751 0.002 0.002 0.863 0.002 0.863 0.863 0.002 0.002 0.002 0.002 0.002 0.002 0.13 0.13 0.13 0.002 0.002 0.002 0.002 0.002 0.002 0.317 0.317 0.317 0.002 0.001 0.002 0.002 0.002 0.002 0.002 0.003 0.002 0.317 0.317 0.317 0.002 0.001 0.002 0.002 0.002 0.002 0.002 0.003 0.003 0.002 0.317 0.317 0.318 0.002 0 0.614 0.613 0.614 0.619 0.909 0.909 0.909 0.673 0.67 0.67 0.67 0.608 0.648 0.002 0.002 0.002 0.002 0.002 0.002 0.788 0.206 0.206 0.206 0.215 0.473 0.215 0.84 0.473 0.215 0.84 0.84 0.473 0.002 0.001 0.002 0.005 0.001 0.002 0.005 0.005 0.001 0.62 0.722 0.722 0.722 0.662 0.001 0.001 0 0.001 0 0 0.825 0.221 0.221 0.221

2 bet 25, 1 raise 90, 2 call 90
0 0 0 0 0 0 1 1 1 0 0 0 0 0 0 0 0 0 0 0 0 1 1 1 0 0 0 0 0 0 0 0 0 0 0 0 0 0 0 0 0 0 0 0 0 0.005 0 0 0 0 0 0 0 0 0 0 0 0 0 0 0 0 0.005 0 0 0 0 0 0 0 0 0 0 0 0 0 0 0 0 0.005 0 1 1 1 1 1 1 1 1 1 1 1 1 1 1 1 0 0 0 0 0 0 0.001 0.001 0.001 1 0.296 0.044 0.031 0.031 1 0.019 0.296 0.031 0.043 0.03 1 0.019 0.295 0.031 0.031 0.042 1 0.019 0 0 0 0 0 0 1 1 1 1 0 0 0 0 0 0

root, 1 bet 7
0.165 0.164 0.165 0.37 0.369 0.369 0.29 0.246 0.246 0.042 0.246 0.042 0.042 0.189 0.189 0.39 0.19 0.39 0.39 0.276 0.276 0.276 0.323 0.338 0.455 0.21 0.441 0.281 0.289 0.289 0.289 0.228 0.277 0.323 0.338 0.454 0.21 0.441 0.354 0.281 0.289 0.288 0.289 0.228 0.277 0.324 0.338 0.455 0.211 0.441 0.354 0.354 0.281 0.289 0.289 0.288 0.228 0.276 0.294 0.302 0.364 0.399 0.239 0.239 0.239 0.418 0.34 0.34 0.34 0.339 0.385 0.311 0.311 0.426 0.311 0.425 0.426 0.324 0.409 0.409 0.409 0.508 0.475 0.507 0.512 0.476 0.507 0.512 0.512 0.476 0.486 0.436 0.486 0.541 0.436 0.486 0.54 0.54 0.436 0.351 0.414 0.414 0.413 0.361 0.348 0.348 0.352 0.348 0.352 0.352 0.32 0.369 0.369 0.369

1 bet 7, 2 call 7
0.651 0.653 0.652 0.998 0.998 0.998 0.992 0.992 0.992 0.968 0.968 0.968 1 1 1 0.979 0.979 0.979 1 1 1 0.934 0.934 0.934 0.558 0.555 0.555 0.999 0.999 0.999 0 0 0 0.991 0 0 0.997 0 0 0 0 0.981 0.046 0 0 0.929 0 0 0 0 0.99 0 0 0.997 0 0 0 0 0.981 0 0.047 0 0.929 0 0 0 0 0.99 0 0 0.997 0 0 0 0 0.981 0 0 0.045 0.929 0 0.843 0.836 0.788 0.925 0.907 0.964 0.852 0.852 0.851 0.875 0.894 0.893 0.893 0.996 0.981 0 0.819 0 0.818 0.818 0 1 1 1 0.995 0.999 0.999 0.998 0.998 0.965 1 0.999 0.998 0.999 0.998 0.965 1 0.999 0.998 0.998 0.999 0.965 1 0 0 0.996 0 0.996 0.996 0.997 0.999 0.999 0.999 0.56 0.56 0.56 0.999 0.999 0.999

1 bet 7, 2 raise 24
0.332 0.331 0.332 0.002 0.002 0.002 0.008 0.008 0.008 0.005 0.005 0.005 0 0 0 0.011 0.011 0.011 0 0 0 0.066 0.066 0.066 0.034 0.036 0.036 0.001 0.001 0.001 0.007 0.007 0.098 0.008 0.004 0.003 0.003 0.001 0 0 0 0.019 0.001 0 0 0.071 0.001 0.007 0.007 0.097 0.008 0.004 0.003 0.003 0.001 0 0 0 0.019 0 0.001 0 0.071 0.001 0.007 0.007 0.097 0.008 0.004 0.003 0.003 0.001 0 0 0 0.019 0 0 0.001 0.071 0.001 0.157 0.164 0.212 0.075 0.093 0.036 0.148 0.148 0.149 0.125 0.106 0.107 0.107 0.004 0.019 0 0.001 0 0.001 0.001 0 0 0 0 0.005 0.001 0.001 0.002 0.002 0.035 0 0.001 0.002 0.001 0.002 0.035 0 0.001 0.002 0.002 0.001 0.035 0 0 0 0.003 0 0.003 0.003 0.003 0.001 0.001 0.001 0.003 0.003 0.003 0.001 0.001 0.001

1 bet 7, 2 raise 24, 1 call  24
0.008 0.008 0.008 0.159 0.159 0.159 0.01 0.156 0.156 0.01 0.156 0.01 0.01 0.084 0.083 0.001 0.084 0.001 0.001 0.613 0.613 0.613 0 0 0 0.001 0 0 0.263 0.264 0.264 0.001 0 0 0 0 0.001 0 0.618 0 0.264 0.263 0.264 0.001 0 0 0 0 0.001 0 0.617 0.616 0 0.264 0.264 0.263 0.001 0 0.602 0.609 0.63 0.597 0.173 0.172 0.173 0.768 0.776 0.777 0.777 1 0.668 0 0 0.208 0 0.208 0.208 0.015 0.811 0.811 0.81 0.436 0.368 0.435 0.011 0.368 0.435 0.011 0.011 0.368 0.001 0 0.001 0.261 0 0.001 0.261 0.261 0 0.927 0.482 0.481 0.481 0.946 0 0 0.037 0 0.037 0.037 0.003 0.656 0.656 0.656

2 raise 24, 1 raise  83
0.006 0.006 0.006 0.001 0.001 0.001 0.99 0.111 0.111 0.99 0.11 0.99 0.99 0.072 0.072 0.003 0.071 0.003 0.003 0.27 0.27 0.269 0 0 0 0.004 0 0 0.727 0.726 0.726 0.001 0 0 0 0 0.004 0 0.24 0 0.726 0.726 0.726 0.001 0 0 0 0 0.004 0 0.24 0.24 0 0.726 0.726 0.727 0.001 0 0.398 0.391 0.37 0.403 0.827 0.828 0.827 0.232 0.224 0.223 0.223 0 0.332 0 0 0.003 0 0.003 0.003 0.985 0.061 0.061 0.062 0.091 0.582 0.091 0.989 0.582 0.091 0.989 0.989 0.582 0 0 0 0.002 0 0 0.002 0.002 0 0.073 0.511 0.511 0.511 0.054 0 0 0.003 0 0.003 0.003 0.997 0.332 0.332 0.332

root, 1 bet 10
0.536 0.536 0.536 0.531 0.532 0.533 0.419 0.542 0.542 0.479 0.542 0.478 0.478 0.5 0.5 0.504 0.499 0.504 0.504 0.327 0.327 0.327 0.41 0.411 0.44 0.496 0.394 0.174 0.383 0.388 0.388 0.349 0.161 0.41 0.411 0.44 0.496 0.394 0.465 0.174 0.387 0.383 0.387 0.349 0.161 0.41 0.411 0.44 0.496 0.395 0.466 0.465 0.174 0.387 0.387 0.383 0.349 0.161 0.579 0.576 0.601 0.599 0.398 0.398 0.399 0.552 0.25 0.25 0.25 0.521 0.613 0.147 0.147 0.264 0.147 0.265 0.264 0.352 0.256 0.256 0.256 0.334 0.476 0.334 0.345 0.476 0.335 0.345 0.346 0.476 0.339 0.283 0.339 0.266 0.284 0.339 0.266 0.266 0.284 0.359 0.279 0.279 0.279 0.504 0.177 0.177 0.41 0.177 0.41 0.41 0.414 0.354 0.354 0.354

1 bet 10, 2 call 10
0.621 0.621 0.621 1 1 1 1 1 1 0.158 0.156 0.157 1 1 1 0.973 0.973 0.972 1 1 1 0.997 0.997 0.997 0.11 0.109 0.107 1 1 1 0 0 0 1 0 0 1 0 0 0 0 1 0 0 0 1 0 0 0 0 1 0 0 1 0 0 0 0 1 0 0 0 1 0 0 0 0 1 0 0 1 0 0 0 0 1 0 0 0 1 0 1 1 0.999 1 1 1 0.999 0.999 0.999 0.983 0.979 0.979 0.98 1 1 0 0.231 0 0.231 0.231 0 1 1 1 1 1 1 1 1 1 1 1 1 1 1 1 1 1 1 1 1 1 1 0 0 0.422 0 0.422 0.423 1 1 1 1 0.07 0.069 0.07 1 1 1

1 bet 10, 2 raise 30
0 0 0 0 0 0 0 0 0 0 0 0 0 0 0 0 0 0 0 0 0 0.003 0.003 0.003 0 0 0 0 0 0 0 0 0 0 0 0 0 0 0 0 0 0 0 0 0 0 0 0 0 0 0 0 0 0 0 0 0 0 0 0 0 0 0 0 0 0 0 0 0 0 0 0 0 0 0 0 0 0 0 0 0 0 0 0.001 0 0 0 0.001 0.001 0.001 0.017 0.021 0.021 0.02 0 0 0 0 0 0 0 0 0 0 0 0 0 0 0 0 0 0 0 0 0 0 0 0 0 0 0 0 0 0 0 0 0 0 0 0 0 0 0 0 0 0 0 0 0 0

1 bet 10, 2 raise 30, 1 call  30
0.031 0.031 0.031 0.387 0.387 0.387 0 0.356 0.355 0 0.356 0 0 0.276 0.275 0.026 0.276 0.026 0.026 0.345 0.345 0.345 0.01 0.01 0.007 0.136 0.008 0.013 0.067 0.068 0.068 0 0.011 0.01 0.01 0.007 0.136 0.008 0.473 0.013 0.068 0.067 0.068 0 0.011 0.01 0.01 0.007 0.136 0.008 0.473 0.473 0.013 0.068 0.068 0.067 0 0.011 0.1 0.104 0.109 0.139 0.037 0.037 0.037 0.244 0.102 0.102 0.102 0.684 0.206 0.002 0.002 0.006 0.002 0.006 0.006 0 0.254 0.254 0.254 0.249 0.212 0.249 0 0.212 0.249 0 0 0.212 0 0 0 0 0 0 0 0 0 0 0 0 0 0 0.003 0.003 0.06 0.003 0.06 0.06 0 0.266 0.266 0.266

2 raise 30, 1 raise  80
0 0 0 0 0 0 1 0.001 0.001 1 0.001 1 1 0.001 0.001 0.001 0.001 0.001 0.001 0.475 0.475 0.475 0 0 0 0.042 0 0 0.933 0.932 0.932 0 0 0 0 0 0.042 0 0.527 0 0.932 0.933 0.932 0 0 0 0 0 0.042 0 0.527 0.527 0 0.932 0.932 0.933 0 0 0.9 0.896 0.891 0.861 0.939 0.939 0.939 0.756 0.864 0.864 0.864 0.316 0.794 0 0 0.001 0 0.001 0.001 1 0.352 0.352 0.352 0.062 0.424 0.063 1 0.425 0.062 1 1 0.424 0 0 0 0 0 0 0 0 0 1 1 1 1 1 0 0 0.003 0 0.003 0.003 1 0.577 0.577 0.577

root, 1 bet 15
0.285 0.285 0.285 0.071 0.071 0.07 0.207 0.203 0.203 0.436 0.203 0.436 0.436 0.28 0.28 0.074 0.28 0.074 0.075 0 0 0 0.247 0.242 0.074 0.221 0.034 0.004 0.153 0.15 0.15 0 0.014 0.247 0.242 0.074 0.221 0.033 0.066 0.004 0.15 0.153 0.15 0 0.014 0.246 0.242 0.073 0.221 0.033 0.066 0.066 0.004 0.15 0.15 0.153 0 0.014 0.127 0.122 0.035 0.002 0.328 0.328 0.328 0.029 0.105 0.105 0.105 0 0.001 0.229 0.23 0.055 0.23 0.055 0.055 0.134 0.005 0.005 0.005 0.073 0.047 0.073 0.028 0.047 0.073 0.028 0.028 0.047 0.102 0.112 0.102 0.002 0.112 0.102 0.002 0.002 0.112 0.094 0.068 0.068 0.068 0.002 0.256 0.256 0.085 0.256 0.085 0.085 0.075 0.021 0.021 0.021

1 bet 15, 2 call 15
0 0 0 1 1 1 0.974 0.973 0.974 0 0 0 1 1 1 0 0 0 1 1 1 0.91 0.91 0.91 0 0 0 1 1 1 0 0 0 0.506 0 0 0.962 0 0 0 0 0.364 0 0 0 0.997 0 0 0 0 0.506 0 0 0.963 0 0 0 0 0.364 0 0 0 0.997 0 0 0 0 0.506 0 0 0.962 0 0 0 0 0.364 0 0 0 0.997 0 0.971 0.966 0.907 0.989 0.981 0.93 0.885 0.885 0.885 0.999 0.722 0.722 0.722 1 0.997 0 0 0 0 0 0 1 1 1 1 0.991 0.891 0.704 0.704 0.932 1 0.991 0.704 0.891 0.704 0.932 1 0.991 0.704 0.704 0.891 0.932 1 0 0 0 0 0 0 1 0.998 0.998 0.998 0 0 0 1 1 1

1 bet 15, 2 raise 40
0 0 0 0 0 0 0.026 0.027 0.026 0 0 0 0 0 0 0 0 0 0 0 0 0.09 0.09 0.09 0 0 0 0 0 0 0 0 0 0 0 0 0.003 0 0 0 0 0 0 0 0 0 0 0 0 0 0 0 0 0.003 0 0 0 0 0 0 0 0 0 0 0 0 0 0 0 0 0.003 0 0 0 0 0 0 0 0 0 0 0.029 0.034 0.093 0.011 0.019 0.07 0.115 0.115 0.115 0.001 0.278 0.278 0.278 0 0.003 0 0 0 0 0 0 0 0 0 0 0 0.018 0 0 0.068 0 0 0 0.018 0 0.068 0 0 0 0 0.018 0.068 0 0 0 0 0 0 0 0 0.002 0.002 0.002 0 0 0 0 0 0

1 bet 15, 2 raise 40, 1 call  40
0 0 0 0.998 0.998 0.998 0 0.87 0.87 0 0.87 0 0 0.717 0.717 0 0.717 0 0 0 0 0 0 0 0 0.481 0 0 0.287 0.288 0.288 0 0 0 0 0 0.481 0 0.213 0 0.288 0.287 0.288 0 0 0 0 0 0.481 0 0.213 0.213 0 0.287 0.288 0.287 0 0 0.031 0.031 0.031 0.032 0.137 0.137 0.137 0.035 0.046 0.046 0.046 0.668 0.036 0 0 0 0 0 0 0 0 0 0 0.29 0.539 0.29 0 0.538 0.29 0 0 0.539 0 0 0 0 0 0 0 0 0 0 0 0 0 0 0 0 0 0 0 0 0 0 0 0

2 raise 40, 1 raise  75
0 0 0 0 0 0 1 0.002 0.002 1 0.002 1 1 0.003 0.003 0 0.003 0 0 0.994 0.994 0.994 0 0 0 0.056 0 0 0.713 0.712 0.712 0 0 0 0 0 0.056 0 0.787 0 0.712 0.713 0.712 0 0 0 0 0 0.056 0 0.787 0.787 0 0.713 0.712 0.713 0 0 0.969 0.969 0.969 0.968 0.863 0.863 0.863 0.965 0.954 0.954 0.954 0.332 0.964 0 0 0 0 0 0 1 0.987 0.987 0.987 0.001 0.003 0.001 1 0.003 0.001 1 1 0.003 0 0 0 0 0 0 0 0 0 1 1 1 1 1 0 0 0 0 0 0 1 0.995 0.995 0.995

root, 1 bet 20
0.015 0.015 0.015 0 0 0 0 0.009 0.009 0.042 0.009 0.043 0.043 0.031 0.031 0.001 0.031 0.001 0.001 0 0 0 0.01 0.005 0 0.007 0 0 0.01 0.004 0.004 0 0 0.01 0.005 0 0.007 0 0.002 0 0.004 0.01 0.004 0 0 0.01 0.005 0 0.007 0 0.002 0.002 0 0.004 0.004 0.01 0 0 0 0 0 0 0.034 0.034 0.034 0 0.008 0.008 0.008 0 0 0.104 0.104 0.001 0.104 0.001 0.001 0.002 0.001 0.001 0.001 0 0.001 0 0.001 0.001 0 0.001 0.001 0.001 0.005 0.002 0.005 0 0.002 0.005 0 0 0.002 0 0.002 0.002 0.002 0 0.031 0.032 0.006 0.032 0.006 0.006 0 0.002 0.002 0.002

1 bet 20, 2 call 20
0 0 0 0.605 0.605 0.605 0.999 0.999 0.999 0 0 0 1 1 1 0 0 0 1 1 1 0.649 0.649 0.649 0 0 0 0.864 0.863 0.863 0 0 0 0.35 0 0 0.54 0 0 0 0 0.18 0 0 0 0.884 0 0 0 0 0.35 0 0 0.54 0 0 0 0 0.18 0 0 0 0.884 0 0 0 0 0.35 0 0 0.54 0 0 0 0 0.18 0 0 0 0.884 0 0.919 0.916 0.895 0.927 0.923 0.921 0.596 0.596 0.596 0.978 0.356 0.356 0.356 0.983 0.978 0 0 0 0 0 0 0.841 0.84 0.84 0.991 0.7 0.607 0.569 0.569 0.748 0.946 0.7 0.569 0.607 0.569 0.748 0.946 0.7 0.569 0.569 0.607 0.748 0.946 0 0 0 0 0 0 0.979 0.997 0.997 0.997 0 0 0 0.749 0.749 0.749

1 bet 20, 2 raise 50
0 0 0 0 0 0 0.001 0.001 0.001 0 0 0 0 0 0 0 0 0 0 0 0 0.351 0.351 0.351 0 0 0 0 0 0 0 0 0 0 0 0 0.03 0 0 0 0 0 0 0 0 0 0 0 0 0 0 0 0 0.03 0 0 0 0 0 0 0 0 0 0 0 0 0 0 0 0 0.03 0 0 0 0 0 0 0 0 0 0 0.081 0.084 0.105 0.073 0.077 0.079 0.404 0.404 0.404 0.022 0.644 0.644 0.644 0.017 0.022 0 0 0 0 0 0 0 0 0 0.009 0 0 0 0 0.252 0 0 0 0 0 0.252 0 0 0 0 0 0.252 0 0 0 0 0 0 0 0.021 0.002 0.002 0.002 0 0 0 0 0 0

1 bet 20, 2 raise 50, 1 call  50
0.001 0.001 0.001 0.993 0.993 0.993 0 0.975 0.975 0 0.975 0 0 0.969 0.969 0.002 0.969 0.002 0.002 0 0 0 0 0 0 0.901 0 0.001 0.041 0.041 0.041 0.08 0 0 0 0 0.901 0 0.004 0.001 0.041 0.041 0.041 0.08 0 0 0 0 0.901 0 0.004 0.004 0.001 0.04 0.04 0.04 0.079 0 0.034 0.034 0.035 0.035 0.078 0.078 0.078 0.04 0.031 0.031 0.031 0.516 0.036 0 0 0 0 0 0 0 0 0 0 0.416 0.495 0.416 0 0.495 0.416 0 0 0.495 0 0 0 0 0 0 0 0 0 0 0 0 0 0 0 0 0.001 0 0.001 0.001 0 0 0 0

2 raise 50, 1 raise  70
0 0 0 0 0 0 1 0.019 0.019 1 0.019 1 1 0.02 0.02 0 0.02 0 0 0.999 0.999 0.999 0 0 0 0.064 0 0 0.959 0.959 0.959 0 0 0 0 0 0.064 0 0.996 0 0.959 0.959 0.959 0 0 0 0 0 0.064 0 0.996 0.996 0 0.96 0.96 0.96 0 0 0.966 0.966 0.965 0.965 0.922 0.922 0.922 0.96 0.969 0.969 0.969 0.484 0.964 0 0 0 0 0 0 1 0.999 0.999 0.999 0.219 0.47 0.219 1 0.47 0.219 1 1 0.47 0 0 0 0 0 0 0 0 0 1 1 1 1 1 0 0 0 0 0 0 1 0.999 0.999 0.999

root, 1 bet 25
0 0 0 0 0 0 0 0 0 0.001 0 0.001 0.001 0 0 0 0 0 0 0 0 0 0 0 0 0 0 0 0 0 0 0 0 0 0 0 0 0 0 0 0 0 0 0 0 0 0 0 0 0 0 0 0 0 0 0 0 0 0 0 0 0 0 0 0 0 0 0 0 0 0 0 0 0 0 0 0 0 0 0 0 0 0 0 0 0 0 0 0 0 0 0 0 0 0 0 0 0 0 0 0 0 0 0 0 0 0 0 0 0 0 0 0 0

1 bet 25, 2 call 25
0.052 0.052 0.052 0.374 0.374 0.374 0.441 0.441 0.441 0.059 0.059 0.059 0.409 0.409 0.409 0.062 0.062 0.062 0.383 0.383 0.383 0.386 0.386 0.386 0.042 0.042 0.042 0.414 0.414 0.414 0.041 0.039 0.049 0.17 0.052 0.053 0.205 0.018 0 0 0 0.363 0 0 0 0.418 0.038 0.041 0.039 0.049 0.17 0.052 0.053 0.205 0.017 0 0 0 0.363 0 0 0 0.418 0.038 0.041 0.039 0.049 0.17 0.052 0.053 0.205 0.018 0 0 0 0.363 0 0 0 0.418 0.038 0.643 0.642 0.639 0.647 0.647 0.664 0.113 0.113 0.113 0.687 0.075 0.075 0.075 0.802 0.694 0 0 0 0 0 0 0.531 0.531 0.531 0.891 0.502 0.512 0.503 0.503 0.407 0.532 0.502 0.503 0.512 0.503 0.407 0.532 0.502 0.503 0.503 0.512 0.407 0.532 0 0 0.008 0 0.008 0.008 0.897 0.501 0.501 0.501 0.034 0.035 0.035 0.45 0.45 0.45

1 bet 25, 2 raise 90
0 0 0 0.019 0.019 0.019 0.547 0.547 0.547 0 0 0 0.126 0.126 0.126 0 0 0 0.12 0.12 0.12 0.613 0.613 0.614 0 0 0 0.005 0.005 0.005 0 0 0 0 0 0 0 0 0 0 0 0 0 0 0 0.479 0 0 0 0 0 0 0 0 0 0 0 0 0 0 0 0 0.479 0 0 0 0 0 0 0 0 0 0 0 0 0 0 0 0 0.479 0 0.357 0.358 0.361 0.353 0.353 0.336 0.882 0.882 0.882 0.313 0.919 0.919 0.919 0.198 0.306 0 0 0 0 0 0 0 0 0 0.109 0 0.01 0.012 0.012 0.582 0.091 0 0.012 0.01 0.012 0.582 0.091 0 0.012 0.012 0.01 0.582 0.091 0 0 0 0 0 0 0.103 0.491 0.491 0.491 0 0 0 0 0 0

1 bet 25, 2 raise 90, 1 call  90
0 0 0 0 0 0 1 0 0 1 0 1 1 0 0 0 0 0 0 1 1 1 0 0 0 0 0 0 1 1 1 0 0 0 0 0 0 0 1 0 1 1 1 0 0 0 0 0 0 0 1 1 0 1 1 1 0 0 1 1 1 1 1 1 1 1 1 1 1 1 1 0 0 0 0 0 0 1 1 1 1 1 1 1 1 1 1 1 1 1 0 0 0 0 0 0 0 0 0 1 1 1 1 1 0 0 0 0 0 0 1 1 1 1
