game = '6-max Cash', preflop situation = 'MP openraise BB 3bet MP call', stack = '90', pot = '20', bets = '33 50 75 100 125'

OOP preflop range
6d5d_0.25 6h5h_0.25 6s5s_0.25 7d6d_0.50 7h6h_0.50 7s6s_0.50 8c7c_0.50 8d7d_0.50 8d8c_0.25 8h7h_0.50 8h8c_0.25 8h8d_0.25 8s7s_0.50 8s8c_0.25 8s8d_0.25 8s8h_0.25 9c8c_0.25 9d8d_0.25 9d9c_0.25 9h8h_0.25 9h9c_0.25 9h9d_0.25 9s8s_0.25 9s9c_0.25 9s9d_0.25 9s9h_0.25 Ac2c_0.50 Ac3c_0.25 Ac4c_0.25 Ac5c_0.50 AcJc_0.50 AcKc_1 AcKd_0.75 AcKh_0.75 AcKs_0.75 AcTc_0.25 Ad2d_0.50 Ad3d_0.25 Ad4d_0.25 Ad5d_0.50 Ad6d_0.50 AdAc_1 AdJd_0.50 AdKc_0.75 AdKd_1 AdKh_0.75 AdKs_0.75 AdTd_0.25 Ah2h_0.50 Ah3h_0.25 Ah4h_0.25 Ah5h_0.50 Ah6h_0.50 AhAc_1 AhAd_1 AhJh_0.50 AhKc_0.75 AhKd_0.75 AhKh_1 AhKs_0.75 AhQh_1 AhTh_0.25 As2s_0.50 As3s_0.25 As4s_0.25 As5s_0.50 As6s_0.50 AsAc_1 AsAd_1 AsAh_1 AsJs_0.50 AsKc_0.75 AsKd_0.75 AsKh_0.75 AsKs_1 AsQs_1 AsTs_0.25 Jc9c_0.25 Jd9d_0.25 JdJc_0.75 Jh9h_0.25 JhJc_0.75 JhJd_0.75 Js9s_0.25 JsJc_0.75 JsJd_0.75 JsJh_0.75 KcJc_0.75 KdJd_0.75 KdKc_1 KhJh_0.75 KhKc_1 KhKd_1 KhQh_1 KsJs_0.75 KsKc_1 KsKd_1 KsKh_1 KsQs_1 QhJh_0.75 QhTh_0.25 QsJs_0.75 QsQh_1 QsTs_0.25 Tc9c_0.25 Td9d_0.25 TdTc_0.50 Th9h_0.25 ThTc_0.50 ThTd_0.50 Ts9s_0.25 TsTc_0.50 TsTd_0.50 TsTh_0.50

IP preflop range
4d4c_0.25 4h4c_0.25 4h4d_0.25 4s4c_0.25 4s4d_0.25 4s4h_0.25 5d5c_0.25 5h5c_0.25 5h5d_0.25 5s5c_0.25 5s5d_0.25 5s5h_0.25 6h6d_0.50 6s6d_0.50 6s6h_0.50 7d7c_0.50 7h7c_0.50 7h7d_0.50 7s7c_0.50 7s7d_0.50 7s7h_0.50 8d8c_1 8h8c_1 8h8d_1 8s8c_1 8s8d_1 8s8h_1 9d9c_1 9h9c_1 9h9d_1 9s9c_1 9s9d_1 9s9h_1 Ac2c_1 Ac3c_1 Ac4c_1 Ac5c_1 Ac7c_1 Ac8c_1 Ac9c_1 AcJc_0.75 AcJd_1 AcJh_1 AcJs_1 AcQh_1 AcQs_1 AcTc_1 Ad2d_1 Ad3d_1 Ad4d_1 Ad5d_1 Ad6d_1 Ad7d_1 Ad8d_1 Ad9d_1 AdJc_1 AdJd_0.75 AdJh_1 AdJs_1 AdQh_1 AdQs_1 AdTd_1 Ah2h_1 Ah3h_1 Ah4h_1 Ah5h_1 Ah6h_1 Ah7h_1 Ah8h_1 Ah9h_1 AhJc_1 AhJd_1 AhJh_0.75 AhJs_1 AhQh_0.50 AhQs_1 AhTh_1 As2s_1 As3s_1 As4s_1 As5s_1 As6s_1 As7s_1 As8s_1 As9s_1 AsJc_1 AsJd_1 AsJh_1 AsJs_0.75 AsQh_1 AsQs_0.50 AsTs_1 JcTc_0.50 JdJc_1 JdTd_0.50 JhJc_1 JhJd_1 JhTh_0.50 JsJc_1 JsJd_1 JsJh_1 JsTs_0.50 KcJc_1 KcQh_1 KcQs_1 KcTc_0.50 KdJd_1 KdQh_1 KdQs_1 KdTd_0.50 KhJh_1 KhQh_1 KhQs_1 KhTh_0.50 KsJs_1 KsQh_1 KsQs_1 KsTs_0.50 QhJh_0.50 QsJs_0.50 QsQh_1 TdTc_1 ThTc_1 ThTd_1 TsTc_1 TsTd_1 TsTh_1

root, 1 check
0.203 0.022 0.022 0.375 0.241 0.241 0.508 0.259 0.603 0.336 0.671 0.462 0.336 0.67 0.462 0.496 0.692 0.251 0.678 0.328 0.762 0.474 0.328 0.762 0.474 0.534 0.026 0.01 0.145 0.163 0.549 0.576 0.185 0.277 0.277 0.473 0.466 0.473 0.498 0.562 0.384 0.324 0.67 0.352 0.403 0.831 0.831 0.474 0.942 0.958 0.914 0.933 0.803 0.397 0.259 0.883 0.377 0.465 0.603 0.605 0.191 0.922 0.944 0.961 0.916 0.936 0.804 0.398 0.261 0.343 0.885 0.379 0.465 0.606 0.603 0.194 0.923 0.253 0.201 0.436 0.357 0.428 0.352 0.357 0.428 0.352 0.364 0.254 0.106 0.398 0.199 0.227 0.17 0.516 0.199 0.227 0.17 0.223 0.518 0.423 0.655 0.425 0.507 0.658 0.508 0.142 0.44 0.47 0.529 0.462 0.469 0.529 0.461 0.533

1 check, 2 check
0.284 0.338 0.089 0.338 0.089 0.147 0.465 0.509 0.356 0.51 0.357 0.41 0 0 0 0.723 0.768 0.682 0.768 0.682 0.709 0.684 0.729 0.723 0.729 0.723 0.825 0.686 0.729 0.65 0.729 0.65 0.826 0.003 0.001 0.002 0.01 0.306 0.307 0.383 0.508 0 0 0 0.239 0.24 0.294 0.165 0.16 0.157 0.188 0.972 0.57 0.714 0.646 0.378 0.411 0.712 0.712 0 0 0.492 0.431 0.433 0.452 0.479 1 0.995 0.998 0.997 0.143 0.7 0.289 0.947 0 0 0.543 0.433 0.435 0.454 0.481 1 0.995 0.998 0.997 0.144 0.703 0.949 0.29 0 0 0.545 0.804 0.79 0.331 0.676 0.657 0.244 0.676 0.657 0.484 0.244 0.187 0.424 0.424 0.462 0.14 0.268 0.267 0.167 0.127 0.202 0.212 0.018 0.127 0.212 0.201 0.018 0.242 0.242 0.144 0.833 0.678 0.662 0.678 0.663 0.551

1 check, 2 bet 7
0.296 0.321 0.149 0.32 0.149 0.153 0.23 0.249 0.084 0.249 0.084 0.071 0.215 0.215 0.121 0.164 0.146 0.223 0.146 0.223 0.199 0.124 0.159 0.171 0.16 0.171 0.133 0.127 0.158 0.202 0.158 0.202 0.131 0.336 0.334 0.28 0.272 0.224 0.212 0.212 0.297 0.312 0.373 0.374 0.366 0.365 0.333 0.259 0.26 0.249 0.267 0.028 0.226 0.136 0.169 0.156 0.235 0.228 0.228 0.291 0.291 0.137 0.229 0.229 0.222 0.223 0 0.002 0 0.002 0.177 0.299 0.294 0.052 0.224 0.235 0.147 0.229 0.229 0.222 0.222 0 0.002 0 0.002 0.176 0.297 0.05 0.293 0.235 0.24 0.146 0.175 0.16 0.311 0.199 0.183 0.336 0.199 0.183 0.244 0.336 0.285 0.218 0.218 0.233 0.264 0.241 0.242 0.364 0.299 0.263 0.247 0.379 0.299 0.247 0.263 0.379 0.414 0.415 0.672 0.081 0.191 0.214 0.191 0.214 0.258

2 bet 7, 1 call 7
0.53 0.337 0.337 0.914 0.424 0.424 0.96 0 0.999 0 0.996 1 0 0.996 1 1 1 0 0.998 0 0.994 1 0 0.994 1 0.986 0 0 0 0 0.983 0.553 0.288 0.234 0.234 0.613 0 0 0 0 1 0.859 0.997 0.997 1 0.31 0.31 0.41 0 0 0 0 0.72 0.806 0.928 0.401 0.546 0.626 0.628 0.635 0 0 0 0 0 0 0.722 0.823 0.917 0.912 0.402 0.547 0.626 0.636 0.629 0 0 0.933 0.238 0.999 0.159 0.886 0.999 0.159 0.886 0.999 0.992 0.382 0.024 0.95 0.359 0.444 0.184 0.659 0.359 0.444 0.184 0.615 0.657 0.774 0.999 0.772 1 0.999 0.84 0.017 0.968 0 0.866 1 0 0.866 1 1

2 bet 7, 1 raise 24
0.47 0.583 0.583 0.086 0.573 0.573 0.04 0.008 0.001 0.002 0.004 0 0.002 0.004 0 0 0 0.278 0.002 0.004 0.006 0 0.004 0.006 0 0.014 1 1 1 1 0.017 0.447 0.712 0.766 0.766 0.387 0 0 0 0 0 0.141 0 0.002 0 0.003 0.003 0 0 0 0 0 0.001 0.194 0.072 0 0.454 0.017 0.014 0.011 1 0 0 0 0 0 0.001 0.177 0.083 0.088 0 0.452 0.017 0.01 0.013 1 0 0.067 0.002 0.001 0.001 0.114 0.001 0.001 0.114 0.001 0.008 0.618 0.976 0.05 0.641 0.556 0.816 0.341 0.641 0.556 0.816 0.385 0.343 0.226 0.001 0.228 0 0.001 0.16 0.981 0.032 0.007 0.134 0 0.007 0.134 0 0

2 bet 7, 1 raise 24, 2 call 24
0.998 0.998 0.698 0.998 0.698 0.708 0.998 0.998 0.643 0.998 0.643 0.646 1 1 1 0.999 0.999 0.533 0.999 0.533 0.473 0.98 0.975 0.569 0.975 0.569 0.628 1 0.999 0.786 0.999 0.786 0.808 0.394 0.394 0.338 0.35 0.724 0.766 0.726 0.69 0 0 0 0.507 0.507 0.421 0 0 0 0 1 0 0 0 0.017 0.1 0 0 0.681 0.681 0 0 0 0 0 0.999 0 0 0 0.312 0 0.092 0.088 0.065 0.266 0 0 0 0 0 0.999 0 0 0 0.312 0 0.09 0.094 0.255 0.241 0 0.721 1 0 0.998 0.999 0 0.998 0.999 0.804 0 0.737 0.701 0.701 0.945 0.068 0.811 0.811 0 0.382 0.85 0.872 0 0.382 0.872 0.849 0 0.999 0.999 1 1 1 1 1 1 1

1 raise 24, 2 raise 83
0 0 0 0 0 0 0 0 0 0 0 0 0 0 0 0 0 0 0 0 0 0.017 0.023 0 0.023 0 0 0 0 0 0 0 0 0.606 0.606 0.662 0.65 0.276 0.234 0.274 0.31 0 0 0 0.493 0.493 0.579 0 0 0 0 0 0 0 0 0 0 0 0 0.319 0.319 0 0 0 0 0 0 0 0 0 0 0 0 0 0.935 0.734 0 0 0 0 0 0 0 0 0 0 0 0 0 0.745 0.759 0 0.279 0 0 0.002 0.001 0 0.002 0.001 0.196 0 0.263 0.299 0.299 0.055 0 0.189 0.189 0 0 0.15 0.128 0 0 0.128 0.151 0 0.001 0.001 0 0 0 0 0 0 0

1 check, 2 bet 10
0.307 0.291 0.301 0.291 0.301 0.288 0.26 0.229 0.229 0.228 0.229 0.213 0.294 0.294 0.322 0.113 0.086 0.095 0.086 0.095 0.092 0.126 0.099 0.103 0.099 0.104 0.038 0.14 0.111 0.124 0.111 0.124 0.028 0.4 0.402 0.399 0.402 0.252 0.256 0.231 0.195 0.295 0.403 0.403 0.324 0.324 0.33 0.362 0.365 0.362 0.373 0 0.2 0.146 0.172 0.323 0.343 0.058 0.058 0.469 0.469 0.286 0.194 0.194 0.188 0.18 0 0 0 0 0.448 0 0.378 0 0.34 0.355 0.265 0.193 0.194 0.188 0.18 0 0 0 0 0.447 0 0 0.378 0.356 0.354 0.264 0.021 0.049 0.247 0.103 0.134 0.274 0.102 0.134 0.235 0.274 0.313 0.249 0.249 0.238 0.403 0.33 0.33 0.35 0.324 0.322 0.316 0.348 0.324 0.316 0.322 0.349 0.339 0.339 0.184 0.081 0.11 0.124 0.11 0.123 0.167

2 bet 10, 1 call 10
0.953 0.002 0.002 0.929 0.002 0.002 1 0 0.983 0 0.923 1 0 0.923 1 1 1 0 0.996 0 0.965 1 0 0.965 1 1 0 0.001 0.001 0.002 0.999 0.727 0.373 0.33 0.33 0.99 0 0 0 0 1 0.963 0.432 0.998 1 0.001 0.001 0 0 0 0 0 0.276 0.91 1 0.158 0.845 0.132 0.454 0.46 0.001 0 0 0 0 0 0.277 0.913 1 0.985 0.159 0.842 0.133 0.461 0.454 0.001 0 1 0 0.991 0 0.994 1 0 0.995 1 1 0.92 0.228 0.996 0.544 0.579 0.482 0.745 0.545 0.579 0.482 0.597 0.744 0.895 0.999 0.893 1 0.999 0.981 0 0.974 0 0.927 1 0 0.927 1 1

2 bet 10, 1 raise 30
0.047 0.324 0.324 0.071 0.6 0.6 0 0.005 0.017 0.002 0.077 0 0.002 0.077 0 0 0 0.009 0.004 0.003 0.035 0 0.003 0.035 0 0 1 0.999 0.999 0.998 0.001 0.273 0.627 0.67 0.67 0.01 0 0 0 0 0 0.037 0 0.001 0 0 0 0 0 0 0 0 0 0.09 0 0 0.155 0 0 0 0.999 0 0 0 0 0 0 0.087 0 0.015 0 0.158 0 0 0 0.999 0 0 0 0.009 0 0.006 0 0 0.005 0 0 0.08 0.771 0.004 0.341 0.421 0.518 0.255 0.341 0.421 0.518 0.403 0.256 0.105 0.001 0.107 0 0.001 0.019 0.006 0.026 0.001 0.073 0 0.001 0.073 0 0

2 bet 10, 1 raise 30, 2 call 30
0.844 0.852 0.281 0.852 0.281 0.287 0.757 0.743 0.204 0.743 0.204 0.206 0.994 0.994 0.872 0.995 0.991 0.196 0.991 0.196 0.044 0.979 0.983 0.3 0.983 0.299 0.286 0.998 0.998 0.636 0.998 0.636 0.624 0.39 0.39 0.362 0.375 0.739 0.62 0.516 0.298 0 0 0 0.648 0.648 0.153 0.001 0.001 0.001 0.001 0.999 0 0 0 0.001 0.001 0.001 0.001 0.575 0.575 0.001 0 0 0 0 0.953 0 0 0 0.24 0.001 0.01 0.008 0.227 0.29 0.001 0 0 0 0 0.952 0 0 0 0.238 0.001 0.008 0.009 0.285 0.279 0.001 0.998 0.999 0 0.896 0.998 0 0.895 0.998 0.99 0 0.647 0.599 0.599 0.514 0.001 0.63 0.63 0 0.025 0.66 0.684 0.001 0.025 0.684 0.66 0.001 0.781 0.78 0.998 0.998 0.998 0.999 0.998 0.999 0.998

1 raise 30, 2 raise 80
0 0 0 0 0 0 0 0 0 0 0 0 0.006 0.006 0.128 0 0 0 0 0 0 0 0 0 0 0 0 0 0 0 0 0 0 0.61 0.61 0.638 0.625 0.261 0.38 0.484 0.702 0 0 0 0.352 0.352 0.847 0 0 0 0 0 0 0 0 0 0 0 0 0.425 0.425 0 0 0 0 0 0 0 0 0 0 0 0 0 0.773 0.71 0 0 0 0 0 0 0 0 0 0 0 0 0 0.715 0.721 0 0.002 0.001 0 0.104 0.001 0 0.105 0.001 0.009 0 0.353 0.401 0.401 0.486 0 0.37 0.37 0 0 0.34 0.316 0 0 0.316 0.34 0 0.219 0.22 0.002 0.001 0.001 0 0.001 0 0

1 check, 2 bet 15
0.112 0.051 0.354 0.05 0.353 0.324 0.044 0.012 0.267 0.012 0.267 0.255 0.257 0.257 0.404 0 0 0 0 0 0 0.051 0.012 0.002 0.012 0.002 0.004 0.047 0.002 0.014 0.002 0.014 0.014 0.243 0.246 0.286 0.281 0.184 0.172 0.099 0 0.311 0.191 0.19 0.07 0.07 0.006 0.181 0.183 0.2 0.148 0 0.002 0.002 0.011 0.142 0.01 0.001 0.001 0.219 0.22 0.084 0.073 0.072 0.069 0.063 0 0.001 0 0.001 0.221 0 0.039 0 0.284 0.279 0.044 0.072 0.071 0.068 0.062 0 0.001 0 0.001 0.22 0 0 0.039 0.279 0.276 0.044 0 0.001 0.11 0.023 0.026 0.144 0.022 0.026 0.036 0.144 0.169 0.105 0.105 0.051 0.19 0.157 0.157 0.114 0.228 0.186 0.186 0.167 0.228 0.186 0.186 0.167 0.004 0.004 0 0.005 0.02 0 0.02 0 0.023

2 bet 15, 1 call 15
0.005 0 0 0.146 0 0 1 0 0.662 0 0.797 0.642 0 0.797 0.643 0.784 1 0 0.98 0 0.928 0.997 0 0.928 0.997 0.998 0.411 0.618 0.973 0.977 0.999 0.999 0.05 0.219 0.22 0.997 0 0 0 0 0.993 1 0 0.276 0.739 0.001 0.001 0 0 0 0 0 0 1 0.999 0 0.7 0.005 0.315 0.319 0.25 0 0 0 0 0 0 1 0.999 0.994 0 0.702 0.005 0.319 0.316 0.247 0 1 0 0.973 0 0.999 0.999 0 0.999 0.999 1 1 0 0.996 0 0.557 0.792 0.95 0 0.557 0.791 0.602 0.95 0.996 0.999 0.996 1 0.999 1 0 0.991 0 0.996 0.997 0 0.996 0.997 0.998

2 bet 15, 1 raise 40
0.001 0.002 0.002 0.011 0.015 0.015 0 0.001 0.139 0.001 0.135 0 0.001 0.135 0 0 0 0.001 0.018 0.001 0.07 0.001 0.001 0.071 0.001 0 0.589 0.382 0.027 0.023 0.001 0.001 0.595 0.535 0.535 0.003 0 0 0 0 0 0 0 0 0 0 0 0 0 0 0 0 0.005 0 0.001 0 0.022 0 0 0 0.75 0 0 0 0 0 0.004 0 0.001 0.006 0 0.021 0 0 0 0.753 0 0 0 0 0 0 0 0 0 0 0 0 0.001 0.004 0.001 0.443 0.208 0.05 0.001 0.443 0.209 0.398 0.05 0.004 0.001 0.004 0 0.001 0 0 0.008 0 0.003 0 0 0.003 0 0

2 bet 15, 1 raise 40, 2 call 40
0.355 0.353 0.015 0.353 0.015 0.015 0.381 0.374 0.035 0.374 0.035 0.034 0.442 0.442 0.434 0.52 0.514 0.088 0.514 0.087 0.086 0.489 0.488 0.081 0.488 0.081 0.081 0.699 0.7 0.237 0.7 0.237 0.233 0.24 0.241 0.243 0.242 0.249 0.296 0.234 0.166 0 0 0 0 0 0.168 0 0 0 0 0.999 0 0 0 0 0 0 0 0.158 0.157 0 0.004 0.004 0.004 0.003 0.903 0.005 0.004 0.003 0.157 0.004 0.031 0.029 0.031 0.056 0.046 0.004 0.004 0.004 0.004 0.903 0.005 0.004 0.003 0.156 0.004 0.029 0.031 0.051 0.047 0.046 0.078 0.148 0 0.13 0.346 0 0.13 0.346 0.3 0 0 0.044 0.044 0 0 0.24 0.24 0 0 0.31 0.317 0 0 0.317 0.31 0 0.731 0.73 0.995 0.655 0.612 0.776 0.612 0.776 0.887

1 raise 40, 2 raise 75
0 0 0 0 0 0 0 0 0 0 0 0 0.558 0.558 0.566 0 0 0 0 0 0 0 0 0 0 0 0 0.001 0.001 0 0.001 0 0 0.645 0.644 0.643 0.644 0.634 0.55 0.727 0.834 0 0 0 1 1 0.832 0 0 0 0 0 0 0 0 0 0 0 0 0.842 0.843 0 0 0 0 0 0 0 0 0 0 0 0 0 0.969 0.944 0 0 0 0 0 0 0 0 0 0 0 0 0 0.949 0.953 0 0.922 0.852 0 0.87 0.562 0 0.87 0.562 0.596 0 1 0.956 0.956 1 0 0.76 0.76 0 0 0.69 0.683 0 0 0.683 0.69 0 0.269 0.27 0.005 0.345 0.388 0.072 0.388 0.072 0.068

1 check, 2 bet 20
0.001 0 0.107 0 0.107 0.088 0.001 0.001 0.064 0.001 0.063 0.05 0.232 0.232 0.153 0 0 0 0 0 0 0.015 0.001 0 0.001 0 0 0 0 0.01 0 0.01 0.001 0.017 0.017 0.032 0.035 0.033 0.054 0.075 0.001 0.081 0.033 0.032 0.001 0.001 0.037 0.032 0.032 0.031 0.022 0 0.002 0.002 0.002 0.001 0 0.001 0.001 0.02 0.021 0.001 0.072 0.071 0.068 0.055 0 0.001 0.001 0.001 0.011 0 0.001 0 0.144 0.124 0.001 0.072 0.07 0.067 0.054 0 0.001 0.001 0.001 0.012 0 0 0.001 0.124 0.126 0.001 0 0 0.001 0 0 0.002 0 0 0 0.002 0.046 0.003 0.003 0.017 0.003 0.004 0.004 0.005 0.021 0.027 0.038 0.087 0.02 0.038 0.027 0.086 0.001 0.001 0 0 0.001 0 0.001 0 0.001

2 bet 20, 1 call 20
0.209 0 0 0.328 0 0 0.999 0 0.367 0 0.388 0.373 0 0.387 0.374 0.412 0.999 0 0.425 0 0.441 0.49 0 0.441 0.49 0.518 0.118 0.203 0.282 0.307 0.985 0.981 0.005 0.203 0.203 0.959 0 0 0 0 0.557 0.966 0 0.003 0.246 0.015 0.015 0 0 0 0 0 0.122 0.977 0.997 0 0.138 0.004 0.174 0.176 0.37 0 0 0 0 0 0.121 0.978 0.997 0.893 0 0.138 0.004 0.176 0.174 0.366 0 0.999 0 0.676 0 0.815 0.591 0 0.815 0.591 0.68 1 0.003 0.573 0.001 0.39 0.725 0.928 0.001 0.389 0.725 0.689 0.929 0.997 0.998 0.997 0.999 0.998 0.999 0 0.51 0 0.539 0.529 0 0.539 0.529 0.554

2 bet 20, 1 raise 50
0.001 0.001 0.001 0.002 0.003 0.003 0.001 0.001 0.232 0.001 0.253 0.001 0.001 0.253 0.001 0.001 0.001 0.001 0.333 0.001 0.352 0.001 0.001 0.352 0.001 0.001 0.829 0.741 0.669 0.647 0.001 0.018 0.592 0.457 0.457 0.04 0 0 0 0 0.005 0 0 0 0 0 0 0 0 0 0 0 0.019 0 0.002 0 0 0 0 0 0.63 0 0 0 0 0 0.021 0 0.002 0.106 0 0 0 0 0 0.634 0 0 0.001 0.204 0 0.005 0 0 0.005 0 0 0 0.002 0.427 0.001 0.61 0.275 0.072 0.001 0.611 0.275 0.31 0.071 0.003 0.002 0.003 0.001 0.002 0 0.001 0.438 0.001 0.271 0.001 0.001 0.271 0.001 0.001

2 bet 20, 1 raise 50, 2 call 50
0 0 0 0 0 0 0 0 0 0 0 0 0.004 0.004 0.002 0 0 0 0 0 0 0 0 0 0 0 0 0.02 0.009 0.001 0.009 0.001 0.001 0.021 0.022 0.023 0.021 0.046 0.064 0.038 0 0 0 0 0 0 0.108 0 0 0 0 0.96 0 0 0 0 0 0 0 0 0 0 0 0 0 0 0.062 0 0 0 0 0 0 0 0 0 0 0 0 0 0 0.061 0 0 0 0 0 0 0 0 0 0 0.71 0 0 0 0 0 0 0 0 0 0.001 0 0 0 0 0 0 0 0 0 0 0 0 0 0 0 0 0 0.002 0.24 0.177 0.575 0.177 0.575 0.569

1 raise 50, 2 raise 70
0 0 0 0 0 0 0 0 0 0 0 0 0.996 0.996 0.998 0 0 0 0 0 0 0 0 0 0 0 0 0 0 0 0 0 0 0.979 0.978 0.977 0.979 0.954 0.936 0.962 1 0 0 0 1 1 0.892 0 0 0 0 0 0 0 0 0 0 0 0 1 1 0 0 0 0 0 0 0 0 0 0 0 0 0 1 1 0 0 0 0 0 0 0 0 0 0 0 0 0 1 1 0 0.29 1 0 1 1 0 1 1 1 0 0.999 1 1 1 0 1 1 0 0 1 1 0 0 1 1 0 1 1 0.998 0.759 0.822 0.423 0.823 0.423 0.429

1 check, 2 bet 25
0 0 0 0 0 0 0 0 0 0 0 0 0.002 0.002 0 0 0 0 0 0 0 0 0 0 0 0 0 0 0 0 0 0 0 0 0 0.001 0.001 0 0 0 0 0 0 0 0 0 0 0 0 0 0 0 0 0 0 0 0 0 0 0 0 0 0.001 0.001 0.001 0 0 0 0 0 0 0 0 0 0.007 0.007 0 0.001 0.001 0.001 0 0 0 0 0 0 0 0 0 0.006 0.005 0 0 0 0 0 0 0 0 0 0 0 0 0 0 0 0 0 0 0 0.002 0 0 0.001 0.002 0 0 0.001 0 0 0 0 0 0 0 0 0

2 bet 25, 1 call 25
0.323 0.118 0.118 0.361 0.189 0.189 0.231 0 0.382 0 0.385 0.393 0 0.385 0.393 0.396 0.173 0 0.317 0 0.323 0.362 0 0.323 0.362 0.365 0.021 0.109 0.119 0.121 0.39 0.311 0.343 0.362 0.362 0.24 0 0 0 0 0.474 0.583 0.001 0.003 0.189 0.068 0.068 0 0 0 0 0 0.212 0.451 0.4 0 0.063 0.007 0.025 0.024 0.403 0 0 0 0 0 0.211 0.45 0.399 0.292 0 0.064 0.007 0.025 0.025 0.403 0 0.141 0 0.265 0 0.263 0.301 0 0.263 0.301 0.227 0.187 0 0.238 0 0.212 0.231 0.455 0 0.212 0.231 0.185 0.455 0.336 0.397 0.336 0.777 0.397 0.103 0 0.219 0 0.231 0.285 0 0.231 0.285 0.249

2 bet 25, 1 raise 90
0.002 0 0 0.002 0 0 0.76 0 0.155 0.001 0.151 0.001 0.001 0.151 0.001 0.001 0.815 0 0.25 0 0.24 0.001 0 0.24 0.001 0.001 0.971 0.884 0.874 0.872 0.605 0.683 0 0 0 0.754 0 0 0 0 0.002 0.288 0.001 0.001 0.001 0 0 0 0 0 0 0 0.029 0.345 0.168 0 0.004 0 0 0 0.597 0 0 0 0 0 0.029 0.345 0.169 0.25 0 0.004 0 0 0 0.597 0 0.839 0 0.48 0 0.292 0.039 0 0.291 0.039 0.001 0.795 0 0.739 0 0.755 0.637 0.543 0 0.755 0.637 0.607 0.543 0.661 0.601 0.661 0.223 0.601 0.882 0 0.462 0 0.363 0.002 0 0.362 0.002 0.001

2 bet 25, 1 raise 90, 2 call 90
0 0 0 0 0 0 0 0 0 0 0 0 1 1 1 0 0 0 0 0 0 0 0 0 0 0 0 0 0 0 0 0 0 1 1 1 1 1 1 1 1 0 0 0 1 1 1 0 0 0 0 0 0 0 0 0 0 0 0 1 1 0 0 0 0 0 0 0 0 0 0 0 0 0 1 1 0 0 0 0 0 0 0 0 0 0 0 0 0 1 1 0 1 0.102 0 1 1 0 1 1 1 0 1 1 1 1 0 1 1 0 0 1 1 0 0 1 1 0 1 1 1 0 0 0 0 0 0

root, 1 bet 7
0.32 0.517 0.517 0.293 0.457 0.456 0.336 0.521 0.322 0.575 0.307 0.403 0.575 0.307 0.403 0.392 0.255 0.502 0.316 0.507 0.237 0.435 0.507 0.237 0.435 0.461 0.479 0.437 0.4 0.4 0.365 0.222 0.393 0.306 0.305 0.507 0.392 0.396 0.412 0.414 0.355 0.396 0.308 0.365 0.344 0.167 0.167 0.506 0.058 0.041 0.086 0.066 0.14 0.423 0.495 0.103 0.401 0.401 0.302 0.3 0.497 0.078 0.055 0.039 0.083 0.064 0.138 0.424 0.492 0.52 0.101 0.398 0.4 0.299 0.301 0.496 0.076 0.435 0.55 0.451 0.51 0.417 0.514 0.51 0.416 0.514 0.482 0.528 0.656 0.372 0.641 0.472 0.493 0.355 0.641 0.472 0.494 0.492 0.353 0.39 0.342 0.388 0.492 0.339 0.371 0.629 0.4 0.372 0.449 0.519 0.375 0.451 0.522 0.383

1 bet 7, 2 call 7
1 1 0.337 1 0.337 0.44 0.999 0.998 0.859 0.998 0.857 0.792 0.695 0.693 0.004 0.996 1 0.999 1 0.999 1 0.868 0.828 0.975 0.828 0.975 0.999 0.986 0.828 0.975 0.829 0.976 0.94 0.518 0.512 0.502 0.605 0.934 0.438 0.323 0.351 0.694 0.497 0.497 0.606 0.606 0.683 0.153 0.14 0.14 0.066 1 0.02 0.001 0.073 0.968 1 0 0 0.638 0.634 0.76 0 0 0 0 0.759 0 0 0 0.823 0 0.487 0.396 0.278 0.559 0.215 0 0 0 0 0.766 0 0 0 0.829 0 0.407 0.499 0.518 0.522 0.227 1 1 0.891 0.98 1 0 0.98 1 0.985 0 0.966 0.827 0.827 0.863 0.825 0.599 0.599 0.627 0.741 0.646 0.635 0.19 0.744 0.634 0.646 0.19 1 1 1 1 0.969 0.996 0.969 0.996 0.87

1 bet 7, 2 raise 24
0 0 0.663 0 0.663 0.56 0.001 0.002 0.141 0.002 0.143 0.208 0.305 0.307 0.996 0.004 0 0.001 0 0.001 0 0.132 0.172 0.025 0.172 0.025 0.001 0.014 0.172 0.025 0.171 0.024 0.06 0.482 0.488 0.498 0.395 0.066 0.562 0.677 0.649 0.306 0.503 0.503 0.394 0.394 0.317 0.11 0.112 0.1 0 0 0 0 0 0.032 0 0 0 0.362 0.366 0.124 0.004 0.004 0.005 0 0.241 0 0 0 0.177 0 0.004 0 0.722 0.441 0.012 0.004 0.004 0.005 0 0.234 0 0 0 0.171 0 0 0.004 0.482 0.478 0.018 0 0 0 0.02 0 0 0.02 0 0.015 0 0.034 0.173 0.173 0.137 0.175 0.401 0.401 0.319 0.228 0.354 0.365 0.24 0.226 0.366 0.354 0.238 0 0 0 0 0.031 0.004 0.031 0.004 0.13

1 bet 7, 2 raise 24, 1 call  24
0 0 0 0 0 0 1 0 0.348 0 0.318 0.989 0 0.317 0.989 0.993 1 0 0.544 0 0.625 1 0 0.625 1 1 0 0.006 0.077 0.089 1 1 0 0 0 0.999 0 0 0 0 0.108 1 0 0.413 0.689 0.027 0.028 0 0 0 0 0 0.284 1 0.697 0 0.453 0.027 0.171 0.177 0.048 0 0 0 0 0 0.287 1 0.702 0.991 0 0.453 0.03 0.176 0.171 0.047 0 1 0 1 0 1 1 0 1 1 1 1 0 0.835 0 0.529 0.824 0.526 0 0.529 0.823 0.604 0.526 0.626 1 0.627 1 1 1 0 0.872 0 0.967 1 0 0.973 1 1

2 raise 24, 1 raise  83
0 0 0 0 0 0 0 0 0.436 0 0.519 0 0 0.519 0 0 0 0 0.456 0 0.375 0 0 0.375 0 0 1 0.994 0.923 0.911 0 0 0 0 0 0.001 0 0 0 0 0.892 0 0 0.006 0.002 0 0 0 0 0 0 0 0.224 0 0.303 0 0.002 0 0 0 0.952 0 0 0 0 0 0.214 0 0.298 0.009 0 0.003 0 0 0 0.953 0 0 0 0 0 0 0 0 0 0 0 0 0 0.165 0 0.471 0.176 0.474 0 0.471 0.177 0.396 0.474 0.374 0 0.373 0 0 0 0 0.128 0 0.033 0 0 0.027 0 0

root, 1 bet 10
0.477 0.459 0.459 0.332 0.302 0.302 0.156 0.22 0.075 0.089 0.023 0.135 0.089 0.023 0.135 0.112 0.053 0.248 0.005 0.165 0 0.09 0.165 0 0.09 0.005 0.495 0.546 0.454 0.436 0.086 0.202 0.417 0.416 0.416 0.02 0.142 0.131 0.09 0.025 0.261 0.279 0.022 0.283 0.253 0.002 0.002 0.02 0.001 0.001 0 0 0.057 0.18 0.246 0.013 0.22 0.134 0.095 0.095 0.309 0 0.001 0.001 0 0 0.058 0.178 0.246 0.138 0.014 0.221 0.134 0.095 0.096 0.308 0 0.312 0.249 0.113 0.133 0.156 0.134 0.133 0.156 0.134 0.154 0.218 0.236 0.23 0.16 0.301 0.335 0.128 0.16 0.301 0.336 0.285 0.128 0.187 0.002 0.187 0 0.002 0.12 0.228 0.16 0.157 0.021 0.018 0.156 0.02 0.017 0.083

1 bet 10, 2 call 10
1 1 0.588 1 0.588 0.665 0.988 0.919 0.998 0.919 0.998 0.997 0.848 0.848 0.345 1 1 0.605 1 0.605 0.707 1 0.997 0.477 0.997 0.477 0.524 1 0.978 0.994 0.978 0.994 0.81 0.615 0.608 0.688 0.749 0.982 0.886 0.824 1 0.758 0.933 0.934 1 1 0.973 0.07 0.061 0.08 0 1 0 0.021 0.105 0.545 0.942 0 0 0.779 0.777 0.668 0 0 0 0 1 0 0 0 0.896 0 0.246 0.115 0.547 0.688 0 0 0 0 0 1 0 0 0 0.896 0 0.118 0.25 0.66 0.643 0 1 1 0.3 1 1 0 1 1 1 0 1 0.861 0.861 1 0.527 0.779 0.78 0.367 0.547 0.852 0.841 0.002 0.547 0.839 0.853 0.003 1 1 1 1 1 0.937 1 0.937 0.996

1 bet 10, 2 raise 30
0 0 0.412 0 0.412 0.335 0.012 0.081 0 0.081 0 0.003 0.152 0.152 0.655 0 0 0 0 0 0 0 0.003 0 0.003 0 0.098 0 0.022 0.006 0.022 0.006 0.19 0.385 0.392 0.312 0.251 0.018 0.114 0.176 0 0.142 0.067 0.066 0 0 0.027 0.019 0.02 0.018 0 0 0 0 0 0.006 0 0 0 0.221 0.223 0.027 0.017 0.017 0.017 0 0 0 0 0 0.104 0 0 0 0.453 0.312 0 0.017 0.017 0.017 0 0 0 0 0 0.104 0 0 0 0.34 0.357 0 0 0 0 0 0 0 0 0 0 0 0 0.139 0.139 0 0.05 0.221 0.22 0.012 0.108 0.148 0.159 0.258 0.108 0.161 0.147 0.259 0 0 0 0 0 0.063 0 0.063 0.004

1 bet 10, 2 raise 30, 1 call  30
0 0 0 0 0 0 1 0 0 0 0 0.312 0 0 0.312 0.32 1 0 0 0 0.151 0.709 0 0.151 0.709 0.718 0 0.007 0.028 0.041 0.993 0.658 0 0 0 0.136 0 0 0 0 0 0.626 0 0 0.294 0 0 0 0 0 0 0 0.006 0.625 0.518 0 0.11 0 0 0 0.085 0 0 0 0 0 0.008 0.631 0.519 0.629 0 0.109 0 0 0 0.086 0 0.894 0 0.72 0 0.392 0.59 0 0.393 0.591 0.493 1 0 0.367 0 0.075 0.421 0.065 0 0.074 0.421 0.286 0.065 0.286 0.513 0.285 1 0.514 1 0 0.305 0 0.478 0.901 0 0.478 0.901 0.915

2 raise 30, 1 raise  80
0 0 0 0 0 0 0 0 0.988 0 0.841 0 0 0.841 0 0 0 0 1 0 0.741 0 0 0.741 0 0 1 0.993 0.972 0.959 0.007 0.342 0 0 0 0.864 0 0 0 0 1 0 0 0.001 0.065 0 0 0 0 0 0 0 0.356 0 0.482 0 0.01 0 0 0 0.915 0 0 0 0 0 0.352 0 0.481 0.371 0 0.014 0 0 0 0.914 0 0 0 0.072 0 0 0 0 0 0 0 0 0 0.633 0 0.925 0.579 0.935 0 0.926 0.579 0.714 0.935 0.714 0.487 0.715 0 0.486 0 0 0.695 0 0.521 0 0 0.521 0 0

root, 1 bet 15
0 0.002 0.002 0 0.001 0.001 0 0 0 0 0 0 0 0 0 0 0 0 0 0 0 0 0 0 0 0 0 0.005 0.001 0.001 0 0 0.003 0.001 0.001 0 0 0 0 0 0 0 0 0 0 0 0 0 0 0 0 0 0 0 0.001 0 0.001 0 0 0 0.002 0 0 0 0 0 0 0 0.001 0 0 0.001 0 0 0 0.002 0 0 0 0 0 0 0 0 0 0 0 0.001 0.001 0 0 0.001 0.001 0.001 0 0.001 0.001 0.001 0.001 0 0 0 0 0 0 0.001 0 0 0 0 0 0 0 0

1 bet 15, 2 call 15
0.61 0.617 0.472 0.617 0.472 0.479 0.598 0.591 0.397 0.591 0.397 0.395 0.997 0.997 0.999 0.636 0.628 0.371 0.628 0.371 0.37 0.692 0.7 0.435 0.7 0.435 0.441 0.96 0.936 0.575 0.936 0.575 0.567 0.598 0.6 0.608 0.589 0.908 0.972 0.977 0.971 0.538 0.574 0.574 0.978 0.978 0.979 0.009 0.008 0.013 0.006 0.997 0.008 0.007 0.131 0.205 0.343 0.005 0.005 0.771 0.771 0.301 0 0 0 0 0.939 0 0 0 0.357 0.03 0.177 0.128 0.774 0.793 0.091 0 0 0 0 0.936 0 0 0 0.357 0.03 0.129 0.178 0.788 0.795 0.092 0.999 0.985 0.347 0.983 0.985 0 0.983 0.985 0.984 0 0.995 0.977 0.977 0.999 0.525 0.844 0.845 0.472 0.302 0.818 0.822 0.228 0.301 0.821 0.818 0.228 0.982 0.982 1 0.988 0.984 0.908 0.984 0.908 0.965

1 bet 15, 2 raise 40
0.003 0.003 0.002 0.003 0.002 0.002 0.002 0.002 0.001 0.002 0 0 0.003 0.003 0.001 0 0 0.001 0 0.001 0.001 0 0 0.002 0 0.002 0.003 0.001 0.001 0.003 0.001 0.003 0.003 0.398 0.396 0.388 0.407 0.091 0.027 0.023 0.028 0 0 0 0.022 0.022 0.02 0.006 0.006 0.006 0.002 0 0.003 0.003 0.005 0.011 0.003 0.008 0.008 0.229 0.229 0.005 0.002 0.002 0.002 0.001 0.047 0.001 0.002 0.002 0.003 0.001 0.002 0.002 0.226 0.207 0.002 0.001 0.002 0.002 0.001 0.048 0.001 0.002 0.002 0.003 0.001 0.002 0.002 0.212 0.205 0.002 0 0.002 0 0.004 0.001 0.001 0.004 0.001 0.001 0.001 0.004 0.023 0.023 0 0 0.156 0.155 0 0.144 0.182 0.178 0.008 0.145 0.179 0.182 0.008 0.018 0.018 0 0.001 0.002 0.003 0.002 0.003 0.003

1 bet 15, 2 raise 40, 1 call  40
0 0 0 0 0 0 0.624 0 0.191 0 0.188 0.312 0 0.188 0.312 0.309 0.66 0 0.276 0 0.269 0.397 0 0.269 0.397 0.395 0.137 0.157 0.156 0.151 0.287 0.477 0 0 0 0.116 0 0 0 0 0.282 0.001 0 0.022 0.377 0 0 0 0 0 0 0 0.152 0.001 0.105 0 0.002 0 0 0 0 0 0 0 0 0 0.152 0.001 0.106 0.406 0 0.001 0 0 0 0 0 0.441 0 0.258 0 0.465 0.997 0 0.465 0.997 0.991 0.839 0 0.004 0 0.013 0.406 0 0 0.013 0.407 0.491 0 0 0 0 0 0 0.686 0 0.153 0 0.167 0.481 0 0.167 0.481 0.479

2 raise 40, 1 raise  75
0 0 0 0 0 0 0 0 0.545 0 0.548 0.205 0 0.548 0.205 0.208 0 0 0.711 0 0.72 0.298 0 0.72 0.298 0.3 0.654 0.567 0.568 0.569 0.458 0.523 0 0 0 0.637 0 0 0 0 0.598 0 0 0.01 0.011 0 0 0 0 0 0 0 0.098 0 0.895 0 0.002 0 0 0 1 0 0 0 0 0 0.097 0 0.894 0.594 0 0.002 0 0 0 1 0 0 0 0.742 0 0.534 0.003 0 0.534 0.003 0 0 0 0.996 0 0.987 0.594 1 0 0.987 0.593 0.509 1 1 1 1 1 1 0 0 0.847 0 0.833 0.409 0 0.833 0.409 0.38

root, 1 bet 20
0 0 0 0 0 0 0 0 0 0 0 0 0 0 0 0 0 0 0 0 0 0 0 0 0 0 0 0.001 0 0 0 0 0.002 0 0 0 0 0 0 0 0 0 0 0 0 0 0 0 0 0 0 0 0 0 0 0 0 0 0 0 0.001 0 0 0 0 0 0 0 0 0 0 0 0 0 0 0.001 0 0 0 0 0 0 0 0 0 0 0 0 0 0 0 0 0 0 0 0 0 0 0 0 0 0 0 0 0 0 0 0 0 0 0 0 0 0

1 bet 20, 2 call 20
0.315 0.31 0.237 0.31 0.237 0.231 0.316 0.288 0.145 0.288 0.145 0.107 0.785 0.785 0.754 0.334 0.33 0.205 0.33 0.205 0.188 0.356 0.358 0.242 0.358 0.242 0.244 0.438 0.436 0.322 0.436 0.322 0.318 0.286 0.291 0.294 0.293 0.414 0.453 0.475 0.654 0.149 0.17 0.17 0.693 0.693 0.544 0.016 0.016 0.016 0.016 0.713 0.016 0.015 0.079 0.133 0.162 0.009 0.009 0.834 0.834 0.17 0.055 0.056 0.057 0.002 0.327 0.031 0.072 0.096 0.205 0.1 0.116 0.114 0.686 0.692 0.138 0.055 0.057 0.057 0.002 0.327 0.031 0.072 0.096 0.205 0.1 0.114 0.116 0.691 0.688 0.138 1 0.906 0.245 0.72 0.956 0.006 0.72 0.956 0.989 0.006 0.713 0.969 0.969 0.664 0.368 0.697 0.697 0.296 0.288 0.599 0.599 0.092 0.288 0.599 0.599 0.092 0.839 0.839 0.998 0.702 0.746 0.514 0.746 0.514 0.558

1 bet 20, 2 raise 50
0 0 0 0 0 0 0 0 0 0 0 0 0.215 0.215 0.246 0.06 0.027 0 0.027 0 0 0.073 0.074 0.001 0.074 0.001 0.001 0.095 0.092 0.003 0.092 0.003 0.003 0.709 0.704 0.701 0.702 0.582 0.542 0.521 0.342 0.006 0.006 0.006 0.307 0.307 0.451 0.002 0.002 0.002 0.002 0.002 0.002 0.004 0.002 0.002 0.001 0.003 0.003 0.166 0.166 0.001 0.005 0.008 0.007 0.001 0.099 0.001 0.001 0.001 0 0.001 0.001 0.001 0.314 0.308 0.032 0.005 0.008 0.007 0.001 0.099 0.001 0.001 0.001 0 0.001 0.001 0 0.309 0.312 0.032 0 0.085 0 0.269 0.001 0.002 0.269 0.001 0.001 0.002 0.286 0.031 0.031 0.335 0 0.301 0.301 0 0.021 0.401 0.401 0.018 0.021 0.401 0.401 0.018 0.161 0.161 0.002 0.054 0.08 0.003 0.08 0.003 0.003

1 bet 20, 2 raise 50, 1 call  50
0 0 0 0 0 0 0.902 0 0.447 0 0.444 0.999 0 0.444 0.999 0.999 0.995 0 0.025 0 0.018 0.962 0 0.018 0.961 0.962 0.2 0.432 0.419 0.407 0.995 0.368 0 0 0 0.473 0 0 0 0 0.646 0 0 0 0.995 0 0 0 0 0 0 0 0.517 0 0 0 0 0 0.119 0.118 0 0 0 0 0 0 0.517 0 0 0 0 0 0 0.117 0.117 0 0 0.728 0 0 0 0 0.066 0 0 0.066 0.245 1 0 0 0 0 0 0 0 0 0 0 0 0 0 0 0 0 1 0 0 0 0 0.699 0 0 0.699 0.889

2 raise 50, 1 raise  70
0 0 0 0 0 0 0 0 0.553 0 0.556 0.001 0 0.556 0.001 0.001 0 0 0.975 0 0.982 0.038 0 0.982 0.039 0.038 0.8 0.568 0.581 0.593 0.005 0.632 0 0 0 0.527 0 0 0 0 0.354 1 0 0.024 0.005 0 0 0 0 0 0 0 0 1 1 0 0 0 0 0 1 0 0 0 0 0 0 1 1 1 0 0 0 0 0 1 0 0 0 1 0 1 0.934 0 1 0.934 0.755 0 0 1 0 1 1 1 0 1 1 1 1 1 1 1 1 1 0 0 1 0 1 0.301 0 1 0.301 0.111

root, 1 bet 25
0 0 0 0 0 0 0 0 0 0 0 0 0 0 0 0 0 0 0 0 0 0 0 0 0 0 0 0 0 0 0 0 0 0.001 0.001 0 0 0 0 0 0 0 0 0 0 0 0 0 0 0 0 0 0 0 0 0 0 0 0 0 0 0 0 0 0 0 0 0 0 0 0 0 0 0 0 0 0 0 0 0 0 0 0 0 0 0 0 0 0 0 0 0 0 0 0 0 0 0 0 0 0 0 0 0 0 0 0 0 0 0 0 0 0 0

1 bet 25, 2 call 25
0.038 0.036 0.021 0.036 0.021 0.019 0.037 0.029 0.014 0.029 0.014 0.007 0.619 0.619 0.596 0.089 0.078 0.061 0.078 0.061 0.051 0.087 0.085 0.069 0.085 0.069 0.068 0.172 0.18 0.066 0.18 0.066 0.068 0.298 0.297 0.295 0.299 0.352 0.367 0.37 0.338 0.048 0.05 0.05 0.43 0.43 0.302 0.032 0.031 0.031 0.032 0.144 0.045 0.046 0.045 0.032 0.041 0.022 0.022 0.523 0.523 0.043 0.005 0.005 0.005 0.003 0.069 0.002 0.007 0.01 0.064 0.007 0.016 0.017 0.448 0.447 0.011 0.005 0.005 0.005 0.003 0.069 0.002 0.007 0.01 0.064 0.007 0.017 0.016 0.447 0.453 0.011 0.572 0.574 0.031 0.553 0.464 0.007 0.553 0.464 0.47 0.007 0.414 0.58 0.58 0.496 0.053 0.445 0.445 0.056 0.056 0.413 0.404 0.06 0.056 0.404 0.413 0.06 0.509 0.509 0.702 0.348 0.352 0.291 0.352 0.291 0.296

1 bet 25, 2 raise 90
0.055 0.051 0.031 0.051 0.031 0.027 0.054 0.026 0.007 0.026 0.007 0.002 0.381 0.381 0.404 0.057 0.046 0.026 0.045 0.026 0.013 0.058 0.056 0.038 0.056 0.038 0.036 0.05 0.049 0.041 0.049 0.041 0.041 0.699 0.699 0.701 0.698 0.645 0.63 0.626 0.658 0.022 0.023 0.023 0.57 0.57 0.695 0.067 0.068 0.068 0.061 0.18 0.064 0.073 0.074 0.067 0.068 0.024 0.024 0.477 0.477 0.088 0.014 0.014 0.015 0.008 0.165 0.006 0.021 0.027 0.076 0.019 0.049 0.049 0.552 0.553 0.045 0.014 0.014 0.014 0.008 0.165 0.006 0.021 0.026 0.076 0.019 0.048 0.048 0.553 0.547 0.044 0.427 0.41 0.013 0.438 0.39 0.007 0.438 0.39 0.452 0.007 0.584 0.42 0.42 0.503 0.016 0.555 0.555 0.016 0.029 0.586 0.594 0.03 0.029 0.594 0.586 0.03 0.491 0.491 0.298 0.187 0.194 0.102 0.194 0.102 0.111

1 bet 25, 2 raise 90, 1 call  90
0 0 0 0 0 0 0 0 0.006 0 0.024 0 0 0.024 0 0 0 0 1 0 1 0.685 0 1 0.685 0.787 1 1 1 1 1 1 0 0 0 1 0 0 0 0 0 1 0 0 0 0 0 0 0 0 0 0 0 1 1 0 0 0 0 0 1 0 0 0 0 0 0 1 1 1 0 0 0 0 0 1 0 0 0 1 0 1 1 0 1 1 1 0.001 0 1 0 1 1 1 0 1 1 1 1 1 1 1 1 1 0 0 1 0 1 1 0 1 1 1
