game = '9-max Cash', preflop situation = 'UTG1 openraise BU call', stack = '98', pot = '6', bets = '40 80'

OOP preflop range
7d7c_0.50 7h7c_0.50 7h7d_0.50 7s7c_0.50 7s7d_0.50 7s7h_0.50 8d8c_0.50 8h8c_0.50 8h8d_0.50 8s8c_0.50 8s8d_0.50 8s8h_0.50 9d9c_1 9h9c_1 9h9d_1 9s9c_1 9s9d_1 9s9h_1 Ac3c_0.50 Ac4c_1 Ac5c_1 Ac6c_1 Ac7c_1 Ac8c_1 Ac9c_1 AcJc_1 AcJd_0.50 AcJh_0.50 AcJs_0.50 AcKc_1 AcKd_1 AcKh_1 AcQc_1 AcQd_1 AcQh_1 AcQs_1 Ad3d_0.50 Ad4d_1 Ad5d_1 Ad6d_1 Ad7d_1 Ad8d_1 Ad9d_1 AdAc_1 AdJc_0.50 AdJd_1 AdJh_0.50 AdJs_0.50 AdKc_1 AdKd_1 AdKh_1 AdQc_1 AdQd_1 AdQh_1 AdQs_1 AdTd_1 As3s_0.50 As4s_1 As5s_1 As6s_1 As7s_1 As8s_1 As9s_1 AsAc_1 AsAd_1 AsJc_0.50 AsJd_0.50 AsJh_0.50 AsJs_1 AsKc_1 AsKd_1 AsKh_1 AsQc_1 AsQd_1 AsQh_1 AsQs_1 AsTs_1 JdJc_1 JdTd_0.75 JhJc_1 JhJd_1 JhTh_0.75 JsJc_1 JsJd_1 JsJh_1 JsTs_0.75 Kc5c_0.50 Kc6c_0.50 Kc7c_0.25 Kc8c_0.25 Kc9c_0.50 KcJc_1 KcQc_1 KcQd_0.75 KcQh_0.75 KcQs_0.75 Kd5d_0.50 Kd6d_0.50 Kd7d_0.25 Kd8d_0.25 Kd9d_0.50 KdJd_1 KdKc_1 KdQc_0.75 KdQd_1 KdQh_0.75 KdQs_0.75 KdTd_1 Kh5h_0.50 Kh6h_0.50 Kh7h_0.25 Kh8h_0.25 Kh9h_0.50 KhJh_1 KhKc_1 KhKd_1 KhQc_0.75 KhQd_0.75 KhQh_1 KhQs_0.75 KhTh_1 QcJc_1 QdJd_1 QdQc_1 QdTd_0.75 QhJh_1 QhQc_1 QhQd_1 QhTh_0.75 QsJs_1 QsQc_1 QsQd_1 QsQh_1 QsTs_0.75 ThTd_1 TsTd_1 TsTh_1

IP preflop range
2d2c_0.25 2h2c_0.25 2h2d_0.25 2s2c_0.25 2s2d_0.25 2s2h_0.25 3d3c_0.25 3h3c_0.25 3h3d_0.25 3s3c_0.25 3s3d_0.25 3s3h_0.25 4d4c_0.25 4h4c_0.25 4h4d_0.25 4s4c_0.25 4s4d_0.25 4s4h_0.25 5c3c_0.25 5c4c_0.75 5d3d_0.25 5d4d_0.75 5d5c_0.25 5h3h_0.25 5h4h_0.75 5h5c_0.25 5h5d_0.25 5s3s_0.25 5s4s_0.75 5s5c_0.25 5s5d_0.25 5s5h_0.25 6c5c_0.75 6d5d_0.75 6d6c_0.50 6h5h_0.75 6h6c_0.50 6h6d_0.50 6s5s_0.75 6s6c_0.50 6s6d_0.50 6s6h_0.50 7c6c_0.25 7d6d_0.25 7d7c_0.50 7h6h_0.25 7h7c_0.50 7h7d_0.50 7s6s_0.25 7s7c_0.50 7s7d_0.50 7s7h_0.50 8c7c_0.25 8d7d_0.25 8d8c_0.75 8h7h_0.25 8h8c_0.75 8h8d_0.75 8s7s_0.25 8s8c_0.75 8s8d_0.75 8s8h_0.75 9c8c_0.25 9d8d_0.25 9d9c_0.75 9h8h_0.25 9h9c_0.75 9h9d_0.75 9s8s_0.25 9s9c_0.75 9s9d_0.75 9s9h_0.75 Ac3c_0.25 Ac4c_0.25 Ac5c_0.50 Ac8c_0.50 Ac9c_0.25 AcJc_1 AcKd_0.50 AcKh_0.50 AcQc_0.75 Ad3d_0.25 Ad4d_0.25 Ad5d_0.50 Ad8d_0.50 Ad9d_0.25 AdJd_1 AdKc_0.50 AdKh_0.50 AdQd_0.75 AdTd_0.75 As3s_0.25 As4s_0.25 As5s_0.50 As8s_0.50 As9s_0.25 AsJs_1 AsKc_0.50 AsKd_0.50 AsKh_0.50 AsQs_0.75 AsTs_0.75 JdJc_0.75 JdTd_1 JhJc_0.75 JhJd_0.75 JhTh_1 JsJc_0.75 JsJd_0.75 JsJh_0.75 JsTs_1 KcJc_0.50 KcQc_0.75 KdJd_0.50 KdQd_0.75 KdTd_0.50 KhJh_0.50 KhQh_0.75 KhTh_0.50 QcJc_0.50 QdJd_0.50 QdQc_0.75 QdTd_0.50 QhJh_0.50 QhQc_0.75 QhQd_0.75 QhTh_0.50 QsJs_0.50 QsQc_0.75 QsQd_0.75 QsQh_0.75 QsTs_0.50 Td9d_0.50 Th9h_0.50 ThTd_0.75 Ts9s_0.50 TsTd_0.75 TsTh_0.75

root, 1 check
0 0 0 0 0 0 0 0.001 0.001 0 0 0.001 0.001 0 0 0 0 0 0 0 0.001 0 0 0 0 0 0 0 0 0 0 0 0 0 0 0 0 0 0 0 0 0 0 0 0 0 0 0 0 0 0 0 0 0 0 0 0 0 0 0 0 0.001 0 0 0 0 0 0 0 0 0 0 0 0 0 0 0 0.001 0 0 0 0 0 0 0 0 0.001 0 0 0.001 0 0 0 0 0 0 0 0 0 0 0 0 0 0 0.001 0.001 0 0 0.001 0 0 0.001 0 0 0 0 0 0 0 0 0 0.001 0 0 0 0 0 0 0.001 0 0.001 0 0 0 0 0 0

1 check, 2 check
0.813 0.774 0.842 0.752 0.821 0.778 0.891 0.825 0.868 0.805 0.844 0.786 0.973 0.879 0.898 0.892 0.908 0.767 0.848 0.837 0.976 0.975 0.998 0.692 0.661 1 0.978 0.687 0.654 0.988 0.957 0.797 1 0.997 0.989 0.97 0.945 0.967 0.961 0.92 0.953 0.776 0.99 0.996 0.999 0.973 0.999 0.994 0.907 0.999 0.996 0.993 0.998 1 1 0.996 1 0.999 0.98 1 0.997 0.996 1 1 1 0.994 1 1 0.972 1 1 0.993 0.872 0.878 0.909 0.868 0.995 0.669 0.356 0.425 0.65 0.916 0.918 0.942 0.915 0.994 0.88 0.346 0.407 0.776 0.227 0.801 0.816 0.85 0.856 0.978 0.729 0.544 0.537 0.675 0.729 0.197 0.573 0.358 0.541 0.591 0.271 0.536 0.604 0.567 0.289 0.642 0.813 0.81 0.925 0.621 0.658 0.812 0.274 0.138 0.058 0.663 0.5 0.083 0.582 0.673 0.44 0.047 0.624 0.716 0.609 0.494 0.825 0.486 0.393 0.452 0.403 0.378

1 check, 2 bet 2
0.085 0.1 0.054 0.118 0.077 0.091 0.056 0.078 0.044 0.105 0.075 0.093 0.013 0.051 0.032 0.069 0.055 0.095 0.088 0.11 0.007 0.008 0 0.129 0.138 0 0.008 0.135 0.161 0.011 0.024 0.088 0 0 0.003 0.011 0.037 0.012 0.014 0.065 0.028 0.1 0 0 0 0.005 0 0 0.051 0 0 0 0 0 0 0 0 0 0.003 0 0 0 0 0 0 0 0 0 0.009 0 0 0 0.065 0.071 0.043 0.083 0 0.152 0.223 0.213 0.179 0.06 0.058 0.038 0.07 0 0.01 0.187 0.225 0.064 0.368 0.082 0.072 0.064 0.079 0.005 0.153 0.189 0.23 0.216 0.121 0.403 0.11 0.224 0.1 0.1 0.23 0.121 0.116 0.106 0.21 0.19 0.039 0.187 0.009 0.188 0.232 0.091 0.313 0.265 0.279 0.076 0.049 0.225 0.058 0.024 0.08 0.248 0.106 0.087 0.078 0.037 0.025 0.102 0.117 0.161 0.102 0.123

2 bet 2, 1 call 2
0.001 0.004 0.001 0.005 0.001 0.003 0.002 0.003 0.001 0.01 0.002 0.003 0.001 0.003 0 0.007 0 0.001 0.928 0.963 0.908 0.91 0.85 0.87 0.987 0.994 0.993 0.99 0.998 0.102 0.861 1 0.876 0.997 0.951 1 0.916 0.922 0.897 0.917 0.907 0.956 0.999 0.443 1 1 1 1 0.863 0.843 1 0.998 0.974 0.905 0.999 1 0.782 0.797 0.79 0.805 0.809 0.87 0.987 0.633 0.586 1 1 1 1 0.999 0.999 1 0.957 0.923 0.844 0.976 1 0.947 0.537 0.661 0.701 0.612 0.602 0.693 0.446 0.485 0.545 0.655 0.712 0.676 0.746 0.827 0.787 0.956 0.891 0.954 0.225 0.253 0.27 0.218 0.268 0.942 0.304 0.96 0.882 0.826 0.92 1 1 1 1 0.999 1 0.877 0.458 0.436 0.997 0.946 0.909 0.959 1 0.318 0.277 0.822 0.323 0.382 0.894 0.993 0.508 0.257 0.757 0.816 0.874 0.35 0.477 0.572 0.134

2 bet 2, 1 raise 7
0 0 0 0 0 0 0 0 0 0 0 0 0 0 0 0 0 0 0.072 0.037 0.092 0.09 0.15 0.13 0.013 0.006 0.007 0.01 0.002 0.898 0.139 0 0.124 0.003 0.049 0 0.073 0.067 0.093 0.07 0.09 0.042 0 0.557 0 0 0 0 0.137 0.157 0 0.002 0.026 0.095 0.001 0 0.218 0.203 0.21 0.195 0.191 0.13 0.013 0.367 0.414 0 0 0 0 0.001 0.001 0 0.043 0.077 0.156 0.024 0 0.053 0.463 0.339 0.299 0.388 0.398 0.307 0.554 0.515 0 0 0 0 0 0.173 0.213 0.044 0.109 0.046 0 0 0 0 0 0.058 0.696 0.04 0.118 0.174 0.08 0 0 0 0 0.001 0 0.123 0.542 0.564 0.003 0.054 0.091 0.041 0 0.682 0.723 0.178 0.677 0.618 0.106 0.007 0.492 0.743 0.243 0.184 0.126 0.65 0.523 0.428 0.866

2 bet 2, 1 raise 7, 2 call 7
0 0 0 0 0 0 0 0 0 0 0 0 0 0 0 0 0 0 0 0 0 0 0 0.006 0 0 0 0 0 0 0 0 0 0 0 0 0 0 0 0 0 0 0 0 0 0 0 0 0 0 0 0 0.055 0 0 0.018 0 0 0 0 0 0 0 0 0 0 0 0 0 0 0 0 0.502 0.484 0.478 0.5 0.512 0.999 0.872 0.942 0.999 0.269 0.265 0.264 0.283 0.296 0.996 0.809 0.944 0.992 0.988 0.427 0.423 0.42 0.451 0.469 0.99 0.934 0.967 0.962 0.997 0.992 0.477 0.405 0.433 0.454 0.556 0.418 0.456 0.464 0.527 0.678 0.671 0.445 0.47 0.999 0.699 0.756 0.993 0.356 0.235 0.746 0.371 0.336 0.673 0.645 0.492 0.305 0.727 0.692 0.648 0.45 0.01 0.273 0.887 0.199 0.857 0.908

1 raise 7, 2 raise 15
0 0 0 0 0 0 0 0 0 0 0 0 0 0 0 0 0 0 0 0 0 0 0 0 0 0 0 0 0 0 0 0 0 0 0 0 0 0 0 0 0 0 0 0 0 0 0 0 0 0 0 0 0 0 0 0 0 0 0 0 0 0 0 0 0 0 0 0 0 0 0 0 0 0 0 0 0 0.001 0.127 0.057 0 0 0 0 0 0 0.004 0.19 0.055 0.008 0.012 0 0 0 0 0 0.009 0.064 0.031 0.036 0.002 0.007 0.034 0.276 0.108 0 0.345 0.138 0 0 0.35 0.031 0.019 0.003 0.003 0 0.005 0.002 0.007 0.644 0.765 0.006 0.279 0.664 0.038 0 0.441 0.695 0.002 0.001 0 0.401 0 0 0.113 0 0.143 0.092

1 check, 2 bet 5
0.102 0.126 0.104 0.129 0.102 0.13 0.053 0.097 0.088 0.09 0.081 0.121 0.014 0.07 0.07 0.039 0.037 0.138 0.064 0.053 0.017 0.017 0.002 0.18 0.201 0 0.014 0.178 0.185 0.001 0.019 0.115 0 0.003 0.009 0.02 0.018 0.021 0.024 0.015 0.02 0.124 0.009 0.004 0.001 0.022 0.001 0.006 0.042 0.001 0.004 0.007 0.002 0 0 0.004 0 0.001 0.017 0 0.003 0.004 0 0 0 0.005 0 0 0.019 0 0 0.007 0.063 0.051 0.048 0.049 0.005 0.179 0.421 0.362 0.171 0.023 0.024 0.02 0.015 0.006 0.11 0.467 0.368 0.16 0.406 0.117 0.111 0.087 0.065 0.017 0.118 0.267 0.233 0.109 0.149 0.4 0.317 0.418 0.359 0.309 0.499 0.343 0.279 0.327 0.501 0.168 0.147 0.003 0.066 0.19 0.11 0.097 0.413 0.597 0.663 0.261 0.451 0.692 0.361 0.303 0.48 0.705 0.27 0.197 0.313 0.469 0.15 0.413 0.49 0.387 0.495 0.498

2 bet 5, 1 call 5
0 0 0 0 0 0 0 0 0 0 0 0 0 0 0 0 0 0 0.2 0.091 0.008 0.162 0.237 0.244 0.582 0.601 0.703 0.813 0.697 0.371 0.857 0.947 0.34 0.513 0.465 0.462 0 0 0 0 0 0 0 0.983 0.803 0.994 1 0.738 0.83 0.736 0.849 0.575 0.582 0.509 0.493 1 0.795 0.747 0.609 0.796 0.764 0.735 0.984 0.425 0.919 0.837 0.984 0.998 0.61 0.999 0.896 0.842 0.597 0.615 0.593 0.419 1 0.595 0.44 0.325 0.013 0.179 0.677 0.603 0.407 0.078 0 0 0 0 0 0.622 0.506 0.63 0.509 0.817 0 0 0 0 0 0.802 0.084 0.72 0.635 0.481 0.718 1 0.501 0.889 0.996 0.985 0.999 0.555 0.449 0.255 0.669 0.763 0.546 0.645 1 0.164 0.156 0.353 0.233 0.004 0.373 0.278 0.273 0 0.388 0.301 0.289 0.088 0.493 0.537 0.425

2 bet 5, 1 raise 13
0 0 0 0 0 0 0 0 0 0 0 0 0 0 0 0 0 0 0.058 0.052 0.075 0.121 0.131 0.133 0.085 0.399 0.297 0.187 0.303 0.629 0.143 0.053 0.66 0.487 0.535 0.538 0 0 0 0 0 0 0 0.017 0.197 0.006 0 0.262 0.17 0.264 0.151 0.425 0.418 0.491 0.507 0 0.205 0.122 0.082 0.201 0.236 0.265 0.016 0.575 0.081 0.163 0.016 0.002 0.39 0.001 0.104 0.158 0.403 0.385 0.407 0.581 0 0.015 0.56 0.256 0 0.821 0.323 0 0.04 0.922 0 0 0 0 0 0.378 0.494 0.135 0.002 0.182 0 0 0 0 0 0.198 0.916 0.28 0.227 0.127 0.282 0 0 0 0.001 0.001 0 0.445 0.551 0.745 0.331 0.237 0.454 0.355 0 0.836 0.844 0.386 0.767 0.996 0.157 0.131 0.727 1 0.341 0.359 0.146 0.912 0.507 0.463 0.575

2 bet 5, 1 raise 13, 2 call 13
0 0 0 0 0 0 0 0 0 0 0 0 0 0 0 0 0 0 0 0 0 0 0 0 0 0 0 0 0 0 0 0 0 0 0 0 0 0 0 0 0 0 0 0 0 0 0 0 0 0 0 0 0 0 0 0 0 0 0 0 0 0 0 0 0 0 0 0 0 0 0 0 0.62 0.601 0.6 0.631 0.669 0.995 0.983 0.98 0.999 0.337 0.334 0.337 0.383 0.434 0.99 0.982 0.927 0.993 0.977 0.536 0.536 0.536 0.57 0.614 1 0.989 0.917 0.98 0.999 0.999 0.253 0.284 0.22 0.186 0.43 0.231 0.21 0.192 0.411 0.669 0.768 0.489 0.517 0.875 0.75 0.814 0.997 0.625 0.439 0.191 0.287 0.593 0.18 0.143 0.44 0.572 0.189 0.146 0.153 0.415 0 0.075 0.998 0.005 0.998 0.997

1 raise 13, 2 raise 24
0.001 0.001 0.001 0.001 0.001 0.001 0.001 0.001 0.001 0.001 0.001 0.001 0.001 0.001 0.001 0.001 0.001 0.001 0.001 0.001 0.001 0.001 0.001 0.001 0.001 0.001 0.001 0.001 0.001 0.001 0.001 0.001 0.001 0.001 0.001 0.001 0.001 0.001 0.001 0.001 0.001 0.001 0.001 0.001 0.001 0.001 0.001 0.001 0.001 0.001 0.001 0.001 0.001 0.001 0.001 0.001 0.001 0.001 0.001 0.001 0.001 0.001 0.001 0.001 0.001 0.001 0.001 0.001 0.001 0.001 0.001 0.001 0.003 0.004 0.004 0.003 0.002 0.001 0.01 0.006 0.001 0.07 0.07 0.067 0.038 0.002 0.001 0.005 0.046 0 0 0.006 0.006 0.006 0.006 0.005 0 0.005 0.077 0.008 0 0 0.014 0.155 0.027 0.007 0.137 0.05 0.012 0.006 0.149 0.159 0.008 0.004 0.008 0.121 0.001 0 0 0.375 0.561 0.015 0.104 0.407 0.022 0.005 0.146 0.428 0.014 0.009 0.004 0.105 0.129 0.196 0.001 0.112 0.001 0.001

root, 1 bet 2
1 1 1 1 1 0.999 1 0.999 0.999 1 1 0.999 0.999 0.999 1 1 1 1 0.998 0.999 0.998 0.999 0.999 1 1 1 1 1 1 0.998 1 1 0.999 1 1 1 1 1 1 1 1 1 1 0.999 1 1 1 1 0.999 0.999 0.998 1 1 0.999 0.999 1 0.999 0.999 0.998 0.999 0.999 0.999 1 0.999 0.999 1 1 1 1 1 0.999 0.999 1 1 1 0.998 0.999 0.997 0.997 0.999 1 0.999 0.999 1 0.996 0.997 0.999 1 1 0.999 0.999 0.999 0.999 1 0.999 0.998 1 1 1 1 1 0.999 0.999 0.999 0.999 0.998 0.999 0.999 0.998 1 1 0.998 1 0.999 0.999 1 0.998 1 0.999 0.999 1 0.997 0.999 0.999 0.998 0.998 0.999 1 0.992 0.999 0.998 0.999 0.999 0.997 0.995 0.996 0.997

1 bet 2, 2 call 2
0 0 0 0 0 0 0 0 0 0 0 0 0 0 0 0 0 0 0 0 0 0 0 0 0 0 0 0 0 0 0 0 0 0 0 0 0 0 0 0 0 0 0 0 0 0 0 0 0 0 0 0 0 0 0 0 0 0 0 0 0 0 0 0 0 0 0 0 0 0 0 0 0.558 0.532 0.698 0.905 1 0.886 0.505 0.692 0.805 0.712 0.694 0.839 0.883 1 1 0.344 0.51 0.906 0.799 0.425 0.477 0.66 0.965 1 0.977 0.734 0.643 0.893 0.804 0.747 0.508 0.494 0.648 0.312 0.363 0.612 0.505 0.65 0.474 0.689 0.69 1 0.849 0.735 0.799 0.675 0.677 0.095 0.025 0.737 0.372 0.012 0.694 0.774 0.336 0.011 0.663 0.671 0.663 0.331 0.537 0.865 0.221 0.826 0.259 0.325

1 bet 2, 2 raise 7
0 0 0 0 0 0 0 0 0 0 0 0 0 0 0 0 0 0 0 0 0 0 0 0 0 0 0 0 0 0 0 0 0 0 0 0 0 0 0 0 0 0 0 0 0 0 0 0 0 0 0 0 0 0 0 0 0 0 0 0 0 0 0 0 0 0 0 0 0 0 0 0 0.442 0.468 0.302 0.095 0 0.114 0.495 0.308 0.195 0.288 0.306 0.161 0.117 0 0 0.656 0.49 0.094 0.201 0.575 0.523 0.34 0.035 0 0.023 0.266 0.357 0.107 0.196 0.253 0.346 0.506 0.324 0.213 0.637 0.387 0.267 0.313 0.526 0.311 0.31 0 0.151 0.265 0.201 0.325 0.323 0.905 0.975 0.263 0.628 0.988 0.306 0.226 0.664 0.989 0.337 0.329 0.337 0.669 0 0.135 0.779 0.174 0.741 0.675

1 bet 2, 2 raise 7, 1 call  7
0 0 0 0 0 0 0 0 0 0 0 0 0 0 0 0 0 0 0.52 0.497 0.516 0.536 0.562 0.637 0.776 1 1 1 1 0.643 0.88 1 1 1 1 1 0 0 0 0 0 0 0 0.525 1 1 1 1 1 0.917 0.998 1 1 1 1 1 0.874 0.8 0.84 0.871 0.909 0.995 1 0.518 0.592 1 1 1 1 1 0.907 0.992 1 1 1 1 0.967 0.339 0.876 0.388 0.001 0.846 0.521 0.256 0.298 0.771 0 0 0 0 0 0.888 0.86 0.769 0.807 0.743 0 0 0 0 0 0.947 0.32 0.886 0.695 0.777 0.756 0.95 0.406 0.626 0.642 0.539 0.998 0.959 0.482 0.598 0.837 0.847 0.918 0.815 0.943 0.326 0.205 0.649 0.669 0.343 0.506 0.326 0.772 0.236 0.769 0.453 0.351 0.465 0.506 0.482 0.845

2 raise 7, 1 raise  15
0 0 0 0 0 0 0 0 0 0 0 0 0 0 0 0 0 0 0.044 0.054 0.049 0.034 0.024 0.003 0 0 0 0 0 0.357 0.12 0 0 0 0 0 0.022 0.018 0.018 0.017 0.018 0.02 0.012 0.475 0 0 0 0 0 0.083 0.002 0 0 0 0 0 0.023 0.056 0.043 0.025 0.008 0 0 0.482 0.408 0 0 0 0 0 0.093 0.008 0 0 0 0 0.033 0.248 0.124 0.153 0.001 0.154 0.26 0.04 0.077 0.229 0.005 0.689 0.725 0.514 0.702 0.112 0.14 0 0.001 0 0.001 0.146 0.155 0.001 0.103 0.051 0.68 0.056 0.145 0 0 0.05 0.593 0.374 0.357 0.461 0.002 0.041 0.518 0.402 0.161 0.002 0.082 0.005 0.057 0.674 0.795 0.092 0.331 0.657 0.098 0.095 0.228 0.764 0.03 0.22 0.185 0.535 0.494 0.518 0.155

root, 1 bet 5
0 0 0 0 0 0 0 0 0 0 0 0 0 0 0 0 0 0 0.001 0.001 0.001 0 0 0 0 0 0 0 0 0.002 0 0 0.001 0 0 0 0 0 0 0 0 0 0 0.001 0 0 0 0 0.001 0.001 0.002 0 0 0 0 0 0.001 0.001 0.001 0.001 0 0 0 0.001 0 0 0 0 0 0 0 0.001 0 0 0 0.001 0.001 0.002 0.003 0.001 0 0.001 0.001 0 0.004 0.003 0 0 0 0 0 0.001 0.001 0 0.001 0.001 0 0 0 0 0 0 0.001 0 0 0.001 0.001 0 0.001 0 0 0.001 0 0.001 0.001 0 0.002 0 0.001 0 0 0.002 0.001 0.001 0.001 0.002 0.001 0 0.008 0.001 0.001 0 0.001 0.002 0.005 0.004 0.003

1 bet 5, 2 call 5
0 0 0 0 0 0 0 0 0 0 0 0 0 0 0 0 0 0 0 0 0 0 0 0 0 0 0 0 0 0 0 0 0 0 0 0 0 0 0 0 0 0 0 0 0 0 0 0 0 0 0 0 0 0 0 0 0 0 0 0 0 0 0 0 0 0 0 0 0 0 0 0 0.796 0.736 0.743 0.853 0.906 0.997 0.894 0.901 0.997 0.344 0.341 0.348 0.419 0.458 0.998 0.963 0.947 0.997 0.891 0.688 0.696 0.704 0.867 0.917 1 0.967 0.942 0.94 0.997 0.973 0.229 0.386 0.124 0.084 0.503 0.211 0.222 0.135 0.484 0.733 0.876 0.5 0.889 0.979 0.973 0.995 0.999 0.203 0.108 0.414 0.43 0.239 0.33 0.332 0.592 0.136 0.4 0.421 0.338 0.608 0 0.267 0.68 0.216 0.658 0.825

1 bet 5, 2 raise 13
0 0 0 0 0 0 0 0 0 0 0 0 0 0 0 0 0 0 0 0 0 0 0 0 0 0 0 0 0 0 0 0 0 0 0 0 0 0 0 0 0 0 0 0 0 0 0 0 0 0 0 0 0 0 0 0 0 0 0 0 0 0 0 0 0 0 0 0 0 0 0 0 0.065 0.087 0.072 0.004 0.004 0.003 0.106 0.099 0.002 0.161 0.163 0.149 0.069 0.028 0.002 0.037 0.053 0.003 0.109 0.153 0.149 0.141 0.003 0.003 0 0.033 0.058 0.06 0.002 0.027 0.01 0.213 0.004 0 0.29 0.04 0.001 0.005 0.347 0.257 0.124 0.056 0.038 0.021 0.022 0.001 0.001 0.797 0.892 0.033 0.282 0.761 0.143 0.062 0.404 0.864 0.109 0.017 0.132 0.391 0.107 0.252 0.32 0.294 0.342 0.175

1 bet 5, 2 raise 13, 1 call  13
0 0 0 0 0 0 0 0 0 0 0 0 0 0 0 0 0 0 0.003 0.006 0.015 0.043 0.075 0.163 0.326 1 1 1 1 0.999 0.878 0.919 1 1 0.989 0.998 0 0 0 0 0 0 0 0.149 1 1 1 1 0.998 0.828 0.93 0.985 0.999 0.784 0.972 1 0.263 0.258 0.269 0.297 0.32 0.347 0.351 0.106 0.077 1 1 1 1 0.955 0.907 0.932 0.996 1 0.916 1 1 0.345 0.317 0.254 0.15 0.733 0.23 0.193 0.133 0.799 0 0 0 0 0 1 0.999 0.397 0.007 0.166 0 0 0 0 0 0.592 0.165 0.36 0.504 0.144 0.276 1 0 0.001 0.001 0.001 0 1 0.297 0.173 0.439 0.571 1 0.355 1 0.675 0.524 0.575 0.091 0.682 0.339 0.422 0.259 0.665 0.402 0.405 0.229 0.465 0.968 0.972 0.998

2 raise 13, 1 raise  24
0 0 0 0 0 0 0 0 0 0 0 0 0 0 0 0 0 0 0 0 0 0 0 0 0 0 0 0 0 0.001 0.122 0.081 0 0 0 0 0 0 0 0 0 0 0 0.851 0 0 0 0 0.002 0.172 0.07 0 0 0 0 0 0 0 0 0 0 0 0 0.894 0.923 0 0 0 0 0.045 0.093 0.068 0 0 0 0 0 0.296 0.306 0.215 0.158 0.022 0.333 0.123 0.087 0.025 0 0 0 0 0 0 0 0 0 0 0 0 0 0 0 0 0.835 0 0 0 0 0 0 0 0 0 0 0 0.703 0.827 0 0 0 0 0 0.325 0.476 0.23 0.359 0.318 0.255 0.099 0.003 0.335 0.281 0.276 0.26 0.016 0.032 0.028 0.002
