game = '6-max Cash', preflop situation = 'EP openraise BB 3bet EP call', stack = '90', pot = '20', bets = '33 50 75 100 125'

OOP preflop range
6c5c_0.25 6d5d_0.25 6h5h_0.25 6s5s_0.25 7c6c_0.25 7d6d_0.25 7h6h_0.25 7s6s_0.25 8c7c_0.25 8d7d_0.25 8h7h_0.25 8s7s_0.25 9c8c_0.25 9d8d_0.25 9d9c_0.25 9h8h_0.25 9h9c_0.25 9h9d_0.25 9s8s_0.25 9s9c_0.25 9s9d_0.25 9s9h_0.25 Ac3c_0.25 Ac4c_0.25 Ac5c_0.25 Ac6c_0.50 Ac7c_0.50 Ac8c_0.25 AcJc_0.50 AcKc_1 AcKd_0.50 AcKh_0.50 AcKs_0.50 AcQc_1 AcTc_0.25 Ad2d_0.50 Ad4d_0.25 Ad5d_0.25 Ad6d_0.50 Ad7d_0.50 Ad8d_0.25 AdAc_1 AdJd_0.50 AdKc_0.50 AdKd_1 AdKh_0.50 AdKs_0.50 AdQd_1 AdTd_0.25 Ah3h_0.25 Ah4h_0.25 Ah5h_0.25 Ah6h_0.50 Ah7h_0.50 Ah8h_0.25 AhAc_1 AhAd_1 AhJh_0.50 AhKc_0.50 AhKd_0.50 AhKh_1 AhKs_0.50 AhQh_1 AhTh_0.25 As2s_0.50 As3s_0.25 As4s_0.25 As5s_0.25 As6s_0.50 As7s_0.50 As8s_0.25 AsAc_1 AsAd_1 AsAh_1 AsJs_0.50 AsKc_0.50 AsKd_0.50 AsKh_0.50 AsKs_1 AsQs_1 AsTs_0.25 JcTc_0.25 JdJc_0.75 JdTd_0.25 JhJc_0.75 JhJd_0.75 JhTh_0.25 JsJc_0.75 JsJd_0.75 JsJh_0.75 JsTs_0.25 Kc9c_0.25 KcJc_0.50 KcQc_1 KcTc_0.25 Kd9d_0.25 KdJd_0.50 KdKc_1 KdQd_1 KdTd_0.25 Kh9h_0.25 KhJh_0.50 KhKc_1 KhKd_1 KhQh_1 KhTh_0.25 Ks9s_0.25 KsJs_0.50 KsKc_1 KsKd_1 KsKh_1 KsQs_1 KsTs_0.25 QcJc_0.50 QdJd_0.50 QdQc_1 QhJh_0.50 QhQc_1 QhQd_1 QsJs_0.50 QsQc_1 QsQd_1 QsQh_1 Tc9c_0.25 Td9d_0.25 TdTc_0.50 Th9h_0.25 ThTc_0.50 ThTd_0.50 Ts9s_0.25 TsTc_0.50 TsTd_0.50 TsTh_0.50

IP preflop range
6d6c_0.25 6h6c_0.25 6h6d_0.25 6s6c_0.25 6s6d_0.25 6s6h_0.25 7d7c_0.50 7h7c_0.50 7h7d_0.50 7s7c_0.50 7s7d_0.50 7s7h_0.50 8d8c_1 8h8c_1 8h8d_1 8s8c_1 8s8d_1 8s8h_1 9d9c_1 9h9c_1 9h9d_1 9s9c_1 9s9d_1 9s9h_1 Ac3c_1 Ac4c_1 Ac5c_1 Ac6c_1 Ac7c_1 Ac8c_1 Ac9c_1 AcJc_1 AcQc_0.75 AcQd_1 AcQh_1 AcQs_1 AcTc_1 Ad2d_1 Ad4d_1 Ad5d_1 Ad6d_1 Ad7d_1 Ad8d_1 Ad9d_1 AdJd_1 AdQc_1 AdQd_0.75 AdQh_1 AdQs_1 AdTd_1 Ah3h_1 Ah4h_1 Ah5h_1 Ah6h_1 Ah7h_1 Ah8h_1 Ah9h_1 AhJh_1 AhQc_1 AhQd_1 AhQh_0.75 AhQs_1 AhTh_1 As2s_1 As3s_1 As4s_1 As5s_1 As6s_1 As7s_1 As8s_1 As9s_1 AsJs_1 AsQc_1 AsQd_1 AsQh_1 AsQs_0.75 AsTs_1 JcTc_0.50 JdJc_1 JdTd_0.50 JhJc_1 JhJd_1 JhTh_0.50 JsJc_1 JsJd_1 JsJh_1 JsTs_0.50 KcJc_1 KcQc_1 KcQd_0.50 KcQh_0.50 KcQs_0.50 KdJd_1 KdQc_0.50 KdQd_1 KdQh_0.50 KdQs_0.50 KhJh_1 KhQc_0.50 KhQd_0.50 KhQh_1 KhQs_0.50 KsJs_1 KsQc_0.50 KsQd_0.50 KsQh_0.50 KsQs_1 QcJc_0.50 QdJd_0.50 QdQc_1 QhJh_0.50 QhQc_1 QhQd_1 QsJs_0.50 QsQc_1 QsQd_1 QsQh_1 Tc9c_0.25 Td9d_0.25 TdTc_1 Th9h_0.25 ThTc_1 ThTd_1 Ts9s_0.25 TsTc_1 TsTd_1 TsTh_1

root, 1 check
0 0 0 0 0 0 0 0.002 0.001 0.004 0.001 0.011 0.001 0.002 0.002 0.001 0.004 0.002 0.001 0.002 0.003 0.002 0.001 0 0 0 0 0.001 0 0 0.001 0.001 0.001 0 0 0.001 0.001 0 0 0 0 0 0 0 0 0 0 0 0 0.001 0 0 0 0 0.001 0.001 0 0 0.001 0.001 0 0.001 0 0 0.001 0.001 0 0 0 0 0.002 0 0 0 0 0 0 0 0 0 0.001 0 0 0 0 0 0 0 0 0 0 0 0 0 0 0 0 0.001 0 0 0 0 0.001 0.001 0 0 0 0 0 0 0 0 0 0 0 0 0 0 0 0 0 0 0 0 0 0.001 0 0.001 0.001 0 0.001 0.001 0.001

1 check, 2 check
0.867 0.867 0.867 0.869 0.868 0.869 0.902 0.896 0.901 0.931 0.936 0.931 0.928 0.923 0.928 0.964 0.968 0.964 0.943 0.942 0.943 0.953 0.954 0.953 0.295 0.832 0.84 0.688 0.689 0.705 0.751 0.768 0.84 0.744 0.743 0.751 0.735 0.068 0.806 0.811 0.678 0.673 0.682 0.719 0.738 0.713 0.808 0.713 0.719 0.699 0.296 0.833 0.842 0.689 0.69 0.707 0.753 0.769 0.745 0.745 0.846 0.753 0.737 0.06 0.34 0.845 0.85 0.597 0.643 0.693 0.619 0.656 0.757 0.756 0.757 0.771 0.571 0.704 0.341 0.659 0.341 0.341 0.704 0.33 0.33 0.33 0.582 0.685 0.839 0.574 0.578 0.587 0.626 0.58 0.736 0.58 0.588 0.684 0.579 0.574 0.838 0.587 0.586 0.618 0.612 0.617 0.62 0.697 0.654 0.199 0.697 0.199 0.199 0.583 0.191 0.192 0.191 0.743 0.695 0.716 0.743 0.719 0.716 0.648 0.696 0.692 0.696

1 check, 2 bet 7
0.042 0.042 0.042 0.043 0.043 0.043 0.042 0.042 0.042 0.035 0.034 0.035 0.035 0.036 0.035 0.02 0.019 0.02 0.026 0.027 0.026 0.022 0.022 0.022 0.317 0.086 0.084 0.11 0.108 0.108 0.078 0.064 0.062 0.076 0.074 0.075 0.09 0.465 0.089 0.089 0.113 0.111 0.113 0.088 0.076 0.075 0.079 0.074 0.077 0.101 0.318 0.086 0.084 0.11 0.108 0.107 0.077 0.064 0.073 0.075 0.06 0.075 0.09 0.466 0.285 0.078 0.077 0.18 0.177 0.181 0.197 0.09 0.077 0.079 0.077 0.074 0.175 0.164 0.283 0.189 0.283 0.283 0.164 0.287 0.286 0.287 0.245 0.168 0.053 0.186 0.184 0.189 0.197 0.188 0.123 0.188 0.192 0.168 0.184 0.186 0.053 0.188 0.217 0.192 0.193 0.192 0.192 0.13 0.148 0.228 0.129 0.229 0.228 0.202 0.232 0.23 0.232 0.166 0.197 0.186 0.166 0.185 0.186 0.255 0.193 0.195 0.193

2 bet 7, 1 call 7
0.999 0.999 0.999 0.999 0 0 0 0 0 0 0 0 0 0 1 0 1 1 0 1 1 1 1 1 1 0.825 0.793 0.994 0.999 1 1 1 1 1 0.998 0 1 1 0.343 0.252 0.393 0 0.999 1 1 1 1 1 0.882 1 1 1 0.821 0.789 0.994 0.654 0 0.999 1 1 1 1 1 0.998 0 1 1 1 0 0 0 0 0 0 0.992 1 1 1 1 1 0.013 0.007 0.001 0.004 0.001 0.001 0.007 0.001 0.001 0.001 0 0.616 0.995 0.999 0.687 0.289 0.993 0 0.999 0.606 0.616 0.995 0 0 0.999 0.686 0 0.415 0 0 0 0.99 0 0.739 0.633 0 0.74 0 0 0.289 0 0 0 0 0 0.984 0 0.978 0.984 0 0.939 0.956 0.939

2 bet 7, 1 raise 24
0.001 0.001 0.001 0.001 0.585 0.505 0.585 0.198 0.389 0.354 0.39 0.039 0.41 0.363 0 0.411 0 0 0.01 0 0 0 0 0 0 0.171 0.202 0.003 0.001 0 0 0 0 0 0.002 1 0 0 0.657 0.748 0.607 1 0.001 0 0 0 0 0 0.117 0 0 0 0.175 0.206 0.003 0.346 1 0.001 0 0 0 0 0 0.002 1 0 0 0 0.718 0.68 0.792 1 1 1 0.008 0 0 0 0 0 0.981 0.992 0.999 0.996 0.999 0.999 0.992 0.999 0.999 0.999 0.989 0.17 0.004 0.001 0.302 0.172 0.006 1 0.001 0.321 0.171 0.004 1 1 0.001 0.303 0.001 0.286 1 1 1 0.001 0.026 0.261 0.367 1 0.26 1 1 0.709 1 1 1 0.982 0.971 0.016 0.982 0.022 0.016 0.335 0.061 0.044 0.061

2 bet 7, 1 raise 24, 2 call 24
0.23 0.23 0.23 0.232 0.231 0.232 0.115 0.116 0.115 0.116 0.115 0.116 0.119 0.12 0.119 0.119 0.118 0.119 0.135 0.136 0.135 0.139 0.138 0.139 0.289 0.796 0.793 0.104 0.078 0.072 0.069 0.211 0.324 0.197 0.194 0.199 0.136 0.828 0.795 0.79 0.133 0.106 0.1 0.092 0.23 0.247 0.33 0.247 0.254 0.168 0.289 0.797 0.793 0.104 0.078 0.072 0.069 0.211 0.195 0.197 0.324 0.199 0.136 0.698 0.28 0.811 0.804 0.036 0.033 0.032 0.03 0.069 0.196 0.198 0.196 0.235 0.034 0.015 0.248 0.009 0.25 0.248 0.014 0.242 0.242 0.242 0.001 0.046 0.046 0.025 0.025 0.018 0.039 0.02 0.04 0.02 0.013 0.046 0.025 0.025 0.046 0.018 0.002 0.01 0.01 0.01 0.004 0.019 0.015 0.229 0.019 0.232 0.229 0.001 0.221 0.218 0.221 0.017 0.007 0.213 0.017 0.213 0.213 0.001 0.209 0.209 0.209

1 raise 24, 2 raise 83
0.474 0.473 0.474 0.478 0.479 0.478 0.397 0.397 0.397 0.403 0.403 0.403 0.381 0.381 0.381 0.392 0.392 0.392 0.494 0.494 0.494 0.497 0.496 0.497 0.709 0.2 0.204 0.14 0.134 0.122 0.114 0.128 0.183 0.118 0.122 0.099 0.112 0.172 0.203 0.208 0.136 0.126 0.111 0.104 0.13 0.126 0.208 0.126 0.104 0.106 0.709 0.2 0.204 0.14 0.134 0.121 0.114 0.127 0.121 0.118 0.174 0.099 0.111 0.302 0.713 0.184 0.191 0.11 0.097 0.086 0.072 0.107 0.125 0.121 0.125 0.1 0.075 0.008 0.664 0.008 0.663 0.664 0.008 0.664 0.665 0.664 0.003 0.094 0.119 0.079 0.083 0.056 0.074 0.07 0.095 0.07 0.042 0.094 0.083 0.079 0.119 0.056 0.01 0.036 0.034 0.036 0.017 0.034 0.023 0.747 0.034 0.743 0.746 0.007 0.752 0.755 0.752 0.008 0.006 0.654 0.008 0.656 0.654 0.003 0.652 0.65 0.652

1 check, 2 bet 10
0.032 0.032 0.032 0.031 0.032 0.031 0.036 0.037 0.036 0.028 0.027 0.028 0.03 0.032 0.03 0.015 0.012 0.015 0.023 0.023 0.023 0.019 0.018 0.019 0.223 0.061 0.059 0.07 0.064 0.064 0.058 0.06 0.059 0.062 0.059 0.061 0.071 0.324 0.089 0.087 0.082 0.082 0.082 0.073 0.078 0.086 0.069 0.086 0.091 0.085 0.223 0.06 0.058 0.069 0.063 0.063 0.057 0.059 0.058 0.061 0.056 0.06 0.07 0.321 0.199 0.057 0.055 0.109 0.094 0.082 0.085 0.132 0.065 0.067 0.065 0.065 0.138 0.101 0.145 0.115 0.146 0.145 0.101 0.149 0.148 0.149 0.119 0.099 0.021 0.161 0.154 0.15 0.123 0.152 0.077 0.152 0.149 0.099 0.154 0.161 0.021 0.15 0.135 0.129 0.136 0.129 0.131 0.128 0.15 0.253 0.128 0.258 0.253 0.158 0.26 0.255 0.26 0.061 0.074 0.041 0.061 0.04 0.04 0.068 0.046 0.047 0.046

2 bet 10, 1 call 10
1 1 1 0.999 0 0 0 0 0 0 0 0 0 0 0.687 0 0.664 0.685 0 0.622 0.645 0.62 0.997 1 1 0.263 0.275 0.636 0.995 0.999 0.997 0.998 0.994 0.999 0.985 0.005 1 1 0.01 0.005 0.071 0.957 0.978 0.999 1 0.999 0.998 1 0.66 0.996 1 1 0.251 0.262 0.623 0.999 0.983 0.995 0.998 0.997 0.999 0.994 0.999 0.984 0 0.902 1 1 0 0 0 0.953 0.002 0.941 0.013 0.993 0.997 0.993 0.981 0.037 0 0 0.989 0 0.993 0.989 0 0.847 0.804 0.846 0 0.038 0.529 0.746 0.392 0 0.407 0 0.564 0 0.039 0.529 0 0 0.756 0.392 0 0 0 0 0 0.068 0 0 0 0 0 0 0 0 0 0 0 0 0 0.918 0 0.899 0.917 0 0.956 0.966 0.955

2 bet 10, 1 raise 30
0 0 0 0.001 0.657 0.531 0.66 0.052 0.31 0.089 0.314 0.012 0.35 0.115 0.313 0.354 0.336 0.314 0.018 0.378 0.355 0.379 0.003 0 0 0.728 0.715 0.356 0.005 0.001 0 0 0 0.001 0.012 0.995 0 0 0.989 0.993 0.927 0.043 0.022 0 0 0 0 0 0.339 0.004 0 0 0.741 0.729 0.369 0.001 0.017 0.005 0 0 0.001 0 0.001 0.013 1 0.098 0 0 0.978 0.977 0.983 0.047 0.998 0.059 0.986 0.006 0.003 0.006 0.018 0.963 0.992 0.999 0.011 0.997 0.007 0.011 0.999 0.153 0.196 0.154 0.715 0.085 0.469 0.253 0.04 0.008 0.575 1 0.435 0.011 0.086 0.469 1 1 0.244 0.041 0 0.149 1 1 1 0.89 0 1 1 1 1 1 1 1 1 1 1 0.596 0.447 0.082 0.6 0.101 0.082 0.038 0.044 0.034 0.044

2 bet 10, 1 raise 30, 2 call 30
0.118 0.118 0.118 0.12 0.119 0.12 0.017 0.017 0.017 0.018 0.017 0.018 0.021 0.022 0.022 0.024 0.023 0.024 0.119 0.119 0.119 0.122 0.123 0.122 0.118 0.754 0.756 0 0 0 0.001 0.069 0.236 0.072 0.067 0.066 0.017 0.484 0.723 0.723 0.021 0.006 0.006 0.01 0.099 0.139 0.253 0.139 0.143 0.048 0.119 0.755 0.756 0 0 0 0.001 0.069 0.067 0.072 0.234 0.066 0.017 0.384 0.116 0.651 0.614 0 0 0 0 0.004 0.09 0.095 0.09 0.109 0.001 0.004 0.195 0.002 0.195 0.196 0.004 0.185 0.186 0.185 0.001 0.035 0.038 0.017 0.016 0.013 0.025 0.012 0.03 0.012 0.009 0.035 0.016 0.017 0.039 0.013 0.004 0.006 0.007 0.006 0.006 0.012 0.01 0.096 0.013 0.09 0.096 0.003 0.079 0.086 0.08 0 0 0.223 0 0.223 0.223 0 0.224 0.224 0.224

1 raise 30, 2 raise 80
0.408 0.406 0.408 0.411 0.413 0.411 0.282 0.28 0.282 0.291 0.293 0.291 0.26 0.257 0.26 0.277 0.28 0.277 0.358 0.358 0.358 0.366 0.366 0.366 0.879 0.245 0.244 0.105 0.097 0.082 0.097 0.117 0.141 0.085 0.084 0.053 0.119 0.516 0.277 0.277 0.15 0.152 0.136 0.147 0.167 0.144 0.187 0.143 0.118 0.17 0.879 0.245 0.243 0.104 0.096 0.081 0.096 0.116 0.083 0.084 0.136 0.052 0.118 0.616 0.869 0.238 0.231 0.091 0.081 0.074 0.088 0.091 0.117 0.119 0.117 0.102 0.104 0.006 0.799 0.005 0.799 0.799 0.006 0.803 0.804 0.803 0 0.096 0.115 0.079 0.076 0.045 0.078 0.062 0.096 0.062 0.029 0.096 0.076 0.079 0.114 0.045 0.008 0.038 0.041 0.037 0.015 0.01 0.009 0.904 0.009 0.91 0.903 0.002 0.92 0.913 0.919 0.005 0.003 0.618 0.005 0.618 0.618 0.001 0.629 0.629 0.629

1 check, 2 bet 15
0.024 0.024 0.024 0.024 0.024 0.024 0.01 0.011 0.01 0.004 0.002 0.004 0.004 0.005 0.004 0 0 0 0.006 0.006 0.006 0.005 0.005 0.005 0.083 0.017 0.015 0.047 0.055 0.049 0.053 0.048 0.024 0.058 0.058 0.059 0.044 0.114 0.014 0.013 0.058 0.069 0.065 0.072 0.054 0.071 0.03 0.071 0.067 0.067 0.083 0.017 0.015 0.047 0.055 0.049 0.053 0.048 0.057 0.058 0.023 0.059 0.044 0.129 0.072 0.013 0.013 0.05 0.055 0.042 0.067 0.06 0.039 0.039 0.039 0.039 0.071 0.023 0.078 0.027 0.078 0.078 0.023 0.077 0.078 0.077 0.037 0.028 0.036 0.044 0.044 0.043 0.036 0.043 0.032 0.043 0.042 0.028 0.044 0.044 0.036 0.043 0.041 0.033 0.033 0.033 0.034 0.03 0.034 0.141 0.03 0.143 0.141 0.039 0.144 0.142 0.144 0.015 0.015 0.036 0.015 0.035 0.036 0.012 0.041 0.042 0.04

2 bet 15, 1 call 15
0.999 0.998 0.999 0.996 0 0 0 0 0 0 0 0 0 0 0.819 0 0.819 0.819 0 0.854 0.875 0.855 1 0.652 0.571 0 0 0 0.616 0.894 0.935 0.93 0.746 0.515 0.121 0.973 0.639 0.565 0 0 0 0.83 0.492 0.988 0.98 0.988 0.977 0.64 0 1 0.647 0.566 0 0 0 0.992 0.887 0.616 0.92 0.928 0.883 0.738 0.514 0.121 0.974 0.805 0.266 0.17 0 0 0 0.891 0.319 0.888 0 0.317 0.324 0.318 0.173 0.011 0 0 0.7 0 0.704 0.7 0 0.65 0.652 0.651 0 0 0 0 0 0 0 0 0 0 0 0 0 0 0 0 0 0 0 0 0 0 0 0 0 0 0 0 0 0 0 0 0 0 0 0.972 0 0.957 0.972 0 0.967 0.982 0.967

2 bet 15, 1 raise 40
0 0.001 0 0.003 0.293 0.166 0.293 0.042 0.146 0.04 0.144 0.024 0.145 0.031 0.18 0.143 0.18 0.179 0.015 0.144 0.122 0.143 0 0.348 0.429 0 0 0 0.348 0.106 0.052 0.06 0.239 0.485 0.001 0.027 0.361 0.435 0 0 0 0.17 0.305 0.005 0.019 0.005 0.012 0.36 0 0 0.353 0.434 0 0 0 0.008 0.113 0.349 0.069 0.059 0.116 0.247 0.486 0.001 0.026 0.194 0.734 0.829 0.004 0.004 0.006 0.109 0.681 0.112 0.948 0.682 0.675 0.68 0.826 0.987 0.189 0.999 0.3 0.999 0.296 0.3 0.999 0.35 0.348 0.349 0.999 0.249 0.999 1 0.825 0.042 0.999 1 1 0.521 0.243 0.999 1 1 1 0.821 0.016 0.999 1 1 1 1 0.269 1 1 1 1 1 1 1 1 1 1 0.617 0.367 0.027 0.618 0.043 0.028 0.159 0.033 0.017 0.033

2 bet 15, 1 raise 40, 2 call 40
0.038 0.038 0.038 0.038 0.037 0.038 0.056 0.057 0.056 0.053 0.052 0.053 0.058 0.058 0.058 0.052 0.052 0.052 0.05 0.05 0.05 0.047 0.047 0.047 0.055 0.433 0.43 0.037 0.036 0.035 0.047 0.061 0.094 0.045 0.045 0.013 0.049 0.174 0.347 0.343 0.039 0.037 0.037 0.05 0.065 0.058 0.095 0.058 0.025 0.054 0.055 0.433 0.429 0.036 0.035 0.034 0.047 0.06 0.045 0.044 0.091 0.013 0.049 0.143 0.139 0.131 0.13 0.018 0.007 0.004 0.021 0.024 0.063 0.062 0.062 0.033 0.025 0.018 0.24 0.017 0.24 0.24 0.018 0.239 0.239 0.239 0.01 0.028 0.029 0.015 0.014 0.015 0.021 0.009 0.017 0.009 0.011 0.028 0.014 0.015 0.028 0.015 0.015 0.01 0.011 0.01 0.013 0.013 0.013 0.006 0.013 0.011 0.006 0.007 0 0 0 0.02 0.019 0.221 0.02 0.221 0.221 0.009 0.223 0.223 0.223

1 raise 40, 2 raise 75
0.286 0.285 0.286 0.291 0.291 0.291 0.131 0.131 0.131 0.127 0.127 0.127 0.124 0.124 0.125 0.12 0.12 0.12 0.241 0.24 0.241 0.243 0.243 0.243 0.945 0.249 0.246 0.094 0.082 0.075 0.07 0.089 0.151 0.085 0.083 0.033 0.082 0.826 0.278 0.275 0.119 0.109 0.103 0.102 0.12 0.126 0.175 0.125 0.075 0.117 0.945 0.248 0.245 0.093 0.081 0.074 0.069 0.088 0.082 0.083 0.147 0.032 0.081 0.857 0.861 0.253 0.253 0.059 0.029 0.019 0.029 0.034 0.131 0.132 0.13 0.09 0.048 0.011 0.76 0.011 0.76 0.76 0.011 0.761 0.761 0.761 0.005 0.016 0.016 0.01 0.012 0.01 0.014 0.011 0.013 0.011 0.008 0.016 0.012 0.01 0.016 0.01 0.012 0.013 0.011 0.013 0.011 0.012 0.01 0.994 0.012 0.989 0.994 0.006 1 1 1 0.006 0.007 0.55 0.006 0.549 0.55 0.002 0.554 0.555 0.554

1 check, 2 bet 20
0.025 0.025 0.025 0.025 0.024 0.025 0.006 0.007 0.006 0 0 0 0.001 0.002 0.001 0 0 0 0.002 0.002 0.002 0.001 0.001 0.001 0.051 0.003 0.001 0.05 0.05 0.044 0.025 0.044 0.006 0.035 0.04 0.029 0.032 0 0 0 0.037 0.036 0.03 0.018 0.038 0.033 0.005 0.033 0.024 0.023 0.051 0.003 0.001 0.051 0.05 0.044 0.026 0.044 0.04 0.035 0.006 0.029 0.032 0.002 0.043 0.006 0.004 0.028 0.011 0 0.008 0.035 0.037 0.034 0.037 0.025 0.017 0.004 0.051 0.005 0.051 0.051 0.004 0.057 0.057 0.057 0.004 0.013 0.03 0.021 0.024 0.018 0.011 0.023 0.021 0.023 0.017 0.013 0.024 0.021 0.03 0.018 0.012 0.014 0.013 0.014 0.011 0.01 0.009 0.117 0.01 0.114 0.117 0.009 0.117 0.12 0.117 0 0.001 0.021 0 0.021 0.021 0 0.023 0.024 0.023

2 bet 20, 1 call 20
0.001 0 0.001 0 0 0 0 0 0 0 0 0 0 0 0.495 0 0.468 0.495 0 0.503 0.531 0.503 0.977 0.002 0.001 0 0 0 0 0.199 0.1 0.1 0.089 0.01 0 0.999 0.002 0.001 0 0 0 0.965 0 0.182 0.282 0.182 0.175 0.027 0 0.978 0.002 0.001 0 0 0 0.976 0.973 0 0.102 0.103 0.209 0.092 0.01 0 0.999 0.804 0 0 0 0 0 0.989 0.998 0.989 0 0.08 0.063 0.082 0.022 0.01 0 0 1 0 1 1 0 1 1 1 0 0 0 0 0 0 0 0.001 0 0 0 0 0.001 0.001 0 0 0 0 0.001 0.001 0.001 0 0 0 0 0.055 0 0.053 0.058 0 0.043 0.045 0.045 0 0 0.995 0 0.994 0.995 0 0.995 0.995 0.995

2 bet 20, 1 raise 50
0.947 0.933 0.947 0.441 0.001 0.001 0.001 0.001 0.001 0.001 0.001 0.001 0.001 0.001 0.04 0.001 0.033 0.04 0.001 0.063 0.068 0.062 0.022 0.998 0.998 0 0 0 0.061 0.799 0.513 0.498 0.592 0.988 0 0.001 0.998 0.998 0 0 0 0.035 0.008 0.481 0.716 0.48 0.571 0.97 0 0.021 0.998 0.998 0 0 0 0.024 0.027 0.047 0.491 0.505 0.789 0.582 0.987 0 0.001 0.193 0.995 0.995 0 0 0 0.011 0.002 0.011 0.045 0.872 0.895 0.87 0.952 0.976 0 0.435 0 0.487 0 0 0.431 0 0 0 0.565 0.001 0.902 0.999 0.05 0.001 0.811 0.999 0.999 0.005 0.001 0.9 0.999 0.999 0.999 0.045 0.001 0.75 0.999 0.999 0.999 0.998 0.002 0.999 0.999 0.945 0.999 0.947 0.942 0.999 0.957 0.955 0.955 0.001 0.001 0 0.001 0 0 0.001 0 0 0

2 bet 20, 1 raise 50, 2 call 50
0.231 0.231 0.231 0.232 0.232 0.232 0.096 0.097 0.096 0.098 0.098 0.098 0.097 0.098 0.097 0.1 0.1 0.1 0.188 0.188 0.188 0.187 0.187 0.187 0.224 0.362 0.354 0.059 0.055 0.054 0.068 0.078 0.114 0.052 0.052 0.023 0.067 0 0.382 0.375 0.06 0.053 0.049 0.063 0.074 0.057 0.111 0.056 0.029 0.061 0.224 0.361 0.353 0.058 0.054 0.053 0.066 0.077 0.051 0.051 0.11 0.022 0.066 0 0.439 0.207 0.207 0.022 0.019 0.007 0.011 0.014 0.064 0.064 0.063 0.037 0.01 0.01 0.403 0.007 0.403 0.403 0.01 0.401 0.401 0.401 0.001 0.036 0.039 0.012 0.014 0.004 0.024 0.005 0.024 0.005 0.001 0.036 0.014 0.012 0.039 0.004 0.001 0.001 0.001 0.001 0.001 0.009 0.005 0.213 0.008 0.217 0.213 0 0.208 0.204 0.208 0.016 0.012 0.346 0.016 0.346 0.346 0.001 0.347 0.348 0.347

1 raise 50, 2 raise 70
0.223 0.223 0.223 0.225 0.225 0.225 0.137 0.137 0.137 0.139 0.139 0.139 0.129 0.13 0.129 0.132 0.132 0.132 0.236 0.237 0.236 0.236 0.235 0.236 0.776 0.152 0.154 0.002 0.001 0 0.001 0.009 0.104 0.024 0.02 0.009 0.002 1 0.131 0.133 0 0 0 0 0.001 0.009 0.084 0.008 0.004 0 0.776 0.151 0.153 0.001 0.001 0 0.001 0.008 0.019 0.022 0.1 0.008 0.002 1 0.561 0.131 0.131 0 0 0 0 0 0.013 0.017 0.013 0.016 0 0 0.597 0 0.597 0.597 0 0.599 0.599 0.599 0 0 0 0 0 0 0 0 0 0 0 0 0 0 0 0 0 0 0 0 0 0 0 0.787 0 0.783 0.787 0 0.792 0.796 0.792 0 0 0.442 0 0.442 0.442 0 0.444 0.444 0.444

1 check, 2 bet 25
0.009 0.009 0.009 0.009 0.009 0.009 0.005 0.006 0.005 0.001 0.001 0.001 0.001 0.001 0.001 0.001 0 0.001 0 0 0 0.001 0.001 0.001 0.03 0.001 0.001 0.034 0.034 0.03 0.035 0.016 0.01 0.026 0.026 0.025 0.028 0.028 0.001 0.001 0.032 0.03 0.027 0.03 0.016 0.023 0.009 0.023 0.022 0.024 0.03 0.001 0.001 0.034 0.034 0.03 0.034 0.016 0.026 0.025 0.009 0.024 0.028 0.022 0.061 0.001 0.001 0.036 0.021 0.001 0.025 0.027 0.025 0.025 0.025 0.025 0.028 0.003 0.103 0.005 0.101 0.103 0.003 0.101 0.102 0.101 0.014 0.008 0.021 0.015 0.015 0.013 0.007 0.014 0.011 0.014 0.012 0.008 0.015 0.015 0.022 0.013 0.009 0.014 0.013 0.014 0.011 0.005 0.005 0.064 0.005 0.058 0.064 0.01 0.056 0.062 0.056 0.014 0.017 0.001 0.014 0.001 0.001 0.016 0.001 0.001 0.001

2 bet 25, 1 call 25
0.001 0.001 0.001 0 0 0 0 0 0 0 0 0 0 0 0.497 0 0.49 0.497 0 0.492 0.497 0.493 0.881 0 0 0 0 0 0 0.5 0.653 0.636 0.631 0.238 0 0.991 0 0 0 0 0 0.881 0 0.623 0.46 0.623 0.598 0.183 0 0.876 0 0 0 0 0 0.952 0.906 0 0.635 0.651 0.496 0.63 0.233 0 0.981 0.971 0 0 0 0 0 0.725 0.736 0.717 0 0.627 0.62 0.627 0.605 0.405 0 0 0 0 0 0 0 0 0 0 0 0 0 0 0 0 0 0 0 0 0 0 0 0 0 0 0 0 0 0 0 0 0 0 0 0 0 0 0 0 0 0 0 0 0 0.684 0 0.681 0.684 0 0.663 0.667 0.663

2 bet 25, 1 raise 90
0.949 0.822 0.95 0.531 0.004 0.003 0.004 0.001 0.002 0.001 0.002 0 0.002 0.002 0.045 0.002 0.044 0.045 0 0.051 0.052 0.051 0.117 0.997 0.997 0.057 0.052 0.052 0.943 0.496 0.276 0.256 0.291 0.756 0.062 0.009 0.997 0.997 0.063 0.058 0.057 0.119 0.984 0.35 0.536 0.349 0.383 0.811 0.067 0.123 0.997 0.997 0.059 0.054 0.054 0.048 0.094 0.951 0.263 0.281 0.5 0.297 0.761 0.064 0.019 0.024 0.993 0.993 0.018 0.017 0.018 0.275 0.264 0.283 0.661 0.354 0.364 0.353 0.38 0.519 0.019 0.486 1 0.449 1 1 0.487 1 1 1 0.092 0.333 0.993 0.996 0.377 0.29 0.993 1 0.996 0.328 0.334 0.993 1 1 0.996 0.377 0.047 0.983 1 1 1 0.992 0.045 0.995 0.995 1 0.995 1 1 0.991 1 1 1 0.003 0.002 0.086 0.003 0.084 0.086 0 0.078 0.08 0.079

2 bet 25, 1 raise 90, 2 call 90
0.286 0.285 0.286 0.291 0.293 0.291 0.138 0.135 0.138 0.148 0.15 0.148 0.12 0.119 0.12 0.132 0.133 0.132 0.294 0.295 0.294 0.295 0.294 0.295 0.995 0.471 0.473 0 0 0 0 0.001 0.086 0.001 0.001 0.001 0 1 0.475 0.477 0 0 0 0 0.001 0.001 0.074 0.001 0.001 0 0.995 0.468 0.47 0 0 0 0 0.001 0.001 0.001 0.08 0.001 0 1 0.852 0.222 0.223 0 0 0 0 0 0.003 0.003 0.003 0.003 0 0 1 0 1 1 0 1 1 1 0 0 0 0 0 0 0 0 0 0 0 0 0 0 0 0 0 0 0 0 0 0 0 1 0 1 1 0 1 1 1 0 0 0.623 0 0.623 0.623 0 0.626 0.627 0.626

root, 1 bet 7
0.002 0.005 0.002 0 0.002 0.001 0.002 0 0.003 0.004 0.003 0 0.03 0.03 0.024 0.03 0.022 0.024 0.003 0.034 0.05 0.034 0.006 0.009 0.012 0 0 0.001 0.001 0.002 0.005 0.005 0.003 0.003 0.004 0.017 0.011 0.009 0 0 0 0.004 0.003 0.004 0.002 0.004 0.003 0.003 0.004 0.006 0.009 0.011 0 0 0.001 0.006 0.006 0.001 0.005 0.006 0.002 0.003 0.004 0.004 0.003 0.002 0.011 0.006 0 0 0 0.007 0.007 0.006 0.008 0.005 0.003 0.005 0.003 0.002 0.008 0.007 0.003 0.006 0.007 0.003 0.007 0.001 0.001 0.001 0.002 0.002 0 0.002 0.001 0.001 0 0.001 0.003 0.001 0.002 0 0.001 0.001 0.003 0.001 0 0 0.004 0.003 0.004 0.004 0 0.001 0.001 0.001 0.001 0.001 0.001 0.001 0 0 0 0.015 0.014 0.016 0.015 0.018 0.016 0.001 0.023 0.023 0.022

1 bet 7, 2 call 7
0.997 0.997 0.997 0.997 0.997 0.997 0.893 0.913 0.893 0.903 0.883 0.903 0.655 0.658 0.655 0.688 0.675 0.688 0.965 0.972 0.965 0.999 0.999 0.999 0.786 0.999 0.999 0.084 0 0 0.138 0.964 0.999 0.309 0.284 0.402 0.598 0.989 0.971 0.968 0.007 0.004 0.001 0.034 0.863 0.389 0.998 0.388 0.496 0.524 0.788 0.999 0.999 0.077 0 0 0.133 0.955 0.282 0.305 0.999 0.397 0.593 0.92 0.588 0.983 0.979 0 0 0 0 0.182 0.523 0.547 0.521 0.591 0.122 0.134 0.633 0.057 0.668 0.634 0.133 0.622 0.6 0.623 0 0.992 1 0 0 0 0.864 0 0.999 0 0 0.993 0 0 1 0 0.096 0.032 0.028 0.031 0.03 0.897 0.647 0.81 0.892 0.863 0.813 0.001 0.596 0.597 0.598 0 0 0.995 0 0.995 0.995 0 0.996 0.995 0.996

1 bet 7, 2 raise 24
0.003 0.003 0.003 0.003 0.003 0.003 0.102 0.084 0.102 0.096 0.116 0.096 0.001 0.001 0.001 0.047 0.061 0.046 0.001 0.002 0.001 0.001 0.001 0.001 0.214 0.001 0.001 0.062 0.018 0 0 0.035 0 0.2 0.209 0.137 0.034 0.011 0.029 0.032 0.047 0.01 0.002 0.003 0.136 0.16 0.002 0.159 0.102 0.068 0.212 0.001 0.001 0.066 0.023 0 0 0.044 0.212 0.202 0 0.141 0.038 0.08 0.412 0.017 0.021 0 0 0 0 0.434 0.086 0.076 0.085 0.114 0.081 0.026 0.367 0.006 0.332 0.366 0.024 0.378 0.4 0.377 0 0.007 0 0 0 0.001 0 0 0 0 0 0.006 0 0 0 0.001 0.05 0.045 0.044 0.046 0.032 0.004 0 0.19 0.004 0.137 0.187 0 0.404 0.403 0.402 0 0 0.005 0 0.005 0.005 0 0.004 0.005 0.004

1 bet 7, 2 raise 24, 1 call  24
0.994 0.993 0.994 0.973 0 0 0 0 0 0 0 0 0 0 0.721 0 0.726 0.721 0 0.717 0.711 0.717 0.97 0.029 0.008 0 0 0 0.02 0.561 0.769 0.791 0.717 0.919 0 0.877 0.254 0.213 0 0 0 0.443 0.029 0.83 0.925 0.83 0.748 0.943 0 0.972 0.052 0.017 0 0 0 0.517 0.472 0.015 0.785 0.768 0.58 0.709 0.934 0 0.862 0.991 0.519 0.49 0 0 0 0.434 0.406 0.437 0 0.734 0.726 0.734 0.757 0.292 0 0 0.195 0 0.199 0.198 0 0.001 0.001 0.001 0 0 0.253 0.238 0 0 0.279 0 0.196 0 0 0.255 0 0 0.233 0 0 0.05 0 0 0 0.249 0 0.447 0.423 0 0.445 0 0 0.597 0 0 0 0 0 0.495 0 0.507 0.495 0 0.457 0.451 0.457

2 raise 24, 1 raise  83
0 0 0 0 0 0 0 0 0 0 0 0 0 0 0.09 0 0.086 0.09 0 0.108 0.111 0.108 0.03 0.971 0.992 0 0 0 0.019 0.439 0.029 0.025 0.013 0.071 0 0.123 0.746 0.787 0 0 0 0.557 0 0 0.075 0 0 0.027 0 0.028 0.948 0.983 0 0 0 0.483 0.528 0.005 0.014 0.015 0.42 0.01 0.055 0 0.138 0.009 0.481 0.51 0 0 0 0.566 0.594 0.563 0 0.248 0.254 0.248 0.222 0.678 0 0 0.805 0 0.801 0.802 0 0.999 0.999 0.999 0 0 0.288 0.735 0 0 0.221 1 0.782 0 0 0.283 1 1 0.741 0 0 0 1 1 1 0.735 0 0.013 0.013 1 0.013 1 1 0.002 1 1 1 0 0 0.315 0 0.327 0.313 0 0.302 0.286 0.3

root, 1 bet 10
0.249 0.271 0.248 0.106 0.053 0.055 0.053 0.014 0.169 0.154 0.169 0.138 0.324 0.304 0.448 0.324 0.449 0.448 0.284 0.456 0.446 0.457 0.145 0.429 0.379 0.001 0.003 0.13 0.117 0.153 0.208 0.23 0.172 0.134 0.21 0.148 0.387 0.366 0.001 0.006 0.106 0.265 0.136 0.219 0.171 0.219 0.142 0.156 0.21 0.148 0.426 0.378 0.001 0.004 0.133 0.279 0.284 0.117 0.233 0.211 0.154 0.174 0.131 0.213 0.121 0.093 0.346 0.289 0 0 0 0.279 0.256 0.279 0.151 0.204 0.18 0.204 0.094 0.118 0.106 0.344 0.229 0.302 0.23 0.229 0.341 0.121 0.12 0.121 0.109 0.272 0.009 0.098 0.251 0.259 0.005 0.01 0.137 0.231 0.271 0.009 0.008 0.01 0.099 0.249 0.001 0.002 0.109 0.135 0.109 0.105 0.001 0.163 0.165 0.059 0.164 0.06 0.061 0.209 0.007 0.013 0.007 0.403 0.386 0.514 0.402 0.5 0.514 0.263 0.615 0.632 0.616

1 bet 10, 2 call 10
1 1 1 1 1 1 0.644 0.639 0.644 0.79 0.795 0.789 0.356 0.35 0.355 0.491 0.496 0.491 0.768 0.765 0.769 0.986 0.988 0.987 0.958 0.99 0.994 0 0 0 0 0.999 0.998 0.145 0.061 0.427 0.587 1 0.998 0.988 0 0 0 0 0.966 0.256 0.999 0.248 0.53 0.483 0.958 0.988 0.993 0 0 0 0 0.999 0.064 0.136 0.999 0.421 0.582 1 0.673 0.973 0.951 0 0 0 0 0.06 0.476 0.542 0.469 0.674 0.02 0 0.801 0 0.848 0.802 0 0.777 0.777 0.777 0 0.53 0.998 0 0 0 0.365 0 0.978 0 0 0.527 0 0 0.998 0 0.031 0.001 0.006 0.001 0.006 0.393 0.3 0.921 0.386 0.953 0.921 0 0.799 0.765 0.808 0 0 1 0 1 1 0 1 1 1

1 bet 10, 2 raise 30
0 0 0 0 0 0 0.004 0.003 0.004 0.011 0.014 0.011 0 0 0 0 0 0 0 0 0 0 0 0 0.042 0.01 0.006 0.024 0.018 0 0 0 0.002 0.125 0.106 0.009 0 0 0.002 0.012 0.001 0.005 0 0 0.033 0.128 0.001 0.129 0.015 0.003 0.042 0.012 0.007 0.025 0.019 0 0 0 0.107 0.127 0.001 0.009 0 0 0.327 0.027 0.049 0 0 0 0 0.398 0 0 0 0.002 0 0 0.199 0 0.152 0.198 0 0.223 0.223 0.223 0 0 0 0 0 0 0 0 0 0 0 0 0 0 0 0 0 0 0 0 0 0 0 0.079 0 0.047 0.079 0 0.201 0.235 0.192 0 0 0 0 0 0 0 0 0 0

1 bet 10, 2 raise 30, 1 call  30
0.443 0.438 0.443 0.331 0 0 0 0 0 0 0 0 0 0 0.231 0 0.229 0.231 0 0.232 0.234 0.232 0.388 0.079 0.028 0 0 0 0.002 0.437 0.186 0.191 0.195 0.375 0 0.353 0.118 0.073 0 0 0 0.249 0.002 0.199 0.473 0.199 0.209 0.315 0 0.391 0.087 0.036 0 0 0 0.295 0.267 0.002 0.188 0.184 0.441 0.193 0.379 0 0.323 0.434 0.338 0.314 0 0 0 0.235 0.2 0.237 0 0.208 0.204 0.208 0.21 0.003 0 0 0.02 0 0.042 0.02 0 0.001 0.001 0.001 0 0 0.001 0.045 0 0 0.001 0 0.054 0 0 0.001 0 0 0.046 0 0 0 0 0 0 0.002 0 0.042 0.054 0 0.041 0 0 0.18 0 0 0 0 0 0.204 0 0.206 0.204 0 0.207 0.205 0.207

2 raise 30, 1 raise  80
0.021 0.009 0.02 0 0 0 0 0 0 0 0 0 0 0 0.318 0 0.315 0.318 0 0.32 0.323 0.32 0.612 0.921 0.972 0 0 0 0.005 0.562 0.005 0.005 0.011 0.214 0 0.647 0.882 0.927 0 0 0 0.751 0.01 0.016 0.513 0.016 0.02 0.199 0 0.609 0.913 0.964 0 0 0 0.705 0.733 0.004 0.004 0.004 0.557 0.008 0.205 0 0.677 0.209 0.48 0.496 0 0 0 0.765 0.8 0.763 0 0.202 0.202 0.202 0.214 0.499 0 0 0.98 0 0.958 0.98 0 0.999 0.999 0.999 0 0 0.235 0.383 0 0 0.18 1 0.392 0 0 0.235 1 1 0.382 0 0 0 1 1 1 0.65 0 0.02 0.045 1 0.019 1 1 0.024 1 1 1 0 0 0.408 0 0.411 0.408 0 0.415 0.412 0.415

root, 1 bet 15
0.749 0.724 0.75 0.893 0.293 0.271 0.292 0.067 0.284 0.256 0.284 0.186 0.353 0.344 0.352 0.353 0.353 0.352 0.35 0.333 0.326 0.334 0.281 0.562 0.598 0.34 0.309 0.383 0.546 0.367 0.483 0.481 0.504 0.534 0.454 0.443 0.601 0.617 0.336 0.323 0.401 0.492 0.558 0.481 0.484 0.48 0.502 0.642 0.473 0.278 0.565 0.602 0.342 0.311 0.384 0.529 0.486 0.547 0.482 0.482 0.368 0.502 0.532 0.454 0.483 0.294 0.643 0.704 0.232 0.19 0.323 0.509 0.444 0.509 0.365 0.428 0.415 0.427 0.346 0.528 0.446 0.388 0.387 0.413 0.378 0.388 0.387 0.461 0.472 0.462 0.345 0.431 0.613 0.478 0.466 0.434 0.564 0.442 0.44 0.479 0.43 0.612 0.443 0.443 0.479 0.467 0.345 0.114 0.432 0.425 0.432 0.409 0.418 0.56 0.592 0.393 0.563 0.396 0.393 0.518 0.319 0.315 0.32 0.376 0.386 0.354 0.376 0.354 0.354 0.455 0.317 0.314 0.317

1 bet 15, 2 call 15
0.998 0.998 0.998 0.999 0.999 0.999 0.004 0.005 0.004 0.323 0.325 0.322 0.107 0.14 0.106 0.345 0.327 0.345 0.678 0.709 0.678 0.713 0.683 0.713 0.999 0.918 0.907 0 0 0 0 0.999 1 0.002 0 0.231 0.085 1 0.996 0.992 0 0 0 0 0.998 0.16 1 0.137 0.507 0.001 0.999 0.92 0.909 0 0 0 0 0.999 0 0.002 1 0.231 0.091 1 0.781 0.826 0.987 0 0 0 0 0 0.384 0.593 0.369 0.636 0 0 0.89 0 0.957 0.895 0 0.712 0.592 0.717 0 0.031 0.998 0 0 0 0 0 0.887 0 0 0.021 0 0 0.998 0 0 0 0 0 0.366 0 0 1 0 1 1 0 1 0.999 1 0 0 0.998 0 1 0.998 0 0.998 0.996 0.998

1 bet 15, 2 raise 40
0 0 0 0 0 0 0 0 0 0 0 0 0 0 0 0 0 0 0 0 0 0 0 0 0.001 0.082 0.093 0 0 0 0 0 0 0.001 0.001 0 0 0 0.004 0.008 0 0 0 0 0 0.049 0 0.044 0 0 0.001 0.08 0.091 0 0 0 0 0 0.002 0.001 0 0 0 0 0.219 0.174 0.013 0 0 0 0 0.029 0.001 0 0.001 0 0 0 0.11 0 0.043 0.105 0 0.288 0.408 0.283 0 0 0 0 0 0 0 0 0 0 0 0 0 0 0 0 0 0 0 0 0 0 0 0 0 0 0 0 0 0.001 0 0 0 0.002 0 0 0.002 0 0.002 0.003 0.002

1 bet 15, 2 raise 40, 1 call  40
0 0 0 0 0 0 0 0 0 0 0 0 0 0 0.159 0 0.159 0.159 0 0.154 0.154 0.154 0 0.198 0.188 0 0 0 0 0.057 0 0 0 0.009 0 0.001 0.166 0.16 0 0 0 0.002 0 0.001 0.054 0.001 0 0.034 0 0 0.198 0.188 0 0 0 0.015 0.002 0 0 0 0.057 0 0.009 0 0 0.001 0.002 0.002 0 0 0 0 0 0 0.004 0 0 0 0 0 0 0 0 0 0 0 0 0 0 0 0.001 0 0 0.001 0 0 0 0 0 0 0 0 0 0 0.001 0 0 0 0 0 0 0 0 0 0 0 0 0 0 0 0 0 0 0 0 0.098 0 0.098 0.098 0 0.094 0.094 0.094

2 raise 40, 1 raise  75
0 0 0 0 0 0 0 0 0 0 0 0 0 0 0.688 0 0.688 0.688 0 0.693 0.693 0.693 1 0.761 0.78 0 0 0 0.001 0.735 0.06 0.07 0.092 0.522 0 0.999 0.723 0.74 0 0 0 0.998 0.074 0.061 0.643 0.061 0.087 0.496 0 1 0.763 0.781 0 0 0 0.985 0.998 0.001 0.072 0.062 0.736 0.094 0.523 0 1 0.654 0.29 0.304 0 0 0 1 1 1 0.217 0.296 0.29 0.295 0.309 0.275 0 0 1 0 1 1 0 1 1 1 0.001 0 0 0 0 0 0 1 0 0 0 0 1 1 0 0 0 0.001 1 1 1 0 0 0 0 1 0 1 1 0.001 1 1 1 0 0 0.655 0 0.655 0.655 0 0.66 0.66 0.66

root, 1 bet 20
0 0 0 0 0.648 0.668 0.647 0.906 0.534 0.572 0.534 0.651 0.288 0.318 0.17 0.288 0.169 0.17 0.356 0.172 0.171 0.172 0.562 0 0.011 0.658 0.687 0.475 0.335 0.476 0.303 0.283 0.32 0.328 0.332 0.39 0.001 0.008 0.662 0.67 0.49 0.24 0.303 0.296 0.342 0.297 0.353 0.198 0.313 0.565 0 0.009 0.657 0.684 0.473 0.185 0.224 0.334 0.28 0.3 0.475 0.32 0.332 0.329 0.39 0.606 0 0.001 0.764 0.802 0.668 0.205 0.291 0.206 0.475 0.363 0.4 0.364 0.551 0.351 0.44 0.26 0.378 0.279 0.382 0.378 0.264 0.417 0.407 0.416 0.542 0.296 0.378 0.422 0.282 0.305 0.43 0.543 0.42 0.289 0.297 0.379 0.546 0.543 0.42 0.283 0.653 0.883 0.454 0.436 0.454 0.482 0.581 0.276 0.242 0.543 0.272 0.54 0.541 0.271 0.67 0.667 0.669 0.206 0.214 0.115 0.207 0.125 0.115 0.279 0.044 0.03 0.044

1 bet 20, 2 call 20
0.563 0.535 0.563 0.484 0.519 0.484 0 0 0 0 0 0 0.06 0.063 0.06 0.004 0.005 0.004 0.501 0.506 0.501 0.373 0.372 0.373 0.637 0.75 0.759 0 0 0 0 0.552 0.999 0 0 0.005 0 1 0.804 0.818 0 0 0 0 0.545 0.005 0.999 0.005 0.295 0 0.639 0.75 0.759 0 0 0 0 0.546 0 0 0.999 0.002 0 1 0.357 0.658 0.676 0 0 0 0 0 0.135 0.152 0.125 0.332 0 0 0.803 0 0.85 0.801 0 0.578 0.56 0.576 0 0.004 0.994 0 0 0 0.001 0.001 0.924 0.001 0.001 0.004 0 0 0.994 0 0 0.009 0.001 0.009 0.492 0 0 0.998 0 0.999 0.998 0 0.687 0.324 0.687 0 0 0.921 0 0.915 0.921 0 0.929 0.925 0.929

1 bet 20, 2 raise 50
0.007 0.008 0.007 0.004 0.003 0.004 0 0 0 0 0 0 0 0 0 0 0 0 0 0 0 0 0 0 0.363 0.25 0.24 0 0 0 0 0 0 0 0 0 0 0 0.195 0.182 0 0 0 0 0 0 0 0 0 0 0.361 0.25 0.241 0 0 0 0 0 0 0 0 0 0 0 0.643 0.342 0.324 0 0 0 0 0 0 0 0 0 0 0 0.197 0 0.15 0.199 0 0.422 0.44 0.424 0 0 0 0 0 0 0 0 0 0 0 0 0 0 0 0 0 0 0 0 0 0 0 0.002 0 0.001 0.002 0 0.313 0.676 0.313 0 0 0.074 0 0.081 0.074 0 0.026 0.012 0.026

1 bet 20, 2 raise 50, 1 call  50
0.11 0.204 0.108 0.017 0 0 0 0 0 0 0 0 0 0 0.014 0 0.014 0.014 0 0.011 0.011 0.011 0 1 1 0 0 0 0 0 0 0.003 0 0.004 0 0 1 1 0 0 0 0 0 0 0.001 0 0 0.004 0 0 1 1 0 0 0 0 0 0 0.003 0 0 0 0.003 0 0 0 1 1 0 0 0 0 0 0 0 0 0 0 0 0 0 0 0 0 0 0 0 0 0 0 0 0 0 0 0 0 0 0 0 0 0 0 0 0 0 0 0 0 0 0 0 0 0 0 0 0 0 0 0 0 0 0 0 0 0 0.015 0 0.017 0.015 0 0.006 0.005 0.006

2 raise 50, 1 raise  70
0 0 0 0 0 0 0 0 0 0 0 0 0 0 0.986 0 0.985 0.986 0 0.989 0.989 0.989 1 0 0 0 0 0 0 1 0.004 0.017 0.003 0.996 0 1 0 0 0 0 0 1 0 0.001 0.999 0.001 0.001 0.995 0 1 0 0 0 0 0 1 1 0 0.017 0.004 1 0.004 0.997 0 1 1 0 0 0 0 0 1 1 1 0 0.54 0.468 0.54 0.454 0.968 0 0 1 0 1 1 0 1 1 1 0 0 0 0 0 0 0 1 0 0 0 0 1 1 0 0 0 0 1 1 1 0 0 0 0 1 0 1 1 0 1 1 1 0 0 0.985 0 0.983 0.985 0 0.994 0.995 0.994

root, 1 bet 25
0 0 0 0 0.005 0.006 0.005 0.01 0.009 0.01 0.009 0.013 0.004 0.002 0.004 0.004 0.003 0.004 0.006 0.002 0.005 0.002 0.004 0 0 0.001 0.001 0.01 0 0.001 0 0 0 0 0 0.001 0 0 0.002 0.002 0.002 0 0 0 0 0 0 0 0 0.003 0 0 0.001 0.001 0.01 0 0 0 0 0 0.001 0 0 0 0.001 0.004 0 0 0.003 0.008 0.007 0 0.002 0 0.001 0 0.001 0 0.007 0.001 0 0 0.003 0 0.002 0.003 0 0 0 0 0.001 0 0 0 0 0 0 0.002 0 0 0 0 0.001 0.002 0 0 0.001 0 0.001 0.001 0.001 0 0 0 0 0.004 0 0.003 0.004 0.001 0.004 0.004 0.004 0 0 0.001 0 0.002 0.001 0.001 0 0 0

1 bet 25, 2 call 25
0.134 0.131 0.134 0.109 0.114 0.109 0.005 0.008 0.005 0.002 0.002 0.002 0.164 0.173 0.164 0.068 0.058 0.068 0.316 0.319 0.316 0.281 0.277 0.281 0.019 0.512 0.516 0 0 0 0 0.132 0.504 0.112 0.093 0.073 0.006 0.99 0.58 0.586 0 0 0 0.004 0.087 0.166 0.48 0.166 0.132 0.01 0.018 0.51 0.515 0 0 0 0.001 0.133 0.093 0.112 0.484 0.074 0.007 0.994 0.166 0.597 0.576 0 0 0 0.001 0.005 0.256 0.264 0.255 0.193 0.002 0.006 0.46 0.004 0.462 0.46 0.006 0.446 0.446 0.446 0.001 0.116 0.39 0.152 0.16 0.095 0.116 0.121 0.341 0.12 0.084 0.114 0.159 0.151 0.389 0.093 0.002 0.148 0.161 0.147 0.191 0.001 0.013 0.572 0.001 0.619 0.572 0 0.509 0.467 0.508 0.001 0 0.394 0.001 0.396 0.394 0 0.372 0.371 0.372

1 bet 25, 2 raise 90
0.135 0.144 0.135 0.078 0.067 0.078 0 0 0 0 0 0 0.001 0.001 0.001 0 0 0 0.064 0.07 0.064 0.009 0.005 0.009 0.979 0.487 0.483 0 0 0 0 0 0.002 0 0 0 0 0.01 0.42 0.414 0 0 0 0.001 0.002 0.001 0.004 0.001 0.001 0.001 0.98 0.489 0.484 0 0 0 0 0 0 0 0.002 0 0 0.006 0.771 0.179 0.169 0 0 0 0.002 0.001 0.001 0.003 0.001 0.002 0.001 0.004 0.539 0.003 0.538 0.539 0.004 0.554 0.554 0.554 0 0.005 0.005 0.004 0.002 0.003 0.011 0.007 0.01 0.007 0.009 0.005 0.002 0.004 0.005 0.003 0 0.002 0.04 0.002 0.011 0.002 0.008 0.428 0.002 0.381 0.428 0.001 0.491 0.533 0.492 0.003 0.003 0.269 0.003 0.275 0.269 0 0.237 0.232 0.237

1 bet 25, 2 raise 90, 1 call  90
0 0 0 0 0 0 0 0 0 0 0 0 0 0 1 0 1 1 0 1 1 1 1 1 1 0 0 0 0 1 0.999 1 0.942 1 0 1 1 1 0 0 0 1 0 0.476 1 0.476 0.368 1 0 1 1 1 0 0 0 1 1 0 1 0.999 1 0.941 1 0 1 1 1 1 0 0 0 1 1 1 0 1 1 1 1 1 0 0 1 0 1 1 0 1 1 1 0 0 0 0 0 0 0 1 0 0 0 0 1 1 0 0 0 0 1 1 1 0 0 0 0 1 0 1 1 0 1 1 1 0 0 1 0 1 1 0 1 1 1
