game = '6-max Cash', preflop situation = 'EP openraise BB 3bet EP call', stack = '90', pot = '20', bets = '33 50 75 100 125'

OOP preflop range
6d5d_0.25 6h5h_0.25 6s5s_0.25 7h6h_0.25 7s6s_0.25 8c7c_0.25 8h7h_0.25 8s7s_0.25 9c8c_0.25 9d8d_0.25 9d9c_0.25 9s8s_0.25 9s9c_0.25 9s9d_0.25 Ac2c_0.50 Ac3c_0.25 Ac4c_0.25 Ac5c_0.25 Ac7c_0.50 Ac8c_0.25 AcJc_0.50 AcKc_1 AcKd_0.50 AcKh_0.50 AcKs_0.50 AcQc_1 AcTc_0.25 Ad2d_0.50 Ad3d_0.25 Ad4d_0.25 Ad5d_0.25 Ad6d_0.50 Ad8d_0.25 AdAc_1 AdJd_0.50 AdKc_0.50 AdKd_1 AdKh_0.50 AdKs_0.50 AdQd_1 AdTd_0.25 Ah2h_0.50 Ah3h_0.25 Ah4h_0.25 Ah5h_0.25 Ah6h_0.50 Ah7h_0.50 Ah8h_0.25 AhAc_1 AhAd_1 AhJh_0.50 AhKc_0.50 AhKd_0.50 AhKh_1 AhKs_0.50 AhQh_1 AhTh_0.25 As2s_0.50 As3s_0.25 As4s_0.25 As5s_0.25 As6s_0.50 As7s_0.50 As8s_0.25 AsAc_1 AsAd_1 AsAh_1 AsJs_0.50 AsKc_0.50 AsKd_0.50 AsKh_0.50 AsKs_1 AsQs_1 AsTs_0.25 JcTc_0.25 JdJc_0.75 JdTd_0.25 JhJc_0.75 JhJd_0.75 JhTh_0.25 JsJc_0.75 JsJd_0.75 JsJh_0.75 JsTs_0.25 Kc9c_0.25 KcJc_0.50 KcQc_1 KcTc_0.25 Kd9d_0.25 KdJd_0.50 KdKc_1 KdQd_1 KdTd_0.25 KhJh_0.50 KhKc_1 KhKd_1 KhQh_1 KhTh_0.25 Ks9s_0.25 KsJs_0.50 KsKc_1 KsKd_1 KsKh_1 KsQs_1 KsTs_0.25 QcJc_0.50 QdJd_0.50 QdQc_1 QhJh_0.50 QhQc_1 QhQd_1 QsJs_0.50 QsQc_1 QsQd_1 QsQh_1 Tc9c_0.25 Td9d_0.25 TdTc_0.50 ThTc_0.50 ThTd_0.50 Ts9s_0.25 TsTc_0.50 TsTd_0.50 TsTh_0.50

IP preflop range
6h6d_0.25 6s6d_0.25 6s6h_0.25 7h7c_0.50 7s7c_0.50 7s7h_0.50 8d8c_1 8h8c_1 8h8d_1 8s8c_1 8s8d_1 8s8h_1 9d9c_1 9s9c_1 9s9d_1 Ac2c_1 Ac3c_1 Ac4c_1 Ac5c_1 Ac7c_1 Ac8c_1 Ac9c_1 AcJc_1 AcQc_0.75 AcQd_1 AcQh_1 AcQs_1 AcTc_1 Ad2d_1 Ad3d_1 Ad4d_1 Ad5d_1 Ad6d_1 Ad8d_1 Ad9d_1 AdJd_1 AdQc_1 AdQd_0.75 AdQh_1 AdQs_1 AdTd_1 Ah2h_1 Ah3h_1 Ah4h_1 Ah5h_1 Ah6h_1 Ah7h_1 Ah8h_1 AhJh_1 AhQc_1 AhQd_1 AhQh_0.75 AhQs_1 AhTh_1 As2s_1 As3s_1 As4s_1 As5s_1 As6s_1 As7s_1 As8s_1 As9s_1 AsJs_1 AsQc_1 AsQd_1 AsQh_1 AsQs_0.75 AsTs_1 JcTc_0.50 JdJc_1 JdTd_0.50 JhJc_1 JhJd_1 JhTh_0.50 JsJc_1 JsJd_1 JsJh_1 JsTs_0.50 KcJc_1 KcQc_1 KcQd_0.50 KcQh_0.50 KcQs_0.50 KdJd_1 KdQc_0.50 KdQd_1 KdQh_0.50 KdQs_0.50 KhJh_1 KhQc_0.50 KhQd_0.50 KhQh_1 KhQs_0.50 KsJs_1 KsQc_0.50 KsQd_0.50 KsQh_0.50 KsQs_1 QcJc_0.50 QdJd_0.50 QdQc_1 QhJh_0.50 QhQc_1 QhQd_1 QsJs_0.50 QsQc_1 QsQd_1 QsQh_1 Tc9c_0.25 Td9d_0.25 TdTc_1 ThTc_1 ThTd_1 Ts9s_0.25 TsTc_1 TsTd_1 TsTh_1

root, 1 check
0.107 0.097 0.152 0.089 0.174 0.116 0.123 0.16 0.077 0.102 0.01 0.228 0.024 0.027 0.07 0.012 0.013 0 0.144 0.009 0.041 0.093 0.089 0.092 0.171 0.058 0.004 0.077 0.015 0.017 0 0.175 0.008 0.007 0.033 0.094 0.084 0.099 0.181 0.059 0.018 0.103 0.035 0.039 0 0.173 0.151 0.026 0.009 0.012 0.034 0.106 0.108 0.066 0.208 0.055 0.029 0.949 0.798 0.807 0.001 0.215 0.172 0.071 0.101 0.107 0.114 0.144 0.099 0.106 0.119 0.174 0.157 0.16 0.068 0.028 0.067 0.029 0.03 0.06 0.046 0.047 0.048 0.04 0.052 0 0 0 0.045 0 0.034 0 0 0 0.034 0.034 0.002 0 0.135 0.043 0.016 0.016 0.017 0.001 0.001 0.003 0.004 0.009 0.003 0.008 0.005 0.049 0.001 0 0 0.142 0.145 0.017 0.017 0.018 0.151 0.02 0.019 0.042

1 check, 2 check
0 0 0 0 0 0 0.404 0.549 0.479 0.469 0.41 0.523 0 0.001 0.001 0.335 0.398 0.401 0.721 0.985 0.03 0.785 0.327 0.665 0.447 0.45 0.463 0.534 0.347 0.411 0.413 0.703 1 0.066 0.8 0.337 0.459 0.66 0.465 0.478 0.531 0.356 0.425 0.427 0.754 1 0.974 0.112 0.35 0.49 0.492 0.688 0.509 0.622 0.895 0.93 0.931 0.918 1 0.931 0.485 0.732 0.498 0.859 0.867 0.88 0.711 0.74 0.472 0.715 0.467 0.714 0.714 0.508 0.802 0.801 0.796 0.403 0.323 0.419 0.292 0.294 0.375 0.317 0.285 0.416 0.286 0.368 0.328 0.302 0.302 0.436 0.389 0.439 0.514 0.515 0.519 0.628 0.306 0.3 0.123 0.299 0.131 0.136 0.258 0.15 0.156 0.162 0.189 0.193 0.283 0.167 0.169 0.418 0.334 0.334 0.224

1 check, 2 bet 7
0.553 0.5 0.514 0.523 0.503 0.501 0.285 0.262 0.272 0.293 0.305 0.277 0.526 0.531 0.533 0.323 0.309 0.308 0.178 0.015 0.547 0.172 0.316 0.201 0.291 0.29 0.24 0.256 0.314 0.3 0.299 0.177 0 0.523 0.163 0.308 0.284 0.206 0.282 0.231 0.254 0.305 0.289 0.289 0.154 0 0.026 0.497 0.299 0.268 0.266 0.191 0.209 0.212 0.095 0.064 0.063 0.039 0 0.069 0.28 0.122 0.262 0.082 0.079 0.074 0.157 0.112 0.363 0.204 0.365 0.205 0.205 0.346 0.164 0.165 0.168 0.296 0.273 0.282 0.29 0.289 0.222 0.274 0.29 0.282 0.288 0.223 0.268 0.287 0.285 0.278 0.221 0.317 0.286 0.285 0.283 0.202 0.297 0.297 0.292 0.294 0.288 0.289 0.314 0.346 0.348 0.344 0.489 0.493 0.312 0.316 0.315 0.39 0.316 0.315 0.316

2 bet 7, 1 call 7
1 1 1 0.982 0.997 1 1 0.763 0.98 0.99 0.919 0.451 0.605 0.538 0 0 0 0.989 0.999 0.999 0.944 0.999 0.484 0.464 0.374 0.997 0.118 0 0 0 0.979 1 0.999 0.893 0.922 0.391 0.999 0.393 0.303 0.997 0.1 0 0 0 0.699 0.999 0.999 0.999 0.936 0.96 0.856 0.372 0.392 0.998 0.274 0.995 0.095 0 0 0 0.002 0.487 0.63 0.987 0.227 0.249 0.236 0.477 0.675 0.693 0.687 0.698 0.514 0.01 0.998 0.684 0.998 0.673 0.656 0.998 0.353 0.348 0.33 0.994 0.665 0.663 0.45 0.981 0.578 0.635 0.091 0.453 0.968 0.601 0.125 0.085 0.431 0.984 0.477 0.013 0 0 0 0 0.219 0.975 0.972 0 0.969 0 0 0.314 0 0 0 0.55 0.55 0.553 0.479 0.493 0.838 0.19 0.205 0.081

2 bet 7, 1 raise 24
0 0 0 0.018 0.003 0 0 0.237 0.02 0.01 0.081 0.549 0.395 0.462 0.001 0.287 0.289 0.011 0 0.001 0.054 0 0.037 0.04 0.002 0.001 0.882 0.001 0.271 0.274 0.021 0 0.001 0.107 0.076 0.081 0 0.072 0.001 0.001 0.9 0 0.207 0.206 0.3 0 0.001 0.001 0.064 0.04 0.142 0.066 0.056 0 0.001 0.001 0.905 0 0 0 0.997 0.511 0.369 0.013 0.773 0.751 0.764 0.332 0.291 0.274 0.279 0.206 0.193 0.989 0.002 0.316 0.002 0.327 0.344 0.002 0.647 0.652 0.67 0.006 0.335 0.337 0.549 0.019 0.422 0.365 0.909 0.546 0.032 0.399 0.875 0.915 0.568 0.016 0.523 0.987 1 1 1 0.998 0.781 0.024 0.028 1 0.03 1 1 0.685 1 1 1 0.45 0.45 0.447 0.521 0.507 0.162 0.81 0.795 0.919

2 bet 7, 1 raise 24, 2 call 24
0.844 0.694 0.695 0.839 0.667 0.662 0.742 0.717 0.716 0.567 0.599 0.606 0.901 0.926 0.926 0 0 0 0.734 0.999 0.089 0.996 0.064 0.34 0.065 0.059 0.001 0.951 0 0 0 0.741 0.999 0.108 0.996 0.085 0.08 0.338 0.076 0.002 0.907 0 0 0 0.774 0.999 0.999 0.097 0.129 0.136 0.137 0.369 0.005 0.932 0 0 0 0.059 0.678 0.889 0.968 0.969 0 0 0 0 0 0.534 1 0.64 1 0.64 0.641 1 0.726 0.728 0.729 0.683 0.15 0.324 0.036 0.034 0.005 0.149 0.036 0.325 0.035 0.005 0.124 0.024 0.024 0.311 0.004 0 0 0 0 0.001 0 0 0.589 0 0.587 0.588 0 0.48 0.481 0.48 0.733 0.74 0.308 0.241 0.247 0.94 0.434 0.437 0.372

1 raise 24, 2 raise 83
0.156 0.306 0.305 0.161 0.333 0.338 0.258 0.283 0.284 0.433 0.401 0.394 0.099 0.074 0.074 0 0 0 0.001 0.001 0.911 0.004 0 0 0 0 0 0.048 0 0 0 0.001 0 0.892 0.004 0 0 0 0 0 0.092 0 0 0 0 0 0.001 0.903 0 0 0 0 0 0.068 0 0 0 0 0 0 0.032 0.006 0 0 0 0 0 0 0 0.359 0 0.36 0.359 0 0.273 0.272 0.271 0 0 0 0 0 0 0 0 0 0 0 0 0 0 0 0 0 0 0 0 0 0 0 0.411 0 0.413 0.412 0 0.52 0.519 0.52 0.267 0.26 0.691 0.758 0.753 0.06 0.566 0.563 0.627

1 check, 2 bet 10
0.42 0.397 0.403 0.411 0.406 0.405 0.219 0.167 0.201 0.212 0.237 0.177 0.427 0.425 0.425 0.257 0.244 0.243 0.097 0 0.409 0.044 0.284 0.133 0.251 0.25 0.253 0.198 0.248 0.236 0.235 0.11 0 0.398 0.037 0.274 0.241 0.134 0.239 0.243 0.197 0.25 0.234 0.233 0.082 0 0 0.382 0.269 0.229 0.228 0.121 0.232 0.161 0.009 0.006 0.006 0.042 0 0 0.208 0.099 0.227 0.059 0.054 0.046 0.132 0.111 0.165 0.08 0.168 0.08 0.081 0.146 0.033 0.033 0.036 0.259 0.271 0.227 0.271 0.27 0.25 0.272 0.27 0.226 0.268 0.25 0.262 0.258 0.256 0.216 0.239 0.241 0.197 0.197 0.195 0.168 0.304 0.306 0.393 0.307 0.388 0.39 0.371 0.38 0.382 0.379 0.307 0.308 0.298 0.321 0.322 0.191 0.271 0.271 0.293

2 bet 10, 1 call 10
1 1 1 0.997 0.998 1 1 1 0.992 0.992 0.995 0.361 0.994 0.994 0 0 0 0.995 1 0.994 0.957 0.998 0.054 0.083 0.092 0.991 0.311 0 0 0 0.994 0.999 0.995 0.489 0.942 0.005 0.998 0.028 0.041 0.988 0.258 0 0 0 0.993 0.999 0.999 0.993 0.535 0.58 0.922 0.007 0.02 0.996 0.057 0.983 0.151 0 0 0 0.011 0.437 0.597 0.922 0.253 0.285 0.26 0.134 0.704 0.715 0.735 0.69 0.357 0.005 0.998 0.512 0.998 0.51 0.511 0.998 0.265 0.272 0.258 0.986 0.954 0.82 0.475 0.958 0.898 0.814 0 0.45 0.948 0.731 0 0 0.403 0.944 0.687 0.002 0 0 0 0 0.338 0.933 0.929 0 0.864 0 0 0.189 0 0 0 0.553 0.559 0 0 0 0.788 0 0 0

2 bet 10, 1 raise 30
0 0 0 0.003 0.002 0 0 0 0.008 0.008 0.005 0.639 0.006 0.006 0 0 0 0.004 0 0.006 0.002 0 0 0 0 0 0.689 0 0 0 0.005 0 0.005 0.511 0.002 0 0 0 0 0 0.742 0 0 0 0.006 0 0 0.007 0.465 0.42 0.003 0 0 0 0 0 0.849 0 0.006 0.006 0.984 0.558 0.401 0.078 0.747 0.715 0.74 0.248 0.008 0.006 0.011 0.025 0.239 0.994 0.002 0.488 0.002 0.49 0.489 0.002 0.735 0.728 0.742 0.014 0.046 0.179 0.524 0.042 0.102 0.186 1 0.549 0.052 0.269 1 1 0.597 0.056 0.313 0.995 1 1 1 0.996 0.662 0.066 0.071 1 0.135 1 1 0.617 1 1 1 0.447 0.441 1 1 1 0.212 1 1 1

2 bet 10, 1 raise 30, 2 call 30
0.664 0.554 0.556 0.672 0.526 0.526 0.522 0.484 0.526 0.466 0.512 0.459 0.703 0.719 0.718 0 0 0 0.565 0.998 0.145 0.983 0 0.286 0.006 0.005 0 0.976 0 0 0 0.562 0.997 0.158 0.983 0.001 0.01 0.285 0.007 0 0.971 0 0 0 0.581 0.998 0.998 0.119 0.012 0.018 0.016 0.307 0 0.981 0 0 0 0 0.181 0.269 0.974 0.515 0 0.011 0.011 0.009 0 0.379 0.934 0.637 0.935 0.637 0.637 0.936 0.726 0.726 0.725 0.241 0.006 0.2 0.004 0.004 0 0.005 0.005 0.201 0.004 0 0.004 0.004 0.004 0.194 0 0 0 0 0 0 0 0 0.376 0 0.387 0.386 0 0.309 0.309 0.322 0.567 0.576 0.076 0.023 0.023 0.932 0.296 0.302 0.217

1 raise 30, 2 raise 80
0.336 0.446 0.444 0.328 0.474 0.474 0.478 0.516 0.474 0.534 0.488 0.541 0.297 0.281 0.282 0 0 0 0 0.001 0.855 0.017 0 0 0 0 0 0.023 0 0 0 0 0 0.842 0.017 0 0 0 0 0 0.029 0 0 0 0 0 0.001 0.881 0 0 0 0 0 0.018 0 0 0 0 0 0 0.026 0.008 0 0 0 0 0 0 0 0.363 0 0.363 0.363 0 0.274 0.274 0.275 0 0 0 0 0 0 0 0 0 0 0 0 0 0 0 0 0 0 0 0 0 0 0 0.624 0 0.613 0.614 0 0.691 0.691 0.678 0.433 0.424 0.923 0.977 0.977 0.068 0.703 0.697 0.782

1 check, 2 bet 15
0.026 0.103 0.082 0.066 0.091 0.094 0.092 0.022 0.048 0.026 0.049 0.022 0.047 0.043 0.042 0.062 0.048 0.047 0.004 0 0.014 0 0.072 0 0.01 0.009 0.043 0.012 0.065 0.052 0.052 0.01 0 0.014 0 0.08 0.016 0 0.014 0.048 0.018 0.063 0.05 0.048 0.011 0 0 0.008 0.083 0.013 0.014 0 0.05 0.004 0.001 0 0 0.001 0 0 0.027 0.046 0.012 0 0 0 0 0.036 0 0 0 0 0 0 0 0 0 0.041 0.132 0.072 0.131 0.128 0.15 0.136 0.131 0.076 0.129 0.152 0.142 0.126 0.127 0.07 0.145 0.003 0.003 0.003 0.003 0.002 0.093 0.096 0.181 0.1 0.181 0.178 0.057 0.102 0.099 0.1 0.015 0.006 0.106 0.166 0.165 0 0.078 0.078 0.145

2 bet 15, 1 call 15
0.998 0.997 0.997 0.974 0.952 0.993 0.993 0.946 0.858 0.913 0.987 0.523 0.987 0.987 0 0 0 0.89 0.997 0.136 0.419 0.811 0 0 0.087 0.955 0.002 0 0 0 0.914 0.994 0.037 0.12 0.407 0 0.843 0.001 0.081 0.959 0.002 0 0 0 0.747 0.991 0.996 0.03 0.202 0.235 0.401 0 0 0.851 0.08 0.95 0.001 0 0 0 0.004 0.459 0.757 0 0.302 0.328 0.352 0.06 0.213 0.211 0.269 0.452 0.28 0.02 0.982 0.409 0.98 0.4 0.395 0.954 0.217 0.207 0.196 0.89 0.995 0.34 0.944 0 0.995 0.322 0 0.949 0 0.371 0 0 0.946 0 0.994 0 0 0 0 0.195 0 0.759 0.77 0 0.76 0 0 0.004 0 0 0 0.557 0.578 0 0 0 0.69 0 0 0

2 bet 15, 1 raise 40
0.002 0.003 0.003 0.026 0.048 0.007 0.007 0.054 0.142 0.087 0.013 0.477 0.013 0.013 0 0 0 0.002 0 0.864 0 0 0 0 0 0 0.997 0 0 0 0.005 0 0.963 0.88 0 0 0 0 0 0 0.997 0 0 0 0.035 0 0 0.97 0.798 0.765 0 0 0 0 0 0 0.998 0.007 0.011 0.01 0.438 0.086 0.078 1 0.698 0.672 0.648 0.001 0 0 0 0.004 0.211 0.978 0.018 0.591 0.02 0.6 0.605 0.045 0.783 0.793 0.804 0.109 0.005 0.002 0.042 1 0.005 0.002 1 0.036 1 0.002 1 1 0.04 1 0.006 0.062 1 1 1 0.41 0.999 0.226 0.215 1 0.225 1 1 0.473 1 1 1 0.443 0.422 1 1 1 0.31 1 1 1

2 bet 15, 1 raise 40, 2 call 40
0.416 0.358 0.363 0.391 0.338 0.344 0.056 0.06 0.062 0.058 0.059 0.076 0.473 0.478 0.477 0 0 0 0.357 0.927 0.204 0.76 0 0.004 0 0 0 0.99 0 0 0 0.354 0.594 0.22 0.762 0 0 0.009 0 0 0.989 0 0 0 0.362 0.611 0.967 0.217 0 0 0 0.009 0 0.988 0 0 0 0 0 0 0.778 0.017 0 0 0 0 0 0 0.499 0.462 0.501 0.463 0.463 0.508 0.444 0.444 0.443 0.005 0 0 0 0 0 0 0 0 0 0 0 0 0 0 0 0 0 0 0 0 0 0 0.04 0 0.038 0.039 0 0.035 0.035 0.035 0.102 0.055 0.011 0.005 0.005 0.302 0.141 0.142 0.059

1 raise 40, 2 raise 75
0.584 0.642 0.637 0.609 0.662 0.656 0.944 0.94 0.938 0.942 0.941 0.924 0.527 0.522 0.523 0 0 0 0 0.003 0.796 0.24 0 0 0 0 0 0.002 0 0 0 0 0 0.78 0.238 0 0 0 0 0 0.004 0 0 0 0 0 0.003 0.783 0 0 0 0 0 0.003 0 0 0 0 0 0 0.222 0.014 0 0 0 0 0 0 0 0.51 0 0.506 0.506 0 0.452 0.452 0.446 0 0 0 0 0 0 0 0 0 0 0 0 0 0 0 0 0 0 0 0 0 0 0 0.96 0 0.962 0.961 0 0.965 0.965 0.965 0.898 0.945 0.989 0.995 0.995 0.698 0.657 0.653 0.757

1 check, 2 bet 20
0 0 0 0 0 0 0 0 0 0 0 0 0 0 0 0.022 0.001 0.001 0 0 0 0 0 0 0 0 0 0 0.026 0.001 0.001 0 0 0 0 0 0 0 0 0 0 0.026 0.003 0.003 0 0 0 0 0 0 0 0 0 0 0 0 0 0 0 0 0 0 0 0 0 0 0 0 0 0 0 0 0 0 0 0 0 0 0 0 0.017 0.019 0.004 0 0.023 0 0.028 0.007 0.001 0.026 0.028 0 0.006 0 0 0 0 0 0 0 0.011 0 0.012 0.006 0 0.022 0.014 0.015 0 0 0.001 0.029 0.029 0 0.001 0.001 0.021

2 bet 20, 1 call 20
0.324 0.312 0.403 0.268 0.245 0.283 0.288 0.239 0.395 0.408 0.3 0.389 0.294 0.299 0 0 0 0.118 0.355 0 0.041 0.252 0 0 0.036 0.286 0 0 0 0 0.029 0.35 0.001 0 0.039 0 0.249 0 0.047 0.291 0 0 0 0 0.022 0.326 0.33 0.001 0.012 0.042 0.03 0 0 0.253 0.047 0.281 0 0 0 0 0 0.086 0.114 0 0.097 0.124 0.13 0 0 0 0 0.081 0.139 0 0.245 0.081 0.247 0.078 0.082 0.03 0.035 0.039 0.036 0.213 0.729 0 0.192 0 0.709 0 0 0.182 0 0 0 0 0.238 0 0.575 0 0 0 0 0.052 0 0.18 0.196 0 0.2 0 0 0.078 0 0 0 0.282 0.285 0.003 0.006 0.009 0.215 0.001 0.001 0.002

2 bet 20, 1 raise 50
0.676 0.688 0.595 0.732 0.755 0.717 0.712 0.761 0.605 0.592 0.7 0.611 0.706 0.701 0 0 0 0.642 0.228 1 0 0.004 0 0 0.026 0.213 0.999 0 0 0 0.806 0.128 0.999 1 0 0 0.013 0 0.022 0.216 0.999 0 0 0 0.843 0.129 0.254 0.999 0.988 0.958 0 0 0 0.014 0.037 0.227 0.999 0 0 0 0.791 0.037 0.061 1 0.903 0.876 0.87 0 0.002 0 0 0.2 0.181 0.997 0.754 0.919 0.752 0.922 0.918 0.969 0.965 0.96 0.964 0.711 0.221 0.009 0.461 0.999 0.198 0 1 0.314 0.999 0 1 1 0.289 0.999 0.133 0.001 1 1 1 0.547 0.997 0.544 0.393 1 0.4 1 1 0.173 1 1 1 0.718 0.715 0.997 0.994 0.991 0.785 0.999 0.999 0.998

2 bet 20, 1 raise 50, 2 call 50
0 0 0 0 0 0 0.196 0.242 0.237 0.242 0.234 0.283 0 0 0 0 0 0 0.081 0.626 1 0.488 0 0 0 0 0 0.906 0 0 0 0.096 0.473 1 0.462 0 0 0 0 0 0.922 0 0 0 0.053 0.432 0.615 0.999 0 0 0 0 0 0.824 0 0 0 0 0 0.233 1 0.71 0 0 0 0 0 0.022 0.578 0.35 0.589 0.348 0.347 0.572 0.35 0.349 0.347 0 0 0 0 0 0 0 0 0 0 0 0 0 0 0 0 0 0 0 0 0 0 0 0.078 0 0.077 0.078 0 0.114 0.116 0.113 0.118 0.113 0.057 0.054 0.054 0.278 0.078 0.077 0.073

1 raise 50, 2 raise 70
1 1 1 1 1 1 0.804 0.758 0.763 0.758 0.766 0.717 1 1 1 0 0 0 0 0.372 0 0.512 0 0 0 0 0 0 0 0 0 0 0 0 0.538 0 0 0 0 0 0 0 0 0 0 0 0.384 0.001 0 0 0 0 0 0 0 0 0 0 0 0 0 0.29 0 0 0 0 0 0 0 0.65 0 0.652 0.653 0 0.65 0.651 0.653 0 0 0 0 0 0 0 0 0 0 0 0 0 0 0 0 0 0 0 0 0 0 0 0.922 0 0.923 0.922 0 0.886 0.884 0.887 0.882 0.887 0.943 0.946 0.946 0.722 0.922 0.923 0.927

1 check, 2 bet 25
0 0 0 0 0 0 0 0 0 0 0 0 0 0 0 0 0 0 0 0 0 0 0 0 0 0 0 0 0.001 0 0 0 0 0 0 0 0 0 0 0 0 0 0 0 0 0 0 0 0 0 0 0 0 0 0 0 0 0 0 0 0 0 0 0 0 0 0 0 0 0 0 0 0 0 0 0 0 0 0 0 0.001 0.001 0 0 0.001 0 0.001 0 0 0.001 0.001 0 0 0 0 0 0 0 0 0 0 0 0 0 0 0 0 0 0 0 0 0 0 0 0.001 0.001 0.001

2 bet 25, 1 call 25
0.213 0.208 0.146 0.032 0.029 0.084 0.074 0.033 0.005 0.005 0.113 0.005 0.111 0.112 0.005 0.001 0.001 0.047 0.012 0.181 0.094 0.044 0.002 0.002 0.003 0.079 0.128 0 0 0 0.037 0.025 0.151 0.055 0.09 0.012 0.048 0.012 0.012 0.079 0.122 0 0 0 0.033 0.022 0.012 0.173 0.06 0.061 0.087 0.015 0.016 0.05 0.016 0.079 0.123 0.003 0.002 0.002 0 0.002 0.002 0.279 0.058 0.059 0.058 0.04 0.012 0.013 0.013 0.013 0.052 0.115 0.111 0 0.114 0 0 0.115 0 0 0 0.028 0.124 0.001 0.079 0.02 0.121 0.001 0 0.075 0.02 0.001 0 0 0.07 0.024 0.125 0.004 0.004 0.004 0.005 0 0 0.001 0.001 0 0.001 0 0 0 0 0 0 0.011 0.011 0.001 0 0 0.001 0 0 0

2 bet 25, 1 raise 90
0.504 0.509 0.345 0.968 0.971 0.916 0.926 0.967 0.995 0.995 0.887 0.995 0.889 0.888 0.063 0.206 0.206 0.107 0.295 0.819 0.069 0.057 0.004 0.004 0.009 0.076 0.211 0.176 0.377 0.377 0.129 0.095 0.849 0.945 0.096 0.012 0.073 0.013 0.022 0.09 0.225 0.213 0.4 0.4 0.138 0.094 0.211 0.827 0.94 0.939 0.101 0.016 0.016 0.073 0.026 0.089 0.246 0.06 0.06 0.06 0.439 0.044 0.054 0.72 0.942 0.941 0.942 0.011 0.018 0.019 0.019 0.028 0.079 0.265 0.345 1 0.347 1 1 0.354 1 1 1 0.249 0.582 0.129 0.169 0.279 0.586 0.14 1 0.162 0.278 0.137 1 1 0.148 0.294 0.475 0.022 0.996 0.996 0.995 0.225 0.261 0.243 0.239 1 0.221 1 1 0.257 1 1 1 0.988 0.987 0.999 1 1 0.999 1 1 1

2 bet 25, 1 raise 90, 2 call 90
1 1 1 1 1 1 1 1 1 1 1 1 1 1 1 0 0 0 0 0.998 1 1 0 0 0 0 0 0.874 0 0 0 0 0.061 1 1 0 0 0 0 0 0.622 0 0 0 0 0.064 0.998 1 0 0 0 0 0 0.207 0 0 0 0 0 0.439 1 1 0 0 0 0 0 0 0 1 0 1 1 0 1 1 1 0 0 0 0 0 0 0 0 0 0 0 0 0 0 0 0 0 0 0 0 0 0 0 1 0 1 1 0 1 1 1 1 1 1 1 1 1 1 1 1

root, 1 bet 7
0.592 0.551 0.518 0.633 0.644 0.654 0.631 0.587 0.399 0.385 0.503 0.473 0.489 0.478 0.195 0.237 0.24 0 0.577 0.409 0.307 0.541 0.57 0.559 0.501 0.346 0.142 0.186 0.228 0.231 0 0.538 0.488 0.298 0.309 0.592 0.551 0.578 0.518 0.343 0.124 0.152 0.196 0.199 0.008 0.451 0.519 0.37 0.314 0.327 0.333 0.621 0.622 0.514 0.557 0.336 0.153 0.004 0.039 0.041 0.055 0.339 0.362 0.496 0.264 0.274 0.304 0.423 0.59 0.585 0.573 0.565 0.309 0.362 0.46 0.252 0.444 0.258 0.255 0.446 0.21 0.209 0.212 0.391 0.271 0.108 0.145 0.179 0.283 0.108 0.211 0.147 0.157 0.1 0.217 0.211 0.143 0.221 0.296 0.209 0.182 0.176 0.182 0.005 0.001 0.177 0.18 0.106 0.183 0.111 0.108 0.192 0.026 0.027 0.028 0.316 0.326 0.234 0.231 0.228 0.338 0.199 0.196 0.187

1 bet 7, 2 call 7
0.763 0.567 0.659 0.775 0.586 0.656 0.58 0.985 0.982 0.964 0.732 0.999 0.841 0.805 0.788 0.001 0.446 0.452 1 1 0.747 1 0.709 0.999 0.371 0.376 0.36 0.915 0.001 0.409 0.412 1 1 0.77 1 0.671 0.36 0.999 0.362 0.345 0.887 0 0.373 0.377 1 1 1 0.767 0.698 0.364 0.361 0.999 0.345 0.999 0 0 0 0.996 1 1 0.915 1 0.347 0.281 0.269 0.276 0.423 0.918 1 1 1 1 1 1 1 1 1 1 0.74 0.973 0.212 0.199 0.226 0.747 0.21 0.959 0.2 0.219 0.744 0.178 0.179 0.996 0.188 0.723 0.258 0.246 0.219 0.252 0.632 0.656 0.61 0.653 0.618 0.633 0.175 0.382 0.392 0.409 1 1 0.586 0.437 0.437 1 0.576 0.575 0.403

1 bet 7, 2 raise 24
0.237 0.433 0.341 0.225 0.414 0.344 0.42 0.015 0.018 0.036 0.268 0.001 0.159 0.195 0.212 0.004 0.104 0.103 0 0 0.253 0 0.288 0 0.093 0.088 0.072 0.085 0.002 0.109 0.11 0 0 0.23 0 0.327 0.103 0 0.086 0.066 0.113 0.002 0.101 0.099 0 0 0 0.233 0.299 0.103 0.088 0 0.073 0 0 0 0 0.001 0 0 0.085 0 0.013 0.003 0.002 0 0.094 0.082 0 0 0 0 0 0 0 0 0 0 0.26 0.027 0.152 0.141 0 0.253 0.163 0.041 0.129 0.001 0.256 0.192 0.179 0.004 0 0.092 0 0 0 0.001 0.367 0.344 0.39 0.347 0.382 0.367 0.823 0.618 0.608 0.591 0 0 0.414 0.563 0.563 0 0.424 0.425 0.597

1 bet 7, 2 raise 24, 1 call  24
0.995 0.992 0.997 0.727 0.646 0.975 0.984 0.788 0.65 0.92 0.542 0.45 0.53 0.53 0 0 0 0 0.995 0 0 0.643 0 0 0 0.539 0.016 0 0 0 0 0.976 0 0.09 0 0 0.632 0 0 0.539 0.008 0 0 0 0 0.874 0.992 0 0.221 0.201 0 0 0 0.577 0 0.517 0.001 0 0 0 0 0.569 0.791 0 0.26 0.246 0.232 0 0.199 0.164 0.228 0.32 0.483 0.001 0.996 0.337 0.996 0.356 0.359 0.996 0.32 0.325 0.341 0.954 0.997 0 0 0.139 0.997 0 0 0 0.144 0 0 0 0 0.026 0.998 0 0 0 0 0 0.814 0 0 0 0 0 0 0 0 0 0 0.364 0.407 0 0 0 0.184 0 0 0

2 raise 24, 1 raise  83
0.005 0.008 0.003 0.273 0.354 0.025 0.016 0.212 0.35 0.08 0.458 0.55 0.47 0.47 0 0 0 0 0 1 0 0 0 0 0 0 0.984 0 0 0 0 0 1 0.91 0 0 0 0 0 0 0.992 0 0 0 0 0 0 1 0.779 0.799 0 0 0 0 0 0 0.999 0 0 0 0 0 0 1 0.74 0.754 0.768 0 0 0 0 0 0 0.998 0.003 0.663 0.003 0.644 0.641 0.003 0.68 0.675 0.659 0 0.003 0 0 0.86 0.003 0 1 0 0.856 0 1 1 0 0.974 0.002 0 1 1 1 0 0.034 0 0 1 0 1 1 0 1 1 1 0.636 0.593 1 1 1 0.816 1 1 1

root, 1 bet 10
0.259 0.266 0.213 0.246 0.178 0.225 0.224 0.245 0.187 0.171 0.357 0.169 0.351 0.348 0.007 0.061 0.059 0.219 0.214 0.289 0.287 0.272 0.152 0.152 0.132 0.19 0.137 0.011 0.069 0.067 0.198 0.185 0.313 0.209 0.299 0.155 0.271 0.148 0.126 0.194 0.129 0.001 0.012 0.01 0.162 0.203 0.234 0.286 0.207 0.212 0.3 0.19 0.188 0.304 0.138 0.18 0.13 0 0 0 0.148 0.141 0.187 0.19 0.177 0.184 0.196 0.253 0.286 0.279 0.274 0.249 0.189 0.113 0.135 0.155 0.142 0.156 0.153 0.157 0.155 0.153 0.157 0.279 0.082 0.228 0.155 0.165 0.083 0.223 0.113 0.153 0.168 0.214 0.115 0.113 0.155 0.19 0.088 0.084 0.102 0.102 0.104 0.014 0.053 0.172 0.172 0.143 0.184 0.143 0.142 0.081 0.015 0.01 0.008 0.228 0.219 0.141 0.134 0.128 0.195 0.092 0.083 0.069

1 bet 10, 2 call 10
1 1 1 1 1 1 0.715 0.999 0.99 0.918 0.695 0.999 1 1 1 0 0 0 1 1 0.753 1 0.859 0.999 0.176 0.173 0.271 0.942 0 0 0 1 1 0.766 1 0.836 0.167 0.999 0.149 0.252 0.914 0 0 0 1 1 1 0.714 0.83 0.155 0.146 0.999 0.245 1 0 0 0 0.972 1 1 0.999 1 0.001 0.026 0.007 0.007 0.392 0.999 1 1 1 1 1 1 1 1 1 1 0.938 0.999 0.001 0.001 0.001 0.941 0.001 0.999 0.001 0.001 0.883 0.001 0.001 0.999 0.001 0.286 0.062 0.051 0.042 0.4 0.712 0.719 0.773 0.718 0.785 0.793 0.037 0.476 0.478 0.492 1 1 0.795 0.591 0.595 1 0.63 0.634 0.47

1 bet 10, 2 raise 30
0 0 0 0 0 0 0.285 0.001 0.01 0.082 0.305 0.001 0 0 0 0 0.067 0.067 0 0 0.247 0 0.13 0 0.03 0.025 0.005 0.058 0 0.052 0.054 0 0 0.234 0 0.151 0.042 0 0.029 0.005 0.086 0 0.032 0.032 0 0 0 0.286 0.155 0.032 0.024 0 0.005 0 0 0 0 0 0 0 0.001 0 0 0 0 0 0.001 0 0 0 0 0 0 0 0 0 0 0 0 0 0 0 0 0.001 0 0 0 0 0.031 0 0 0 0 0.117 0 0 0 0 0.283 0.277 0.227 0.278 0.215 0.207 0.651 0.524 0.522 0.508 0 0 0.205 0.409 0.405 0 0.37 0.366 0.53

1 bet 10, 2 raise 30, 1 call  30
0.849 0.765 0.868 0.354 0.286 0.631 0.751 0.427 0.367 0.409 0.248 0.191 0.226 0.227 0 0 0 0 0.613 0 0 0.5 0 0 0 0.384 0.003 0 0 0 0 0.339 0 0.013 0 0 0.536 0 0 0.388 0.002 0 0 0 0 0.279 0.511 0.003 0.085 0.074 0 0 0 0.437 0 0.368 0.001 0 0 0 0 0 0.029 0 0.127 0.117 0.082 0 0 0 0 0 0.257 0.001 0.602 0.156 0.598 0.169 0.188 0.588 0.057 0.088 0.111 0.181 0.703 0 0.079 0.587 0.7 0 0 0.079 0.588 0 0 0 0.039 0.508 0.95 0 0 0 0 0 0.148 0.002 0.001 0 0 0 0 0.149 0 0 0 0 0 0 0 0 0 0 0 0

2 raise 30, 1 raise  80
0.151 0.235 0.132 0.646 0.714 0.369 0.249 0.573 0.633 0.591 0.752 0.809 0.774 0.773 0 0 0 0 0 1 0 0.001 0 0 0 0 0.997 0 0 0 0 0 1 0.987 0 0 0.001 0 0 0 0.998 0 0 0 0 0 0 0.997 0.915 0.926 0 0 0 0.136 0 0 0.999 0 0 0 0 0 0 1 0.873 0.883 0.918 0 0 0 0 0 0 0.996 0 0.844 0 0.831 0.812 0 0.943 0.912 0.889 0 0.297 0 0 0.398 0.3 0 1 0 0.398 0 1 1 0 0.482 0.049 0 1 1 1 0 0.001 0 0 1 0 1 1 0 1 1 1 1 1 1 1 1 1 1 1 1

root, 1 bet 15
0.041 0.086 0.117 0.032 0.004 0.005 0.022 0.008 0.236 0.234 0.13 0.128 0.137 0.147 0.001 0.001 0.001 0.473 0.065 0.16 0.096 0.085 0.034 0.042 0.038 0.16 0.09 0.001 0.001 0.001 0.476 0.101 0.126 0.208 0.101 0.022 0.079 0.037 0.031 0.156 0.088 0.001 0.001 0.001 0.449 0.171 0.097 0.126 0.218 0.22 0.069 0.007 0.008 0.091 0.007 0.15 0.042 0 0 0 0.119 0.168 0.169 0.097 0.159 0.156 0.147 0.047 0.024 0.03 0.034 0.012 0.134 0.043 0.145 0.143 0.151 0.145 0.151 0.15 0.138 0.142 0.147 0.276 0.086 0.228 0.241 0.251 0.077 0.224 0.067 0.242 0.268 0.235 0.062 0.063 0.238 0.235 0.042 0.218 0.06 0.061 0.053 0.044 0.264 0.209 0.208 0.207 0.203 0.201 0.2 0.225 0.202 0.204 0.196 0.018 0.017 0.102 0.108 0.106 0.06 0.043 0.037 0.034

1 bet 15, 2 call 15
1 1 1 1 1 1 0.879 0.999 0.999 0.805 0.701 0.998 1 1 1 0 0 0 0.997 1 0.708 1 0.26 0.997 0 0 0.109 0.962 0 0 0 0.996 1 0.73 1 0.248 0 0.997 0 0.082 0.924 0 0 0 0.998 1 1 0.791 0.224 0 0 0.996 0.093 0.917 0 0 0 0.038 0.999 0.999 0.755 0.999 0 0 0 0 0.001 0.998 1 0.999 1 0.999 0.999 1 0.999 0.999 0.999 0.999 0.217 0.998 0 0 0.001 0.227 0 0.998 0 0.001 0.21 0 0 0.998 0.001 0 0 0 0 0.502 0 0 0.998 0 0.999 0.999 0 0.816 0.882 0.906 1 1 0.972 0.937 0.947 0.999 0.677 0.682 0.556

1 bet 15, 2 raise 40
0 0 0 0 0 0 0.121 0.001 0.001 0.195 0.299 0.002 0 0 0 0 0 0 0.002 0 0.292 0 0 0 0 0 0.032 0.038 0 0 0 0.004 0 0.27 0 0 0 0 0 0.028 0.076 0 0 0 0.001 0 0 0.209 0 0 0 0 0.005 0.083 0 0 0 0 0 0 0.245 0 0 0 0 0 0.032 0 0 0 0 0 0 0 0 0 0 0 0 0 0 0 0 0 0 0 0 0 0 0 0 0 0 0 0 0 0 0 0 0 0.002 0 0.001 0.001 0 0.184 0.118 0.094 0 0 0.028 0.063 0.053 0.001 0.323 0.318 0.444

1 bet 15, 2 raise 40, 1 call  40
0.756 0.747 0.76 0 0 0.02 0.062 0.055 0 0 0 0 0 0 0 0 0 0 0.015 0.683 0 0.351 0 0 0 0.14 0.164 0 0 0 0 0 0.667 0 0 0 0.377 0 0 0.096 0.1 0 0 0 0 0 0.005 0.604 0 0 0 0 0 0.378 0 0.121 0.043 0 0 0 0 0 0 0.73 0 0 0 0 0 0 0 0 0.033 0.165 0.203 0 0.217 0 0 0.181 0 0 0 0 0.874 0 0 0.027 0.844 0 0 0 0.043 0 0 0 0 0.115 0.995 0 0 0 0 0 0.001 0 0 0 0 0 0 0 0 0 0 0 0 0 0 0 0 0 0 0

2 raise 40, 1 raise  75
0.244 0.253 0.065 1 1 0.98 0.938 0.945 1 1 1 1 1 1 0 0 0 0 0 0.317 0 0.012 0 0 0 0.004 0.835 0 0 0 0 0 0.333 1 0 0 0.009 0 0 0.001 0.9 0 0 0 0 0 0 0.396 1 1 0 0 0 0.081 0 0.001 0.956 0 0 0 0 0 0 0.268 1 1 1 0 0 0 0 0 0 0.484 0 1 0 1 1 0 1 1 1 0 0.126 0 0 0 0.156 0 1 0 0 0 1 1 0 0 0.005 0 1 1 1 0 0 0 0 1 0 1 1 0 1 1 1 1 1 1 1 1 1 1 1 1

root, 1 bet 20
0 0 0 0 0 0 0 0 0.102 0.109 0 0.002 0 0 0.38 0.41 0.408 0.307 0 0.133 0.258 0.009 0.155 0.155 0.159 0.241 0.485 0.391 0.42 0.418 0.325 0 0.065 0.254 0.251 0.138 0.015 0.137 0.143 0.246 0.482 0.391 0.446 0.443 0.381 0.002 0 0.192 0.232 0.213 0.262 0.076 0.074 0.025 0.089 0.277 0.453 0.034 0.059 0.055 0.677 0.137 0.11 0.145 0.297 0.276 0.238 0.135 0 0 0 0 0.208 0.321 0.192 0.364 0.196 0.358 0.357 0.188 0.353 0.35 0.343 0.014 0.299 0.435 0.435 0.405 0.299 0.445 0.388 0.424 0.406 0.451 0.38 0.383 0.424 0.353 0.21 0.444 0.412 0.414 0.408 0.523 0.68 0.438 0.434 0.463 0.424 0.469 0.486 0.32 0.623 0.641 0.655 0.236 0.239 0.372 0.405 0.413 0.189 0.473 0.487 0.527

1 bet 20, 2 call 20
1 1 1 1 1 1 0.73 0.912 0.852 0.673 0.628 0.796 1 1 1 0 0 0 0.984 1 0.667 1 0 0.306 0 0 0 0.906 0 0 0 0.974 0.999 0.688 1 0 0 0.177 0 0 0.9 0 0 0 0.871 0.999 0.999 0.677 0 0 0 0.096 0 0.924 0 0 0 0.001 0.09 0.337 0.424 0.992 0 0 0 0 0 0.541 0.993 0.686 0.993 0.678 0.686 0.994 0.432 0.439 0.433 0.003 0.003 0.796 0 0 0 0.003 0 0.812 0 0 0.003 0 0 0.79 0 0 0 0 0 0.246 0 0 0.991 0 0.991 0.991 0 0.479 0.482 0.473 0.999 0.999 0.862 0.708 0.705 0.999 0.567 0.565 0.429

1 bet 20, 2 raise 50
0 0 0 0 0 0 0.27 0.088 0.148 0.327 0.372 0.204 0 0 0 0 0 0 0.001 0 0.332 0 0 0 0 0 0 0.093 0 0 0 0.001 0 0.312 0 0 0 0 0 0 0.098 0 0 0 0 0 0 0.323 0 0 0 0 0 0.073 0 0 0 0 0 0 0.576 0 0 0 0 0 0 0.031 0 0.001 0 0.001 0.001 0 0.001 0.001 0.001 0 0 0 0 0 0 0 0 0 0 0 0 0 0 0 0 0 0 0 0 0 0 0 0.009 0 0.009 0.009 0 0.521 0.518 0.527 0.001 0.001 0.138 0.292 0.295 0.001 0.432 0.435 0.57

1 bet 20, 2 raise 50, 1 call  50
0.998 0.998 0.994 0 0 0.285 0.355 0.5 0 0 0 0.291 0 0 0 0 0 0 0 0.997 0 0.814 0 0 0 0.02 0.637 0 0 0 0 0 0.997 0 0 0 0.885 0 0 0.022 0.624 0 0 0 0 0 0 0.998 0 0 0 0 0 0.943 0 0.031 0.62 0 0 0 0 0 0 0.998 0 0 0 0 0 0 0 0 0 0.384 0.107 0.008 0.117 0.008 0.009 0.01 0.004 0.004 0.004 0 0.568 0 0 0.127 0.568 0 0 0 0.134 0 0 0 0 0.249 0.964 0 0 0 0 0 0 0 0 0 0 0 0 0 0 0 0 0 0 0 0 0 0.004 0 0 0

2 raise 50, 1 raise  70
0.002 0.002 0 1 1 0.715 0.645 0.5 1 1 1 0.709 1 1 0 0 0 0 0 0.003 0 0.002 0 0 0 0 0.363 0 0 0 0 0 0.003 1 0 0 0.003 0 0 0 0.375 0 0 0 0 0 0 0.002 1 1 0 0 0 0.006 0 0 0.379 0 0 0 0 0 0 0.002 1 1 1 0 0 0 0 0 0 0.014 0 0.992 0 0.992 0.991 0 0.996 0.996 0.996 0 0.432 0 0 0 0.432 0 1 0 0 0 1 1 0 0 0.034 0 1 1 1 0 0 0 0 1 0 1 1 0 1 1 1 1 1 1 1 1 0.996 1 1 1

root, 1 bet 25
0 0 0 0 0 0 0 0 0 0 0 0 0 0 0.346 0.28 0.278 0 0 0 0.01 0 0 0 0 0.004 0.142 0.334 0.267 0.266 0 0 0 0.025 0.007 0 0 0 0 0.002 0.159 0.352 0.31 0.308 0 0 0 0 0.02 0.016 0.002 0 0 0 0 0.001 0.193 0.013 0.103 0.096 0 0 0 0 0.003 0.003 0.001 0 0 0 0 0 0.003 0 0 0.059 0 0.054 0.054 0 0.098 0.098 0.093 0 0.209 0 0.023 0 0.214 0 0.187 0.034 0 0 0.191 0.195 0.037 0 0.23 0.002 0.227 0.231 0.237 0.414 0 0.001 0.002 0.072 0.003 0.068 0.059 0.132 0.133 0.118 0.112 0.061 0.054 0.134 0.105 0.107 0.066 0.173 0.178 0.142

1 bet 25, 2 call 25
0.999 0.999 0.999 0.999 0.999 0.999 0.62 0.652 0.648 0.694 0.69 0.725 0.999 0.999 0.999 0 0 0 0 0.653 0.205 0.998 0 0 0 0 0 0.997 0 0 0 0 0.586 0.268 0.998 0 0 0 0 0 0.997 0 0 0 0 0.602 0.846 0.343 0 0 0 0 0 0.997 0 0 0 0 0.052 0.242 0.6 0.583 0 0 0 0 0 0.98 0.297 0.687 0.298 0.688 0.695 0.327 0.142 0.153 0.153 0 0 0.517 0.002 0.002 0 0 0.002 0.517 0.002 0 0 0.001 0.001 0.477 0 0 0 0 0 0.003 0 0 0.45 0 0.453 0.462 0 0.267 0.286 0.294 0.997 0.998 0.51 0.5 0.505 0.997 0.444 0.45 0.432

1 bet 25, 2 raise 90
0.001 0.001 0.001 0.001 0.001 0.001 0.38 0.348 0.352 0.306 0.31 0.275 0.001 0.001 0.001 0 0 0 0 0 0.795 0.001 0 0 0 0 0 0 0 0 0 0 0 0.732 0.001 0 0 0 0 0 0 0 0 0 0 0 0 0.657 0 0 0 0 0 0 0 0 0 0 0 0 0.4 0 0 0 0 0 0 0 0 0.002 0 0.002 0.002 0 0.001 0.001 0.001 0 0 0 0 0 0 0 0 0 0 0 0 0 0 0 0 0 0 0 0 0 0 0 0.55 0 0.547 0.538 0 0.733 0.714 0.706 0.002 0.002 0.489 0.499 0.495 0.002 0.555 0.55 0.567

1 bet 25, 2 raise 90, 1 call  90
1 1 1 1 1 1 1 1 1 1 1 1 1 1 0 0 0 0 0.001 1 0 0.99 0 0 0 0 1 0 0 0 0 0 1 1 0 0 0.991 0 0 0 1 0 0 0 0 0 0 1 1 1 0 0 0 0.991 0 0 1 0 0 0 0 0 0 1 1 1 1 0 0 0 0 0 0 0.996 0 1 0 1 1 0 1 1 1 0 1 0 0 0 1 0 1 0 0 0 1 1 0 0 1 0 1 1 1 0 0 0 0 1 0 1 1 0 1 1 1 1 1 1 1 1 1 1 1 1
