game = '6-max Cash', preflop situation = 'EP openraise BB 3bet EP call', stack = '90', pot = '20', bets = '33 50 75 100 125'

OOP preflop range
6c5c_0.25 6d5d_0.25 6h5h_0.25 6s5s_0.25 7c6c_0.25 7d6d_0.25 7h6h_0.25 8c7c_0.25 8d7d_0.25 8h7h_0.25 9c8c_0.25 9d8d_0.25 9d9c_0.25 9h8h_0.25 9h9c_0.25 9h9d_0.25 9s8s_0.25 9s9c_0.25 9s9d_0.25 9s9h_0.25 Ac2c_0.50 Ac3c_0.25 Ac4c_0.25 Ac5c_0.25 Ac6c_0.50 Ac7c_0.50 Ac8c_0.25 AcJc_0.50 AcKc_1 AcKd_0.50 AcKh_0.50 AcKs_0.50 AcQc_1 AcTc_0.25 Ad2d_0.50 Ad3d_0.25 Ad4d_0.25 Ad5d_0.25 Ad6d_0.50 Ad7d_0.50 Ad8d_0.25 AdAc_1 AdJd_0.50 AdKc_0.50 AdKd_1 AdKh_0.50 AdKs_0.50 AdQd_1 AdTd_0.25 Ah3h_0.25 Ah4h_0.25 Ah5h_0.25 Ah6h_0.50 Ah7h_0.50 Ah8h_0.25 AhAc_1 AhAd_1 AhJh_0.50 AhKc_0.50 AhKd_0.50 AhKh_1 AhKs_0.50 AhQh_1 AhTh_0.25 JcTc_0.25 JdJc_0.75 JdTd_0.25 JhJc_0.75 JhJd_0.75 JhTh_0.25 JsJc_0.75 JsJd_0.75 JsJh_0.75 JsTs_0.25 Kc9c_0.25 KcJc_0.50 KcQc_1 KcTc_0.25 Kd9d_0.25 KdJd_0.50 KdKc_1 KdQd_1 KdTd_0.25 Kh9h_0.25 KhJh_0.50 KhKc_1 KhKd_1 KhQh_1 KhTh_0.25 Ks9s_0.25 KsJs_0.50 KsKc_1 KsKd_1 KsKh_1 KsQs_1 KsTs_0.25 QcJc_0.50 QdJd_0.50 QdQc_1 QhJh_0.50 QhQc_1 QhQd_1 QsJs_0.50 QsQc_1 QsQd_1 QsQh_1 Tc9c_0.25 Td9d_0.25 TdTc_0.50 Th9h_0.25 ThTc_0.50 ThTd_0.50 Ts9s_0.25 TsTc_0.50 TsTd_0.50 TsTh_0.50

IP preflop range
6d6c_0.25 6h6c_0.25 6h6d_0.25 6s6c_0.25 6s6d_0.25 6s6h_0.25 7d7c_0.50 7h7c_0.50 7h7d_0.50 8d8c_1 8h8c_1 8h8d_1 8s8c_1 8s8d_1 8s8h_1 9d9c_1 9h9c_1 9h9d_1 9s9c_1 9s9d_1 9s9h_1 Ac2c_1 Ac3c_1 Ac4c_1 Ac5c_1 Ac6c_1 Ac7c_1 Ac8c_1 Ac9c_1 AcJc_1 AcQc_0.75 AcQd_1 AcQh_1 AcQs_1 AcTc_1 Ad2d_1 Ad3d_1 Ad4d_1 Ad5d_1 Ad6d_1 Ad7d_1 Ad8d_1 Ad9d_1 AdJd_1 AdQc_1 AdQd_0.75 AdQh_1 AdQs_1 AdTd_1 Ah3h_1 Ah4h_1 Ah5h_1 Ah6h_1 Ah7h_1 Ah8h_1 Ah9h_1 AhJh_1 AhQc_1 AhQd_1 AhQh_0.75 AhQs_1 AhTh_1 JcTc_0.50 JdJc_1 JdTd_0.50 JhJc_1 JhJd_1 JhTh_0.50 JsJc_1 JsJd_1 JsJh_1 JsTs_0.50 KcJc_1 KcQc_1 KcQd_0.50 KcQh_0.50 KcQs_0.50 KdJd_1 KdQc_0.50 KdQd_1 KdQh_0.50 KdQs_0.50 KhJh_1 KhQc_0.50 KhQd_0.50 KhQh_1 KhQs_0.50 KsJs_1 KsQc_0.50 KsQd_0.50 KsQh_0.50 KsQs_1 QcJc_0.50 QdJd_0.50 QdQc_1 QhJh_0.50 QhQc_1 QhQd_1 QsJs_0.50 QsQc_1 QsQd_1 QsQh_1 Tc9c_0.25 Td9d_0.25 TdTc_1 Th9h_0.25 ThTc_1 ThTd_1 Ts9s_0.25 TsTc_1 TsTd_1 TsTh_1

root, 1 check
0.073 0.073 0.001 0.014 0.001 0.001 0.002 0.001 0.001 0.002 0.536 0.536 0.311 0.14 0.252 0.252 0.048 0.2 0.2 0.182 0.734 0.86 0.845 0.815 0.771 0.11 0.732 0.516 0.143 0.116 0.079 0.003 0.489 0.641 0.734 0.86 0.845 0.815 0.771 0.11 0.732 0.674 0.515 0.116 0.143 0.079 0.003 0.489 0.641 0.865 0.866 0.841 0.837 0.206 0.827 0.59 0.59 0.532 0.158 0.158 0.105 0.015 0.48 0.723 0.999 0.905 0.999 0.915 0.915 0.76 0.319 0.319 0.338 0.116 0.999 0.999 0.945 0.999 0.999 0.999 0.831 0.945 0.999 0.993 0.815 0.789 0.789 0.748 0.978 0 0.042 0.453 0.453 0.409 0.267 0 0.765 0.765 0.687 0.543 0.677 0.676 0.314 0.553 0.553 0.576 0.909 0.909 0.489 0.517 0.373 0.373 0.004 0.231 0.231 0.193

1 check, 2 check
0.215 0.226 0.226 0.272 0.272 0.28 0 0 0 0.277 0.185 0.185 0.255 0.255 0.163 0.803 0.476 0.477 0.235 0.235 0.188 0 0.9 0.883 0.808 0.862 0 0.67 0.531 0.616 0.156 0.177 0.296 0.243 0.596 0 0.899 0.883 0.808 0.862 0 0.67 0.531 0.616 0.177 0.156 0.296 0.243 0.596 0.916 0.889 0.815 0.917 0 0.621 0.465 0.443 0.361 0.361 0.005 0.351 0.49 0.425 0.999 0.425 0.999 0.999 0.332 0.972 0.972 0.992 0.268 0.924 0.751 0.999 0.999 0.208 0.924 0.999 0.751 0.999 0.208 0.82 0.999 0.999 0.685 0.269 0.066 0.101 0.1 0.054 0.63 0.363 0.362 1 0.187 1 1 0.388 0.809 0.809 0.841 0.363 0.363 0.977 0.312 0.769 0.769 0.028 0.368 0.368 0.394

1 check, 2 bet 7
0.277 0.198 0.198 0.316 0.316 0.248 0.228 0.228 0.228 0.273 0.271 0.271 0.28 0.28 0.267 0.05 0.159 0.159 0.232 0.232 0.253 0.407 0.078 0.087 0.125 0.093 0.325 0.212 0.281 0.202 0.305 0.305 0.261 0.347 0.234 0.407 0.078 0.087 0.125 0.093 0.325 0.212 0.281 0.202 0.305 0.305 0.261 0.347 0.234 0.065 0.08 0.133 0.071 0.387 0.252 0.311 0.252 0.234 0.234 0.305 0.275 0.269 0.403 0 0.403 0 0 0.361 0.028 0.028 0.007 0.191 0.075 0.248 0 0 0.389 0.075 0 0.248 0 0.389 0.176 0 0 0.299 0.239 0.411 0.104 0.104 0.128 0.195 0.357 0.357 0 0.384 0 0 0.211 0.135 0.135 0.112 0.197 0.197 0.005 0.223 0.094 0.094 0.528 0.275 0.275 0.241

2 bet 7, 1 call 7
0 0 0 0.003 0.002 0.002 0.007 0.671 0.671 0.478 0 0 0.996 0.461 0.996 0.996 0.009 0.998 0.998 0.998 0.302 1 1 1 0.877 0 1 0.851 0 0 0 0.32 0.642 0.999 0.302 1 1 1 0.877 0 1 1 0.851 0 0 0 0.32 0.641 0.999 0.999 0.999 0.999 0.882 0 1 0.997 0.997 0.959 0 0 0 0.004 0.651 0.999 0 0.394 0 0.471 0.471 0 0.653 0.653 0.754 0.477 0 0 0 0 0 0 0.71 0 0 0 0 0.742 0.742 0 0 0.37 0.992 0.96 0.96 0.991 0.649 0.765 0 0 0.662 0 0.847 0.847 0.127 0.715 0.716 0.723 0 0 0.989 0.003 0.994 0.994 0.232 0.998 0.998 0.998

2 bet 7, 1 raise 24
0.306 0.306 0.999 0.997 0.998 0.998 0.993 0.329 0.329 0.522 0.001 0.001 0.002 0.008 0.002 0.002 0.991 0.002 0.002 0.002 0.698 0 0 0 0.123 1 0 0.149 1 1 1 0.68 0.358 0.001 0.698 0 0 0 0.123 1 0 0 0.149 1 1 1 0.68 0.359 0.001 0.001 0.001 0 0.118 1 0 0.003 0.003 0.041 1 1 1 0.996 0.349 0.001 0 0.004 0 0.003 0.003 0 0.346 0.346 0.245 0.523 0 0 0 0 0 0 0.003 0 0 0 0 0.002 0.002 0 0 0.63 0.008 0.04 0.04 0.009 0.351 0.235 0 0 0.11 0 0.13 0.13 0.873 0.284 0.284 0.277 0 0 0.001 0.001 0.002 0.002 0.768 0.002 0.002 0.002

2 bet 7, 1 raise 24, 2 call 24
0.001 0.004 0.004 0.381 0.381 0.448 0.995 0.994 0.994 0 0 0 0.279 0.279 0.352 0 0 0 0.215 0.215 0.289 0.998 1 1 1 1 0.997 0.999 0.999 0.998 0.624 0.609 0.485 0.998 0.999 0.998 1 1 1 1 0.997 0.999 0.999 0.998 0.609 0.624 0.485 0.998 0.999 1 1 1 1 0.999 1 0.999 0.998 0.963 0.964 0.89 0.998 0.999 0 0.002 0 0.003 0.003 0 0.011 0.011 0.015 0.998 0 0 0 0 0 0 0 0 0 0 0 0 0 0 0 0.997 0 0 0 1 0 0 0.002 0 0.003 0.003 1 0.005 0.005 0.006 0 0 0 0 0 0 1 0.177 0.177 0.272

1 raise 24, 2 raise 83
0 0 0 0 0 0 0.005 0.006 0.006 0 0 0 0 0 0 0 0 0 0 0 0 0.002 0 0 0 0 0.003 0.001 0.001 0.002 0.376 0.391 0.515 0.002 0.001 0.002 0 0 0 0 0.003 0.001 0.001 0.002 0.391 0.376 0.515 0.002 0.001 0 0 0 0 0.001 0 0.001 0.002 0.037 0.036 0.11 0.002 0.001 0 0 0 0 0 0 0 0 0 0.002 0 0 0 0 0 0 0 0 0 0 0 0 0 0 0 0.003 0 0 0 0 0 0 0 0 0 0 0 0 0 0 0 0 0 0 0 0 0 0 0 0

1 check, 2 bet 10
0.276 0.291 0.291 0.262 0.262 0.267 0.328 0.325 0.325 0.297 0.306 0.306 0.258 0.258 0.254 0.129 0.214 0.214 0.252 0.252 0.261 0.4 0.022 0.029 0.056 0.042 0.353 0.106 0.172 0.173 0.331 0.328 0.276 0.297 0.16 0.4 0.022 0.029 0.056 0.042 0.353 0.106 0.172 0.173 0.328 0.331 0.276 0.297 0.159 0.017 0.023 0.036 0.012 0.429 0.125 0.221 0.242 0.263 0.263 0.37 0.224 0.223 0.164 0 0.164 0 0 0.305 0 0 0 0.299 0 0.001 0 0 0.345 0 0 0.001 0 0.345 0.004 0 0 0.015 0.342 0.452 0.629 0.629 0.629 0.134 0.202 0.202 0 0.335 0 0 0.167 0.055 0.055 0.029 0.195 0.195 0.004 0.28 0.104 0.104 0.343 0.297 0.297 0.29

2 bet 10, 1 call 10
0 0 0 0.715 0.047 0.047 0.197 0.986 0.986 0.999 0 0 0.78 0 0.903 0.903 0.999 0.994 0.994 0.996 0.175 0.992 0.994 0.996 0.801 0 1 0.879 0 0 0 0.48 0.699 0.999 0.175 0.992 0.994 0.996 0.801 0 1 1 0.879 0 0 0 0.48 0.699 0.999 1 1 1 0.855 0 1 1 1 0.999 0 0 0 0.093 0.698 0.999 0 0.131 0 0.276 0.276 0 0.791 0.791 0.961 0.999 0 0 0 0 0 0 0.368 0 0 0 0 0.479 0.479 0 0 0.999 1 0.999 0.999 0.999 0.861 0.999 0 0 0.371 0 0.448 0.448 0.497 0.761 0.761 0.757 0 0 0.224 0 0.325 0.325 0.999 0.998 0.998 0.998

2 bet 10, 1 raise 30
0.007 0.007 0.167 0.285 0.952 0.952 0.803 0.013 0.013 0.001 0 0 0 0 0 0 0.001 0 0 0 0.825 0.008 0.006 0.004 0.199 1 0 0.121 1 1 1 0.52 0.301 0.001 0.825 0.008 0.006 0.004 0.199 1 0 0 0.121 1 1 1 0.52 0.301 0.001 0 0 0 0.145 1 0 0 0 0.001 1 1 1 0.907 0.302 0.001 0 0 0 0 0 0 0.208 0.208 0.038 0.001 0 0 0 0 0 0 0 0 0 0 0 0 0 0 0 0.001 0 0 0 0 0.139 0.001 0 0 0.121 0.001 0.167 0.167 0.503 0.239 0.239 0.242 0 0 0 0 0 0 0.001 0 0 0

2 bet 10, 1 raise 30, 2 call 30
0 0 0 0.147 0.147 0.329 0.99 0.99 0.99 0 0 0 0.071 0.071 0.164 0 0 0 0.041 0.041 0.145 0.567 0.999 0.999 0.999 0.999 0.882 0.998 0.997 0.997 0.547 0.545 0.4 0.992 0.997 0.567 0.999 0.999 0.999 0.999 0.882 0.998 0.997 0.997 0.545 0.546 0.4 0.992 0.997 0.999 0.999 0.999 0.999 0.999 0.997 0.982 0.998 0.722 0.722 0.643 0.997 0.968 0 0 0 0 0 0 0 0 0 0.49 0 0 0 0 0 0 0 0 0 0 0 0 0 0 0 0.977 0 0 0 0.999 0 0 0 0 0 0 1 0 0 0 0 0 0 0 0 0 0.818 0.03 0.03 0.129

1 raise 30, 2 raise 80
0 0 0 0 0 0 0.01 0.01 0.01 0 0 0 0 0 0 0 0 0 0 0 0 0.433 0.001 0.001 0.001 0.001 0.118 0.002 0.003 0.003 0.453 0.455 0.6 0.008 0.003 0.433 0.001 0.001 0.001 0.001 0.118 0.002 0.003 0.003 0.455 0.454 0.6 0.008 0.003 0.001 0.001 0.001 0.001 0.001 0.003 0.018 0.002 0.278 0.278 0.357 0.003 0.032 0 0 0 0 0 0 0 0 0 0.51 0 0 0 0 0 0 0 0 0 0 0 0 0 0 0 0.023 0 0 0 0.001 0 0 0 0 0 0 0 0 0 0 0 0 0 0 0 0 0.182 0 0 0

1 check, 2 bet 15
0.166 0.183 0.183 0.127 0.127 0.102 0.27 0.274 0.274 0.099 0.145 0.145 0.149 0.149 0.187 0.009 0.123 0.123 0.163 0.163 0.188 0.134 0 0.001 0.011 0.003 0.184 0.012 0.016 0.008 0.138 0.138 0.125 0.094 0.009 0.134 0 0.001 0.011 0.003 0.184 0.012 0.016 0.008 0.138 0.138 0.125 0.094 0.009 0.002 0.009 0.017 0 0.178 0.002 0.002 0.062 0.112 0.112 0.219 0.063 0.017 0.001 0 0.001 0 0 0.001 0 0 0 0.224 0 0 0 0 0.058 0 0 0 0 0.058 0 0 0 0 0.15 0.067 0.161 0.161 0.176 0.041 0.052 0.052 0 0.052 0 0 0.156 0.001 0.001 0.019 0.015 0.015 0.012 0.177 0.032 0.032 0.101 0.058 0.058 0.072

2 bet 15, 1 call 15
0 0 0 0.997 0.988 0.988 0.999 0.998 0.998 0.999 0 0 0.025 0 0.108 0.108 0.999 0.477 0.477 0.557 0.193 0.995 0.997 0.998 0.685 0 1 0.999 0 0 0 0.98 0.705 0.999 0.193 0.995 0.997 0.998 0.685 0 1 1 0.999 0 0 0 0.98 0.705 0.999 1 1 1 1 0 1 1 1 0.999 0.232 0.232 0.402 0.992 0.551 0.999 0 0.002 0 0.019 0.019 0 0.832 0.832 0.94 0.999 0 0 0 0 0 0 0.077 0 0 0 0 0.168 0.168 0 0 0.999 0.999 0.777 0.777 0.855 0.996 0.999 0 0 0.13 0 0.21 0.21 0.995 0.908 0.908 0.94 0 0 0 0 0.001 0.001 0.999 0.608 0.608 0.638

2 bet 15, 1 raise 40
0.001 0.001 0.001 0.003 0.011 0.011 0 0 0 0 0 0 0 0 0 0 0.001 0 0 0 0.807 0.005 0.003 0.002 0.315 1 0 0.001 1 1 1 0.02 0.295 0.001 0.807 0.005 0.003 0.002 0.315 1 0 0 0.001 1 1 1 0.02 0.295 0.001 0 0 0 0 1 0 0 0 0.001 0.768 0.768 0.598 0.008 0.449 0.001 0 0 0 0 0 0 0 0 0 0.001 0 0 0 0 0 0 0 0 0 0 0 0 0 0 0 0.001 0.001 0 0 0 0.004 0.001 0 0 0.161 0.001 0.185 0.185 0.005 0.088 0.088 0.057 0 0 0 0 0 0 0.001 0 0 0

2 bet 15, 1 raise 40, 2 call 40
0 0 0 0 0 0.074 0.289 0.191 0.191 0 0 0 0 0 0 0 0 0 0 0 0 0.017 0.979 0.983 0.983 0.909 0.115 0.992 0.992 0.991 0.001 0.217 0.134 0.394 0.992 0.018 0.979 0.983 0.983 0.909 0.115 0.992 0.992 0.991 0.217 0.001 0.135 0.394 0.992 0.989 0.988 0.99 0.996 0.482 0.986 0.988 0.959 0.059 0.059 0.001 0.096 0.991 0 0 0 0 0 0 0 0 0 0.006 0 0 0 0 0 0 0 0 0 0 0 0 0 0 0 0.001 0 0 0 0.035 0 0 0 0 0 0 0.408 0 0 0 0 0 0 0 0 0 0.026 0 0 0

1 raise 40, 2 raise 75
0 0 0 0 0 0 0.711 0.809 0.809 0 0 0 0 0 0 0 0 0 0 0 0 0.983 0.001 0.001 0.001 0.001 0.885 0.006 0.007 0.009 0.999 0.524 0.556 0.606 0.007 0.982 0.001 0.001 0.001 0.001 0.885 0.006 0.007 0.009 0.524 0.999 0.557 0.606 0.007 0.011 0.012 0.01 0.004 0.518 0.014 0.012 0.041 0.941 0.941 0.999 0.904 0.009 0 0 0 0 0 0 0 0 0 0.994 0 0 0 0 0 0 0 0 0 0 0 0 0 0 0 0.999 0 0 0 0.965 0 0 0 0 0 0 0.592 0 0 0 0 0 0 0 0 0 0.974 0 0 0

1 check, 2 bet 20
0.043 0.102 0.102 0.023 0.023 0.104 0.172 0.17 0.17 0.036 0.089 0.089 0.058 0.058 0.129 0.009 0.026 0.026 0.117 0.117 0.109 0.058 0 0 0 0 0.138 0 0.001 0.001 0.046 0.032 0.026 0.017 0.001 0.058 0 0 0 0 0.138 0 0.001 0.001 0.032 0.046 0.026 0.017 0.001 0 0 0 0 0.005 0 0 0.001 0.028 0.028 0.089 0.065 0 0.005 0 0.005 0 0 0 0 0 0 0.019 0 0 0 0 0 0 0 0 0 0 0 0 0 0 0 0.005 0.006 0.006 0.013 0.001 0.026 0.026 0 0.042 0 0 0.078 0 0 0 0.087 0.087 0.002 0.007 0.002 0.002 0 0.001 0.001 0.004

2 bet 20, 1 call 20
0 0 0 0.997 0.872 0.872 0.996 0.482 0.482 0.927 0 0 0 0 0 0 0.998 0.02 0.02 0.087 0.239 0.926 0.947 0.955 0.627 0.055 0.762 0.991 0.053 0.053 0.064 0.426 0.498 0.996 0.239 0.926 0.947 0.955 0.627 0.055 0.762 0.998 0.992 0.053 0.053 0.064 0.426 0.498 0.996 0.997 0.997 0.998 0.99 0.099 0.998 0.998 0.998 0.995 0.168 0.168 0.217 0.475 0.496 0.998 0 0 0 0 0 0 0.397 0.397 0.482 0.998 0 0 0 0 0 0 0 0 0 0 0 0 0 0 0 0.996 0.997 0.508 0.508 0.558 0.987 0.997 0 0 0.148 0 0.182 0.182 0.994 0.713 0.713 0.785 0 0 0 0 0 0 0.999 0.341 0.341 0.392

2 bet 20, 1 raise 50
0 0 0 0.003 0.122 0.122 0 0.032 0.032 0 0 0 0 0 0 0 0.002 0 0 0 0.761 0.073 0.053 0.045 0.185 0.945 0.002 0.008 0.947 0.947 0.936 0.574 0.502 0.003 0.761 0.074 0.053 0.045 0.185 0.945 0.002 0.002 0.008 0.947 0.947 0.936 0.574 0.502 0.003 0.003 0.003 0.002 0.002 0.901 0.002 0.002 0.002 0.005 0.832 0.832 0.783 0.525 0.504 0.002 0 0 0 0 0 0 0 0 0 0.002 0 0 0 0 0 0 0 0 0 0 0 0 0 0 0 0.004 0.003 0 0 0 0.013 0.003 0 0 0.168 0 0.196 0.196 0.006 0 0 0 0 0 0 0 0 0 0.001 0 0 0

2 bet 20, 1 raise 50, 2 call 50
0 0 0 0 0 0.001 0.011 0.006 0.006 0 0 0 0 0 0 0 0 0 0 0 0 0 0.998 0.998 0.998 0.997 0.003 0.997 0.997 0.995 0 0.022 0 0.137 0.997 0 0.998 0.998 0.998 0.997 0.003 0.997 0.997 0.995 0.022 0 0 0.137 0.997 0.989 0.989 0.99 0.992 0.41 0.999 0.999 0.996 0 0 0 0.004 0.999 0 0 0 0 0 0 0 0 0 0.003 0 0 0 0 0 0 0 0 0 0 0 0 0 0 0 0.002 0 0 0 0.002 0 0 0 0 0 0 0.002 0 0 0 0 0 0 0 0 0 0.003 0 0 0

1 raise 50, 2 raise 70
0 0 0 0 0 0 0.989 0.994 0.994 0 0 0 0 0 0 0 0 0 0 0 0 1 0.001 0.001 0.002 0.002 0.997 0.003 0.003 0.005 1 0.9 0.988 0.863 0.003 1 0.001 0.001 0.002 0.002 0.997 0.003 0.003 0.005 0.901 1 0.988 0.863 0.003 0.011 0.011 0.01 0.008 0.59 0.001 0.001 0.004 1 1 1 0.996 0.001 0 0 0 0 0 0 0 0 0 0.997 0 0 0 0 0 0 0 0 0 0 0 0 0 0 0 0.998 0 0 0 0.998 0 0 0 0 0 0 0.998 0 0 0 0 0 0 0 0 0 0.997 0 0 0

1 check, 2 bet 25
0.023 0 0 0 0 0 0.002 0.003 0.003 0.018 0.003 0.003 0 0 0 0 0.001 0.001 0.001 0.001 0 0 0 0 0 0 0 0 0 0 0.022 0.02 0.016 0.001 0 0 0 0 0 0 0 0 0 0 0.02 0.022 0.016 0.001 0 0 0 0 0 0 0 0 0 0.001 0.001 0.013 0.022 0 0.002 0 0.002 0 0 0 0 0 0 0 0 0 0 0 0 0 0 0 0 0 0 0 0 0 0 0 0 0 0 0 0 0 0 0 0 0 0 0 0 0 0.142 0.142 0 0 0 0 0 0 0 0

2 bet 25, 1 call 25
0 0 0 0.006 0.212 0.212 0.313 0.107 0.107 0.208 0 0 0 0 0 0 0.173 0.007 0.007 0.112 0.209 0.382 0.382 0.37 0.335 0.054 0.276 0.27 0.067 0.067 0.072 0.075 0.241 0.355 0.209 0.382 0.382 0.37 0.335 0.054 0.277 0.509 0.27 0.067 0.067 0.072 0.075 0.241 0.355 0.396 0.396 0.397 0.361 0.101 0.34 0.53 0.53 0.365 0.116 0.116 0.12 0.106 0.223 0.452 0 0.001 0 0.026 0.026 0 0.207 0.207 0.265 0.313 0 0 0 0 0 0 0.068 0 0 0 0 0.073 0.073 0 0 0.384 0.251 0.194 0.194 0.202 0.168 0.347 0 0 0.26 0.001 0.269 0.269 0.212 0.29 0.29 0.312 0 0 0 0 0 0 0.396 0.033 0.033 0.205

2 bet 25, 1 raise 90
0 0 0 0.994 0.001 0.001 0.058 0 0 0 0 0 0 0 0 0 0.827 0 0 0 0.791 0.503 0.505 0.519 0.409 0.946 0.154 0.567 0.933 0.933 0.928 0.925 0.759 0.444 0.791 0.503 0.505 0.519 0.409 0.946 0.154 0.491 0.567 0.933 0.933 0.928 0.925 0.759 0.444 0.4 0.401 0.396 0.288 0.899 0.136 0.47 0.47 0.387 0.884 0.884 0.88 0.894 0.777 0.402 0 0 0 0 0 0 0 0 0 0.687 0 0 0 0 0 0 0 0 0 0 0 0 0 0 0 0.616 0.749 0 0 0 0.832 0.653 0 0 0.011 0 0.037 0.037 0.788 0 0 0 0 0 0 0 0 0 0.604 0 0 0

2 bet 25, 1 raise 90, 2 call 90
0 0 0 0 0 0 1 1 1 0 0 0 0 0 0 0 0 0 0 0 0 1 0 0 0 0.001 1 1 1 1 1 1 1 1 1 1 0 0 0 0.001 1 1 1 1 1 1 1 1 1 0.001 0.002 0.998 1 1 1 1 1 1 1 1 1 1 0 0 0 0 0 0 0 0 0 1 0 0 0 0 0 0 0 0 0 0 0 0 0 0 0 1 0 0 0 1 0 0 0 0 0 0 1 0 0 0 0 0 0 0 0 0 1 0 0 0

root, 1 bet 7
0.442 0.442 0.427 0.601 0.112 0.112 0.249 0.142 0.142 0.243 0.378 0.378 0.141 0.443 0.119 0.119 0.246 0.312 0.312 0.283 0.173 0.108 0.119 0.145 0.19 0.313 0.221 0.403 0.173 0.163 0.188 0.333 0.27 0.331 0.173 0.108 0.119 0.145 0.19 0.313 0.221 0.289 0.403 0.163 0.173 0.188 0.333 0.27 0.331 0.106 0.105 0.13 0.119 0.256 0.136 0.358 0.358 0.363 0.137 0.137 0.23 0.34 0.27 0.246 0.001 0.049 0.001 0.038 0.038 0.158 0.215 0.215 0.218 0.232 0.001 0 0.051 0.001 0.001 0 0.169 0.051 0.001 0.007 0.183 0.203 0.203 0.188 0.022 0.49 0.375 0.435 0.435 0.453 0.362 0.397 0.177 0.177 0.224 0.254 0.228 0.228 0.275 0.243 0.243 0.251 0.089 0.089 0.186 0.326 0.158 0.158 0.275 0.276 0.276 0.273

1 bet 7, 2 call 7
0.998 0.998 0.998 0.68 0.68 0.668 0.553 0.567 0.567 0.38 0.534 0.534 0.641 0.641 0.678 0 0.002 0.002 0.745 0.745 0.982 0.528 0.887 0.893 0.881 0.897 0.241 0.999 0.999 0.999 0.648 0.73 0.719 0.975 0.999 0.528 0.887 0.893 0.881 0.897 0.241 0.999 0.999 0.999 0.731 0.648 0.719 0.975 0.999 0.999 0.981 0.938 1 0.564 0.999 0.93 0.999 0.751 0.751 0.754 0.963 0.992 0 0.432 0 0.24 0.24 0.276 0.843 0.844 0.998 1 0 0 0 0 0.061 0 0 0 0 0.061 0 0 0 0.282 0 1 0.315 0.315 0.017 1 0 0 0.999 0.012 0.999 0.999 1 0.999 0.999 1 0 0 0 0.462 0.001 0.001 1 0.696 0.696 0.817

1 bet 7, 2 raise 24
0.002 0.002 0.002 0.32 0.32 0.331 0.447 0.433 0.433 0.001 0.001 0.001 0.358 0.358 0.322 0 0 0 0.248 0.248 0.016 0.472 0.113 0.107 0.119 0.103 0.759 0.001 0.001 0.001 0.352 0.27 0.281 0.025 0.001 0.472 0.113 0.107 0.119 0.103 0.759 0.001 0.001 0.001 0.269 0.352 0.281 0.025 0.001 0.001 0.019 0.062 0 0.436 0.001 0.07 0.001 0.249 0.249 0.246 0.037 0.008 0 0 0 0 0 0 0.156 0.156 0.001 0 0 0 0 0 0.239 0 0 0 0 0.239 0 0 0 0 0.001 0 0.324 0.324 0.016 0 0 0 0 0 0 0 0 0.001 0.001 0 0 0 0 0 0 0 0 0.194 0.194 0.003

1 bet 7, 2 raise 24, 1 call  24
0 0 0 0 0.44 0.44 0.957 0.376 0.376 0.956 0 0 0 0 0 0 0.702 0 0 0.009 0.407 1 1 1 1 0 1 0.998 0 0 0 0.43 0.975 0.999 0.407 1 1 1 1 0 1 1 0.998 0 0 0 0.429 0.975 0.999 1 1 1 1 0.234 1 1 1 0.998 0 0 0 0.476 0.901 0.999 0 0 0 0 0 0 0.184 0.184 0.29 0.319 0 0 0 0 0 0 0.001 0 0 0 0 0.014 0.014 0 0 0.999 0.722 0.401 0.401 0.504 0.268 0.613 0 0 0 0 0 0 0.337 0.585 0.584 0.753 0 0 0 0 0 0 0.011 0.002 0.002 0.068

2 raise 24, 1 raise  83
0 0 0 1 0 0 0 0 0 0 0 0 0 0 0 0 0.298 0 0 0 0.593 0 0 0 0 1 0 0.002 1 1 1 0.57 0.025 0.001 0.593 0 0 0 0 1 0 0 0.002 1 1 1 0.571 0.025 0.001 0 0 0 0 0.766 0 0 0 0.002 1 1 1 0.524 0.099 0.001 0 0 0 0 0 0 0 0 0 0.681 0 0 0 0 0 0 0 0 0 0 0 0 0 0 0 0.001 0.278 0 0 0 0.732 0.387 0 0 0 0 0 0 0.663 0 0 0 0 0 0 0 0 0 0.989 0 0 0

root, 1 bet 10
0.184 0.184 0.305 0.235 0.196 0.196 0.27 0.165 0.165 0.205 0.079 0.079 0.031 0.267 0.029 0.029 0.265 0.203 0.203 0.184 0.046 0.031 0.036 0.04 0.033 0.244 0.041 0.076 0.123 0.132 0.112 0.274 0.096 0.027 0.046 0.031 0.036 0.04 0.033 0.244 0.041 0.037 0.076 0.132 0.123 0.112 0.274 0.096 0.027 0.029 0.03 0.029 0.043 0.249 0.034 0.052 0.052 0.097 0.103 0.103 0.145 0.25 0.103 0.031 0 0.01 0 0.001 0.001 0.042 0.151 0.151 0.156 0.273 0 0 0 0 0 0 0 0 0 0 0.001 0.008 0.008 0.027 0 0.239 0.2 0.092 0.092 0.12 0.148 0.185 0.056 0.056 0.034 0.143 0.035 0.035 0.273 0.095 0.094 0.091 0 0 0.027 0.092 0.027 0.027 0.259 0.183 0.183 0.162

1 bet 10, 2 call 10
0.714 0.824 0.824 0.997 0.997 0.997 0.652 0.558 0.558 0.378 0.446 0.446 0.87 0.87 0.992 0.002 0.004 0.004 0.393 0.393 0.409 0.999 0.982 0.991 0.998 1 0.989 1 0.999 0.999 0.776 0.857 0.791 1 0.999 0.999 0.983 0.991 0.998 1 0.989 1 0.999 0.999 0.856 0.776 0.792 1 0.999 0.996 0.996 0.997 1 0.999 1 0.999 0.999 0.951 0.95 0.997 1 0.999 0 0.136 0 0.151 0.151 0 0.631 0.631 0.626 1 0 0 0 0 0 0 0 0 0 0 0 0 0 0.194 0 1 0.566 0.567 0.451 1 0 0 0.6 0 0.593 0.594 1 0.999 0.999 0.999 0 0 0.001 0 0.003 0.003 1 0.348 0.348 0.369

1 bet 10, 2 raise 30
0.001 0.001 0.001 0.002 0.002 0.002 0.348 0.442 0.442 0.001 0.001 0.001 0.085 0.085 0.002 0 0 0 0.017 0.017 0.001 0.001 0.018 0.009 0.002 0 0.011 0 0.001 0.001 0.224 0.143 0.209 0 0.001 0.001 0.017 0.009 0.002 0 0.011 0 0.001 0.001 0.144 0.224 0.208 0 0.001 0.004 0.004 0.003 0 0.001 0 0.001 0.001 0.049 0.05 0.003 0 0.001 0 0 0 0 0 0 0.002 0.002 0 0 0 0 0 0 0.006 0 0 0 0 0.006 0 0 0 0.085 0.002 0 0.221 0.222 0.056 0 0 0 0 0 0 0 0 0 0 0 0 0 0 0 0 0 0 0.001 0.001 0.001

1 bet 10, 2 raise 30, 1 call  30
0 0 0 0 0.272 0.272 0.31 0.317 0.317 0.283 0 0 0 0 0 0 0.009 0.035 0.035 0.117 0.477 0.636 0.632 0.637 0.27 0.094 0.533 0.321 0.032 0.032 0.005 0.152 0.564 0.553 0.476 0.636 0.631 0.637 0.269 0.094 0.533 1 0.32 0.032 0.031 0.005 0.151 0.565 0.552 0.417 0.425 0.442 0.107 0.11 0.57 1 1 0.382 0 0 0.001 0.012 0.655 0.605 0 0 0 0 0 0 0.011 0.011 0.017 0 0 0 0 0 0 0 0 0 0 0 0 0 0 0 0 0.993 0.422 0 0 0.001 0.696 0.681 0 0 0 0 0 0 0 0.001 0.001 0.076 0 0 0 0 0 0 0.001 0.059 0.059 0.091

2 raise 30, 1 raise  80
0 0 0 1 0 0 0 0 0 0 0 0 0 0 0 0 0.991 0 0 0 0.523 0 0 0 0 0.906 0 0.002 0.968 0.968 0.995 0.848 0.272 0.001 0.524 0 0 0 0 0.906 0 0 0.002 0.968 0.969 0.995 0.849 0.271 0.001 0 0.001 0.001 0.001 0.89 0.001 0 0 0.002 1 1 0.999 0.988 0.345 0.001 0 0 0 0 0 0 0 0 0 1 0 0 0 0 0 0 0 0 0 0 0 0 0 0 0 0.007 0.577 0 0 0 0.299 0.319 0 0 0 0 0 0 1 0 0 0 0 0 0 0 0 0 0.999 0 0 0

root, 1 bet 15
0.233 0.233 0.186 0.144 0.48 0.48 0.326 0.45 0.45 0.376 0.006 0.006 0.311 0.132 0.31 0.31 0.285 0.234 0.234 0.202 0.041 0 0 0 0.005 0.259 0.004 0.005 0.295 0.33 0.362 0.39 0.082 0.001 0.041 0 0 0 0.005 0.259 0.004 0 0.005 0.33 0.295 0.362 0.39 0.082 0.001 0 0 0 0 0.236 0.002 0 0 0.008 0.299 0.299 0.323 0.395 0.107 0 0 0.022 0 0.031 0.031 0.004 0.218 0.218 0.205 0.243 0 0 0 0 0 0 0 0 0 0 0 0 0 0.015 0 0.268 0.299 0.02 0.02 0.018 0.152 0.34 0 0 0.037 0.046 0.035 0.035 0.103 0.079 0.079 0.06 0.001 0.001 0.249 0.049 0.226 0.226 0.361 0.22 0.22 0.203

1 bet 15, 2 call 15
0.018 0.138 0.138 0.497 0.497 0.588 0.975 0.987 0.987 0.02 0.106 0.106 0.441 0.441 0.483 0 0.001 0.001 0.101 0.101 0.121 0.998 0.999 0.999 0.999 0.998 0.996 0.999 0.999 0.999 0.97 0.99 0.987 0.998 0.999 0.998 0.999 0.999 0.999 0.998 0.996 0.999 0.999 0.999 0.99 0.97 0.987 0.998 0.999 1 1 1 1 0.998 0.999 0.999 0.999 0.993 0.993 0.995 0.998 0.999 0 0 0 0 0 0 0.388 0.388 0.411 1 0 0 0 0 0.014 0 0 0 0 0.014 0 0 0 0.047 0.005 1 0.449 0.449 0.427 1 0 0 0.028 0 0.045 0.045 1 0.859 0.859 0.898 0 0 0 0 0 0 1 0.007 0.007 0.06

1 bet 15, 2 raise 40
0 0 0 0 0 0 0.025 0.013 0.013 0 0 0 0 0 0 0 0 0 0 0 0 0.002 0.001 0.001 0.001 0.002 0.004 0.001 0.001 0.001 0.03 0.01 0.013 0.002 0.001 0.002 0.001 0.001 0.001 0.002 0.004 0.001 0.001 0.001 0.01 0.03 0.013 0.002 0.001 0 0 0 0 0.002 0.001 0.001 0.001 0.007 0.007 0.005 0.002 0.001 0 0 0 0 0 0 0 0 0 0 0 0 0 0 0 0 0 0 0 0 0 0 0 0 0 0 0 0 0 0 0 0 0 0 0 0 0 0 0 0 0 0 0 0 0 0 0 0 0 0

1 bet 15, 2 raise 40, 1 call  40
0 0 0 0.19 0.032 0.032 0.011 0.036 0.036 0.013 0 0 0 0 0 0 0.199 0.001 0.001 0.001 0.179 0.001 0.001 0.001 0.001 0 0.001 0 0.013 0.013 0.013 0 0.026 0.001 0.179 0.001 0.001 0.001 0.001 0 0.001 0.001 0 0.013 0.013 0.013 0 0.026 0.001 0.004 0.004 0.004 0.004 0.124 0.379 0.507 0.507 0.006 0 0 0 0 0.242 0.165 0 0 0 0 0 0 0.001 0.001 0.001 0.206 0 0 0 0 0 0 0 0 0 0 0 0 0 0 0 0.26 0.234 0.001 0.001 0.001 0.197 0.237 0 0 0 0 0 0 0.198 0 0 0 0 0 0 0 0 0 0.228 0.001 0.001 0.001

2 raise 40, 1 raise  75
0 0 0 0.8 0 0 0 0 0 0 0 0 0 0 0 0 0.791 0 0 0 0.82 0 0 0 0 1 0.001 0.002 0.986 0.986 0.987 1 0.376 0.001 0.82 0 0 0 0 1 0.001 0.999 0.002 0.986 0.986 0.987 1 0.376 0.001 0.003 0.003 0.002 0.001 0.876 0.001 0.493 0.493 0.003 1 1 1 1 0.525 0.002 0 0 0 0 0 0 0 0 0 0.747 0 0 0 0 0 0 0 0 0 0 0 0 0 0 0 0.624 0.674 0 0 0 0.663 0.674 0 0 0 0 0 0 0.683 0 0 0 0 0 0 0 0 0 0.74 0 0 0

root, 1 bet 20
0.056 0.056 0.014 0.006 0.208 0.208 0.153 0.23 0.23 0.172 0 0 0.205 0 0.286 0.286 0.07 0.035 0.035 0.086 0.001 0 0 0 0 0.069 0 0.001 0.217 0.231 0.255 0 0.054 0 0.001 0 0 0 0 0.069 0 0 0.001 0.231 0.217 0.255 0 0.054 0 0 0 0 0.001 0.053 0.001 0 0 0 0.243 0.243 0.194 0 0.039 0 0 0.013 0 0.015 0.015 0.001 0.094 0.094 0.069 0.135 0 0 0.003 0 0 0 0 0.003 0 0 0 0 0 0.02 0 0.003 0.084 0 0 0 0.066 0.077 0.001 0.001 0.019 0.009 0.026 0.026 0.035 0.025 0.025 0.018 0 0 0.048 0.002 0.216 0.216 0.077 0.062 0.062 0.135

1 bet 20, 2 call 20
0 0 0 0.005 0.005 0.142 0.989 0.992 0.992 0 0 0 0.143 0.143 0.212 0 0 0 0 0 0.001 0.998 0.995 0.995 0.992 0.875 0.996 0.998 0.77 0.986 0.946 0.942 0.957 0.998 0.505 0.998 0.995 0.995 0.992 0.875 0.996 0.998 0.77 0.986 0.942 0.946 0.957 0.998 0.505 0.999 0.999 0.999 0.999 0.998 0.999 0.999 0.998 0.97 0.97 0.995 0.999 0.998 0 0 0 0 0 0 0.102 0.102 0.131 0.999 0 0 0 0 0.024 0 0 0 0 0.024 0 0 0 0 0.015 0.998 0 0 0 0.998 0 0 0 0 0 0 0.999 0.386 0.386 0.428 0 0 0 0 0 0 0.999 0 0 0

1 bet 20, 2 raise 50
0 0 0 0 0 0 0.011 0.008 0.008 0 0 0 0 0 0 0 0 0 0 0 0 0.002 0.002 0.002 0.004 0.007 0.004 0.002 0.002 0.001 0.049 0.051 0.039 0.002 0.001 0.002 0.002 0.002 0.004 0.007 0.004 0.002 0.002 0.001 0.051 0.049 0.039 0.002 0.001 0.001 0.001 0.001 0.001 0.002 0.001 0.001 0.002 0.024 0.024 0.005 0.001 0.001 0 0 0 0 0 0 0 0 0 0.001 0 0 0 0 0 0 0 0 0 0 0 0 0 0 0 0.002 0 0 0 0.002 0 0 0 0 0 0 0.001 0 0 0 0 0 0 0 0 0 0.001 0 0 0

1 bet 20, 2 raise 50, 1 call  50
0 0 0 0.609 0.068 0.068 0.134 0.08 0.08 0.152 0 0 0 0 0 0 0.624 0 0 0 0.072 0.001 0.001 0 0 0.001 0 0.001 0 0 0 0 0.156 0.001 0.072 0.001 0.001 0 0 0.001 0 0 0.001 0 0 0 0 0.156 0.001 0.019 0.018 0.011 0.006 0.004 0.017 0.325 0.325 0.025 0 0 0 0 0.199 0.025 0 0 0 0 0 0 0 0 0 0.687 0 0 0 0 0 0 0 0 0 0 0 0 0 0 0 0.585 0.643 0 0 0 0.514 0.617 0 0 0 0 0 0 0.56 0 0 0 0 0 0 0 0 0 0.653 0 0 0

2 raise 50, 1 raise  70
0 0 0.003 0.391 0.001 0.001 0.002 0.002 0.002 0.002 0.001 0.001 0.002 0.003 0.003 0.003 0.376 0.003 0.003 0.003 0.928 0 0 0.001 0.001 0.999 0.003 0.004 1 1 1 1 0.844 0.004 0.928 0 0 0.001 0.001 0.999 0.003 1 0.004 1 1 1 1 0.844 0.004 0.008 0.008 0.008 0.008 0.996 0.009 0.675 0.675 0.009 1 1 1 1 0.801 0.009 0.001 0.006 0.001 0.006 0.006 0.002 0.003 0.003 0.002 0.313 0.001 0.001 0.005 0.001 0.001 0.001 0.001 0.005 0.001 0.001 0.002 0.001 0.001 0.004 0.002 0.415 0.357 0.001 0.001 0.001 0.486 0.383 0.004 0.004 0.009 0.004 0.003 0.003 0.44 0.002 0.002 0.001 0.001 0.001 0.003 0.002 0.003 0.003 0.347 0.003 0.003 0.002

root, 1 bet 25
0.011 0.011 0.066 0 0.003 0.003 0.001 0.011 0.011 0 0 0 0.002 0.017 0.005 0.005 0.086 0.017 0.017 0.063 0.004 0 0 0 0 0.005 0.002 0 0.049 0.028 0.004 0 0.008 0 0.004 0 0 0 0 0.005 0.002 0 0 0.028 0.049 0.004 0 0.008 0 0 0 0 0 0 0 0 0 0 0.06 0.06 0.004 0 0.001 0 0 0 0 0 0 0.035 0.004 0.004 0.014 0 0 0 0 0 0 0 0 0 0 0 0 0 0 0.002 0 0 0 0 0 0 0.005 0 0 0 0 0.005 0 0 0 0.006 0.006 0.004 0 0 0.001 0.015 0.001 0.001 0.023 0.028 0.028 0.034

1 bet 25, 2 call 25
0 0 0 0 0 0.001 0.687 0.715 0.715 0 0 0 0.001 0.001 0.001 0 0 0 0 0 0 0.997 0.801 0.818 0.689 0.538 0.996 0.886 0.644 0.677 0.4 0.474 0.446 0.968 0.549 0.997 0.801 0.818 0.689 0.537 0.996 0.886 0.644 0.677 0.474 0.4 0.446 0.968 0.549 0.996 0.996 0.993 0.91 0.999 0.997 0.984 0.991 0.547 0.547 0.656 0.986 0.825 0 0 0 0 0 0 0 0 0 0.708 0 0 0 0 0 0 0 0 0 0 0 0 0 0 0 0.634 0 0 0 0.751 0 0 0 0 0 0 0.81 0.082 0.082 0.08 0 0 0 0 0 0 0.833 0 0 0

1 bet 25, 2 raise 90
0 0 0 0 0 0 0.313 0.285 0.285 0 0 0 0 0 0 0 0 0 0 0 0 0.003 0.171 0.161 0.013 0.004 0.004 0.024 0.006 0.011 0.583 0.503 0.528 0.032 0.004 0.003 0.171 0.161 0.013 0.004 0.004 0.024 0.006 0.011 0.503 0.583 0.528 0.032 0.004 0.003 0.003 0.003 0.002 0.001 0.002 0.001 0.002 0.367 0.367 0.344 0.013 0.002 0 0 0 0 0 0 0 0 0 0.292 0 0 0 0 0 0 0 0 0 0 0 0 0 0 0 0.366 0 0 0 0.249 0 0 0 0 0 0 0.19 0 0 0 0 0 0 0 0 0 0.166 0 0 0

1 bet 25, 2 raise 90, 1 call  90
0 0 0 1 0 0 0 0 0 0 0 0 0 0 0 0 1 0 0 0 1 0.001 0.001 0.002 0.002 1 0.011 0.451 1 1 1 1 1 0.17 1 0.001 0.001 0.002 0.002 1 0.011 1 0.451 1 1 1 1 1 0.17 0.009 0.01 0.364 0.029 1 1 1 1 1 1 1 1 1 1 1 0 0 0 0 0 0 0 0 0 1 0 0 0 0 0 0 0 0 0 0 0 0 0 0 0 1 1 0 0 0 1 1 0 0 0 0 0 0 1 0 0 0 0 0 0 0 0 0 1 0 0 0
