game = '6-max Cash', preflop situation = 'EP openraise BB 3bet EP call', stack = '90', pot = '20', bets = '33 50 75 100 125'

OOP preflop range
6c5c_0.25 6d5d_0.25 6h5h_0.25 6s5s_0.25 7d6d_0.25 7h6h_0.25 7s6s_0.25 8d7d_0.25 8h7h_0.25 8s7s_0.25 9c8c_0.25 9d8d_0.25 9d9c_0.25 9h8h_0.25 9h9c_0.25 9h9d_0.25 9s8s_0.25 9s9c_0.25 9s9d_0.25 9s9h_0.25 Ac2c_0.50 Ac3c_0.25 Ac4c_0.25 Ac5c_0.25 Ac6c_0.50 Ac8c_0.25 AcJc_0.50 AcKc_1 AcKd_0.50 AcKh_0.50 AcKs_0.50 AcQc_1 AcTc_0.25 Ad2d_0.50 Ad3d_0.25 Ad4d_0.25 Ad5d_0.25 Ad6d_0.50 Ad7d_0.50 Ad8d_0.25 AdAc_1 AdKc_0.50 AdKd_1 AdKh_0.50 AdKs_0.50 AdQd_1 Ah2h_0.50 Ah3h_0.25 Ah4h_0.25 Ah5h_0.25 Ah6h_0.50 Ah7h_0.50 Ah8h_0.25 AhAc_1 AhAd_1 AhJh_0.50 AhKc_0.50 AhKd_0.50 AhKh_1 AhKs_0.50 AhQh_1 AhTh_0.25 As2s_0.50 As3s_0.25 As4s_0.25 As5s_0.25 As6s_0.50 As7s_0.50 As8s_0.25 AsAc_1 AsAd_1 AsAh_1 AsJs_0.50 AsKc_0.50 AsKd_0.50 AsKh_0.50 AsKs_1 AsQs_1 AsTs_0.25 JcTc_0.25 JhJc_0.75 JhTh_0.25 JsJc_0.75 JsJh_0.75 JsTs_0.25 Kc9c_0.25 KcJc_0.50 KcQc_1 KcTc_0.25 Kd9d_0.25 KdKc_1 KdQd_1 Kh9h_0.25 KhJh_0.50 KhKc_1 KhKd_1 KhQh_1 KhTh_0.25 Ks9s_0.25 KsJs_0.50 KsKc_1 KsKd_1 KsKh_1 KsQs_1 KsTs_0.25 QcJc_0.50 QdQc_1 QhJh_0.50 QhQc_1 QhQd_1 QsJs_0.50 QsQc_1 QsQd_1 QsQh_1 Tc9c_0.25 Th9h_0.25 ThTc_0.50 Ts9s_0.25 TsTc_0.50 TsTh_0.50

IP preflop range
6d6c_0.25 6h6c_0.25 6h6d_0.25 6s6c_0.25 6s6d_0.25 6s6h_0.25 7h7d_0.50 7s7d_0.50 7s7h_0.50 8d8c_1 8h8c_1 8h8d_1 8s8c_1 8s8d_1 8s8h_1 9d9c_1 9h9c_1 9h9d_1 9s9c_1 9s9d_1 9s9h_1 Ac2c_1 Ac3c_1 Ac4c_1 Ac5c_1 Ac6c_1 Ac8c_1 Ac9c_1 AcJc_1 AcQc_0.75 AcQd_1 AcQh_1 AcQs_1 AcTc_1 Ad2d_1 Ad3d_1 Ad4d_1 Ad5d_1 Ad6d_1 Ad7d_1 Ad8d_1 Ad9d_1 AdQc_1 AdQd_0.75 AdQh_1 AdQs_1 Ah2h_1 Ah3h_1 Ah4h_1 Ah5h_1 Ah6h_1 Ah7h_1 Ah8h_1 Ah9h_1 AhJh_1 AhQc_1 AhQd_1 AhQh_0.75 AhQs_1 AhTh_1 As2s_1 As3s_1 As4s_1 As5s_1 As6s_1 As7s_1 As8s_1 As9s_1 AsJs_1 AsQc_1 AsQd_1 AsQh_1 AsQs_0.75 AsTs_1 JcTc_0.50 JhJc_1 JhTh_0.50 JsJc_1 JsJh_1 JsTs_0.50 KcJc_1 KcQc_1 KcQd_0.50 KcQh_0.50 KcQs_0.50 KdQc_0.50 KdQd_1 KdQh_0.50 KdQs_0.50 KhJh_1 KhQc_0.50 KhQd_0.50 KhQh_1 KhQs_0.50 KsJs_1 KsQc_0.50 KsQd_0.50 KsQh_0.50 KsQs_1 QcJc_0.50 QdQc_1 QhJh_0.50 QhQc_1 QhQd_1 QsJs_0.50 QsQc_1 QsQd_1 QsQh_1 Tc9c_0.25 Th9h_0.25 ThTc_1 Ts9s_0.25 TsTc_1 TsTh_1

root, 1 check
0 0.022 0 0 0.001 0 0 0.084 0.003 0.003 0.03 0.02 0.196 0.016 0.126 0.195 0.016 0.126 0.195 0.105 0.008 0.008 0.009 0.01 0.187 0.081 0.064 0.006 0 0.093 0.093 0.04 0.207 0 0 0 0 0 0.177 0.001 0.012 0 0.078 0 0 0.071 0.313 0.317 0.322 0.32 0.801 0.101 0.158 0 0.018 0.055 0.032 0.078 0.043 0.05 0.049 0.326 0.313 0.317 0.322 0.32 0.801 0.101 0.158 0 0.018 0.006 0.055 0.032 0.078 0.05 0.043 0.049 0.326 0.051 0.047 0.003 0.047 0.104 0.003 0 0.029 0.036 0.003 0.136 0.02 0.045 0 0.067 0.011 0.005 0.04 0.007 0 0.067 0.011 0.005 0.007 0.04 0.007 0.149 0.022 0.18 0.012 0.006 0.18 0.012 0.006 0.017 0 0.001 0.007 0.001 0.007 0.002

1 check, 2 check
0.362 0.362 0.399 0.362 0.399 0.417 0.006 0.006 0.001 0.814 0.599 0.861 0.599 0.861 0.658 0.713 0.596 0.725 0.596 0.725 0.588 0.26 0.256 0.259 0.264 0.303 0.73 0.672 0.607 0.9 0.546 0.806 0.806 1 0.476 0.488 0.496 0.501 0.491 0.735 0 0.186 0.197 0.173 0.306 0.306 0.688 0.677 0.681 0.692 0.802 0.997 0.996 0.917 0.905 0.965 0.778 0.905 0.995 0.998 0.688 0.677 0.681 0.692 0.802 0.997 0.996 0.917 0.905 0.965 0.778 0.995 0.905 0.998 0.065 0.005 0.129 0.005 0.01 0.129 0.461 0.446 0.29 0.499 0.499 0.234 0 0.319 0.319 0.557 0.514 0.371 0.499 0.602 0.557 0.514 0.371 0.602 0.499 0.992 0.142 0.994 0.704 0.132 0.994 0.704 0.132 0.717 0.662 0.916 0.094 0.916 0.094 0.142

1 check, 2 bet 7
0.294 0.253 0.277 0.253 0.277 0.231 0.437 0.437 0.254 0.125 0.203 0.1 0.203 0.1 0.187 0.143 0.138 0.134 0.138 0.134 0.139 0.274 0.275 0.274 0.272 0.265 0.17 0.19 0.213 0.013 0.187 0.108 0.108 0 0.27 0.266 0.264 0.267 0.267 0.152 0.26 0.316 0.23 0.315 0.195 0.195 0.146 0.147 0.146 0.141 0.114 0.003 0.001 0.061 0.054 0.014 0.12 0.058 0.001 0.002 0.146 0.147 0.146 0.141 0.114 0.003 0.001 0.061 0.054 0.014 0.12 0.001 0.058 0.002 0.406 0.43 0.379 0.43 0.408 0.379 0.329 0.317 0.332 0.18 0.18 0.379 0.309 0.32 0.32 0.206 0.185 0.381 0.248 0.219 0.206 0.185 0.381 0.219 0.248 0.001 0.291 0 0.189 0.277 0 0.189 0.277 0.187 0.249 0.074 0.29 0.074 0.29 0.261

2 bet 7, 1 call 7
0 1 0 0 0.369 0 0 0 1 1 0 0 1 0 1 1 0 1 1 1 0 0 0 0 0 0.999 1 1 0.998 0.989 0.989 1 1 0.597 0.633 0.658 0.626 0.96 0.839 0.989 1 0 0.91 0.001 0.001 0.876 0 0 0 0 0 0.569 0.408 0.827 0.991 0.411 0.769 0.315 0.645 0.648 0.978 0.957 0 0 0 0 0 0.569 0.408 0.827 0.991 0.003 0.411 0.769 0.315 0.648 0.645 0.978 0.957 0.057 0 0.058 0 0 0.058 0.857 0.716 1 1 0.283 0 0.587 0.001 0.838 0.385 0 1 0.018 0.001 0.838 0.385 0 0.642 1 0.018 0.962 0.261 0.886 0.601 0.036 0.886 0.601 0.036 0.65 0.801 0.954 0.961 0.954 0.961 0.969

2 bet 7, 1 raise 24
0.705 0 0.488 0.488 0.631 0.999 0.999 1 0 0 1 1 0 1 0 0 1 0 0 0 0 0 0 0 0 0 0 0 0.002 0 0 0 0 0.403 0.367 0.342 0.374 0.04 0.161 0.011 0 1 0.09 0.999 0.999 0.124 0 0 0 0 0 0.31 0 0.173 0.009 0.589 0.23 0.685 0.355 0.352 0.022 0.043 0 0 0 0 0 0.31 0 0.173 0.009 0.997 0.589 0.23 0.685 0.352 0.355 0.022 0.043 0.943 1 0.942 1 1 0.942 0.143 0.284 0 0 0.717 1 0.413 0.999 0.162 0.615 1 0 0.982 0.999 0.162 0.615 1 0.358 0 0.982 0.038 0.739 0.114 0.399 0.964 0.114 0.399 0.964 0.35 0.199 0.046 0.039 0.046 0.039 0.031

2 bet 7, 1 raise 24, 2 call 24
0 0 0 0 0 0 0.286 0.286 0.031 0.349 0 0.323 0 0.323 0 0.522 0.26 0.509 0.26 0.509 0.245 0 0 0 0 0 0 0 0.977 0.002 0.004 0 0 0.06 0.732 0.733 0.736 0.751 0.749 0.001 0 0.001 0.247 0.001 0.21 0.21 0 0 0 0 0 0 0 0 0.662 0 0.001 0 0 0 0 0 0 0 0 0 0 0 0.662 0 0.001 0 0 0 0.607 0.588 0.011 0.588 0.099 0.011 0.98 0.989 0.872 0.68 0.68 0.5 0 0.8 0.8 0.917 0.614 0.982 0.625 0.637 0.917 0.614 0.982 0.637 0.625 0.715 0.565 0.555 0.628 0.501 0.555 0.628 0.501 0.61 1 0.954 0.776 0.954 0.776 0.713

1 raise 24, 2 raise 83
0 0 0 0 0 0 0.714 0.714 0.969 0 0 0 0 0 0 0.002 0 0.002 0 0.002 0 0 0 0 0 0 0 0 0.022 0 0 0 0 0 0.268 0.267 0.264 0.249 0.251 0.999 1 0.999 0.001 0.999 0.001 0.001 0 0 0 0 0 0 0 0 0.007 0 0 0 0 0 0 0 0 0 0 0 0 0 0.007 0 0 0 0 0 0.393 0.412 0.989 0.412 0.901 0.989 0.02 0.001 0.122 0 0 0.5 1 0.199 0.199 0.067 0 0.003 0 0 0.067 0 0.003 0 0 0.282 0.434 0.147 0.174 0.498 0.148 0.174 0.498 0.253 0 0.001 0.224 0.001 0.224 0.287

1 check, 2 bet 10
0.258 0.258 0.246 0.258 0.246 0.239 0.468 0.468 0.516 0.044 0.14 0.022 0.14 0.022 0.113 0.093 0.171 0.088 0.171 0.088 0.172 0.237 0.238 0.238 0.235 0.221 0.088 0.12 0.179 0.079 0.176 0.083 0.083 0 0.178 0.176 0.174 0.172 0.184 0.112 0.448 0.276 0.282 0.148 0.269 0.269 0.09 0.094 0.093 0.088 0.044 0 0.001 0.011 0.034 0.012 0.068 0.032 0.004 0 0.09 0.094 0.093 0.088 0.044 0 0.001 0.011 0.034 0.012 0.068 0.004 0.032 0 0.363 0.337 0.288 0.337 0.322 0.288 0.182 0.234 0.243 0.195 0.195 0.254 0.38 0.281 0.281 0.14 0.12 0.191 0.187 0.127 0.14 0.12 0.191 0.127 0.187 0.003 0.377 0 0.096 0.323 0 0.096 0.323 0.064 0.06 0.004 0.27 0.004 0.27 0.221

2 bet 10, 1 call 10
0 1 0 0 0.96 0 0 0 1 1 0 0 0.99 0 1 0.958 0 1 0.958 1 0 0 0 0 0 0 1 1 0.999 0.019 0.019 1 1 0.921 0.929 0.938 0.942 0.998 0.842 0.978 0.999 0.997 0.974 0.997 0.997 0.854 0 0 0 0 0 0 0 0.006 0.99 0.557 0.832 0.211 0.573 0.587 0.971 0.84 0 0 0 0 0 0 0 0.006 0.99 0 0.557 0.832 0.211 0.587 0.573 0.971 0.84 0.004 0.003 0 0.003 0 0 1 0.978 1 0.999 0.509 0 0.744 1 0.674 0.369 0 1 0.246 1 0.674 0.369 0 0.097 1 0.246 0.947 0.008 0.798 0.862 0.001 0.798 0.862 0.001 0.982 0.603 0.714 0.559 0.714 0.559 0.567

2 bet 10, 1 raise 30
0 0 0 0 0.04 0.999 0.999 1 0 0 1 1 0.01 1 0 0.042 1 0 0.042 0 0 0 0 0 0 0 0 0 0 0 0 0 0 0.079 0.071 0.062 0.058 0.002 0.158 0.022 0.001 0.003 0.026 0.003 0.003 0.146 0 0 0 0 0 0.057 0 0.994 0.01 0.443 0.156 0.789 0.131 0.124 0.025 0.089 0 0 0 0 0 0.057 0 0.994 0.01 1 0.443 0.156 0.789 0.124 0.131 0.025 0.089 0.996 0.997 1 0.997 1 1 0 0.022 0 0.001 0.491 1 0.256 0 0.326 0.631 1 0 0.754 0 0.326 0.631 1 0.903 0 0.754 0.053 0.992 0.201 0.138 0.999 0.201 0.138 0.999 0.018 0.397 0.286 0.441 0.286 0.441 0.433

2 bet 10, 1 raise 30, 2 call 30
0 0 0 0 0 0 0.555 0.555 0.492 0 0 0 0 0 0 0.133 0 0.108 0 0.108 0 0 0 0 0 0 0 0 0.988 0 0 0 0 0.001 0.639 0.649 0.649 0.658 0.651 0 0 0 0 0.002 0 0 0 0 0 0 0 0 0 0 0.803 0 0 0 0 0 0 0 0 0 0 0 0 0 0.803 0 0 0 0 0 0.291 0.106 0 0.106 0 0 0.87 0.946 0.881 0.082 0.082 0.732 0 0.998 0.998 0.812 0.008 0.81 0.077 0.071 0.812 0.008 0.81 0.071 0.077 0.323 0.516 0.346 0.619 0.401 0.346 0.619 0.401 0.519 0.921 0.689 0.373 0.689 0.373 0.078

1 raise 30, 2 raise 80
0 0 0 0 0 0 0.445 0.445 0.508 0 0 0 0 0 0 0.022 0 0.014 0 0.014 0 0 0 0 0 0 0 0 0.012 0 0 0 0 0 0.361 0.351 0.351 0.342 0.349 1 1 1 0 0.998 0 0 0 0 0 0 0 0 0 0 0.004 0 0 0 0 0 0 0 0 0 0 0 0 0 0.004 0 0 0 0 0 0.709 0.894 1 0.894 1 1 0.13 0 0.003 0 0 0.268 1 0 0 0.165 0 0.002 0 0 0.165 0 0.002 0 0 0.676 0.484 0.142 0.204 0.598 0.142 0.204 0.598 0.235 0.079 0.002 0.627 0.002 0.627 0.922

1 check, 2 bet 15
0.086 0.127 0.078 0.127 0.078 0.113 0.089 0.089 0.225 0.017 0.055 0.017 0.055 0.017 0.039 0.051 0.095 0.053 0.095 0.053 0.101 0.213 0.214 0.213 0.213 0.2 0.011 0.018 0.001 0.009 0.092 0.002 0.002 0 0.066 0.058 0.056 0.05 0.048 0 0.277 0.202 0.277 0.252 0.214 0.214 0.064 0.069 0.067 0.066 0.03 0 0.002 0.01 0.006 0.01 0.034 0.006 0 0 0.064 0.069 0.067 0.066 0.03 0 0.002 0.01 0.006 0.01 0.034 0 0.006 0 0.165 0.213 0.2 0.213 0.239 0.2 0.025 0.003 0.131 0.125 0.125 0.131 0.288 0.078 0.078 0.086 0.181 0.057 0.066 0.051 0.086 0.181 0.057 0.051 0.066 0.004 0.18 0.005 0.011 0.255 0.005 0.011 0.255 0.032 0.028 0.005 0.311 0.005 0.311 0.328

2 bet 15, 1 call 15
0 1 0 0 0.608 0 0 0.007 0.584 0.584 0 0.388 0.829 0 0.901 0.697 0 0.901 0.697 0.873 0 0 0 0 0 0 0.942 0.924 0.457 0 0 0.42 0.342 0.574 0.587 0.604 0.619 0.788 0.754 0.495 0.999 0.999 0.758 0.999 0.999 0.966 0 0 0 0 0 0 0 0.003 0.939 0.888 0.186 0.366 0.163 0.165 0.27 0.449 0 0 0 0 0 0 0 0.003 0.939 0 0.888 0.186 0.366 0.165 0.163 0.27 0.449 0.003 0 0.008 0 0.016 0.008 0.999 0.847 0.988 0.991 0.737 0.001 0.6 0.999 0.632 0.119 0 0.964 0.989 0.999 0.632 0.119 0 0.123 0.964 0.989 0.994 0.188 0.58 0.714 0.003 0.58 0.714 0.003 0.581 0.426 0.309 0.284 0.309 0.284 0.423

2 bet 15, 1 raise 40
0 0 0 0 0.392 0 0 0.993 0.409 0.409 1 0.612 0.171 1 0.003 0.303 1 0.003 0.303 0.004 0 0 0 0 0 0 0.001 0 0 0 0 0 0 0.426 0.413 0.396 0.381 0.212 0.246 0.505 0.001 0.001 0.242 0.001 0.001 0.034 0 0 0 0 0 0 0 0.997 0.061 0.103 0.066 0.634 0.21 0.21 0.004 0.114 0 0 0 0 0 0 0 0.997 0.061 1 0.103 0.066 0.634 0.21 0.21 0.004 0.114 0.997 1 0.992 1 0.984 0.992 0 0.153 0.012 0.009 0.263 0.999 0.4 0 0.262 0.881 1 0.036 0.007 0 0.262 0.881 1 0.877 0.036 0.007 0.006 0.812 0.03 0.286 0.997 0.03 0.286 0.997 0.419 0.574 0.691 0.716 0.691 0.716 0.577

2 bet 15, 1 raise 40, 2 call 40
0 0 0 0 0 0 0.051 0.051 0.062 0 0 0 0 0 0 0.001 0 0.001 0 0.001 0 0 0 0 0 0 0 0 0.685 0 0 0 0 0.185 0.353 0.353 0.353 0.362 0.364 0.002 0.001 0.003 0 0.004 0 0 0 0 0 0 0 0 0 0 0.607 0 0 0 0 0 0 0 0 0 0 0 0 0 0.607 0 0 0 0 0 0.07 0.001 0 0.001 0 0 0.6 0.587 0.505 0 0 0.852 0 0.95 0.95 0.619 0 0.467 0 0 0.619 0 0.467 0 0 0.592 0.188 0.669 0.44 0.16 0.669 0.44 0.16 0.409 0.989 0.998 0.047 0.998 0.047 0.09

1 raise 40, 2 raise 75
0 0 0 0 0 0 0.949 0.949 0.938 0 0 0 0 0 0 0 0 0 0 0 0 0 0 0 0 0 0 0 0.315 0 0 0 0 0.002 0.647 0.647 0.647 0.638 0.636 0.998 0.999 0.997 0 0.996 0 0 0 0 0 0 0 0 0 0 0.392 0 0 0 0 0 0 0 0 0 0 0 0 0 0.392 0 0 0 0 0 0.93 0.999 1 0.999 1 1 0.4 0 0.001 0 0 0.001 1 0 0 0.38 0 0.001 0 0 0.38 0 0.001 0 0 0.408 0.812 0.33 0.558 0.84 0.329 0.558 0.84 0.59 0.011 0.002 0.953 0.002 0.953 0.91

1 check, 2 bet 20
0 0.001 0 0.001 0 0 0 0 0.002 0.001 0.003 0.001 0.003 0.001 0.003 0 0 0 0 0 0 0.014 0.015 0.014 0.014 0.01 0 0 0 0 0 0 0 0 0.009 0.009 0.009 0.008 0.008 0 0.002 0.019 0.014 0.077 0.015 0.015 0.01 0.011 0.01 0.01 0.008 0 0 0 0.002 0 0 0 0 0 0.01 0.011 0.01 0.01 0.008 0 0 0 0.002 0 0 0 0 0 0.001 0.013 0.002 0.013 0.018 0.002 0.003 0 0.003 0 0 0.002 0.024 0.001 0.001 0.01 0 0 0 0 0.01 0 0 0 0 0 0.009 0.001 0 0.012 0.001 0 0.012 0 0.001 0 0.032 0 0.032 0.031

2 bet 20, 1 call 20
0 0.994 0 0 0.317 0 0 0.009 0.424 0.424 0 0.008 0.498 0 0.396 0.477 0 0.396 0.477 0.378 0 0 0 0 0 0 0.349 0.118 0.025 0.011 0.011 0.033 0.201 0.534 0.533 0.538 0.552 0.584 0.732 0.417 0.525 0.985 0.377 0.983 0.983 0.534 0 0 0 0 0 0 0 0.523 0.607 0.462 0.054 0.272 0.102 0.102 0.028 0.395 0 0 0 0 0 0 0 0.523 0.607 0.083 0.462 0.054 0.272 0.102 0.102 0.028 0.395 0.03 0.001 0.144 0.001 0.019 0.144 0.71 0.486 0.962 0.59 0.571 0.001 0.052 0.214 0.305 0.116 0.002 0.711 0.456 0.214 0.305 0.116 0.002 0.193 0.711 0.456 0.536 0.155 0.313 0.306 0.085 0.313 0.306 0.085 0.247 0.401 0.366 0.047 0.366 0.047 0.135

2 bet 20, 1 raise 50
0 0.001 0 0 0.683 0 0 0.991 0.013 0.013 1 0.992 0.448 1 0.022 0.453 1 0.022 0.453 0.023 0 0 0 0 0 0 0.045 0.034 0.057 0.02 0.02 0.009 0.041 0.466 0.467 0.461 0.448 0.416 0.268 0.583 0.354 0.002 0.623 0.003 0.003 0.466 0 0 0 0 0 0 0 0.389 0.391 0.144 0.017 0.363 0.074 0.074 0.003 0.032 0 0 0 0 0 0 0 0.389 0.391 0.914 0.144 0.017 0.363 0.074 0.074 0.003 0.032 0.97 0.999 0.856 0.999 0.981 0.856 0.01 0.505 0.033 0.406 0.429 0.999 0.948 0.005 0.32 0.884 0.998 0.017 0.37 0.005 0.32 0.884 0.998 0.807 0.017 0.37 0.274 0.845 0.282 0.69 0.915 0.282 0.69 0.915 0.747 0.599 0.633 0.953 0.633 0.953 0.865

2 bet 20, 1 raise 50, 2 call 50
0 0 0 0 0 0 0 0 0 0 0 0 0 0 0 0.24 0.001 0.194 0.001 0.194 0 0 0 0 0 0 0 0 0.589 0 0 0 0 0.983 0.041 0.042 0.033 0.042 0.041 0.003 0.002 0.003 0 0.001 0 0 0 0 0 0 0 0 0 0 0.513 0 0 0 0 0.004 0 0 0 0 0 0 0 0 0.513 0 0 0 0 0.004 0.263 0 0.003 0 0 0.003 0.545 1 0.996 0.022 0.022 0.998 0.002 0.999 0.999 0.489 0.007 0.996 0.03 0.016 0.489 0.007 0.996 0.016 0.03 0.964 0.165 0.742 0.338 0.144 0.742 0.338 0.144 0.326 0.999 0.999 0 0.999 0 0

1 raise 50, 2 raise 70
0 0 0 0 0 0 1 1 1 0 0 0 0 0 0 0 0 0 0 0 0 0 0 0 0 0 0 0 0.411 0 0 0 0 0.002 0.959 0.958 0.967 0.958 0.959 0.997 0.998 0.997 0 0.999 0 0 0 0 0 0 0 0 0 0 0.487 0 0 0 0 0 0 0 0 0 0 0 0 0 0.487 0 0 0 0 0 0.737 1 0.997 1 1 0.997 0.455 0 0.004 0 0 0.001 0.998 0.001 0.001 0.511 0 0.004 0 0 0.511 0 0.004 0 0 0.036 0.835 0.258 0.662 0.856 0.258 0.662 0.856 0.673 0.001 0.001 1 0.001 1 1

1 check, 2 bet 25
0 0 0 0 0 0 0 0 0.001 0 0 0 0 0 0 0 0 0 0 0 0 0.001 0.001 0.001 0.001 0.001 0 0 0 0 0 0 0 0 0.002 0.002 0.002 0.002 0.002 0 0.012 0.001 0 0.035 0 0 0.002 0.002 0.002 0.002 0.002 0 0 0 0 0 0 0 0 0 0.002 0.002 0.002 0.002 0.002 0 0 0 0 0 0 0 0 0 0 0.001 0.002 0.001 0.003 0.002 0 0 0 0 0 0 0 0 0 0 0 0 0 0 0 0 0 0 0 0 0 0 0 0.001 0 0 0.001 0 0 0 0.002 0 0.002 0.017

2 bet 25, 1 call 25
0.001 0.489 0.001 0.001 0.063 0 0 0.024 0.153 0.153 0.001 0.213 0.112 0 0.136 0.107 0 0.136 0.107 0.129 0.001 0.001 0.001 0.001 0.001 0.001 0.057 0.024 0.006 0.008 0.008 0.005 0.035 0.332 0.334 0.335 0.334 0.353 0.198 0.041 0.091 0.246 0.045 0.241 0.241 0.068 0 0 0 0 0 0 0 0.109 0.121 0.067 0.001 0.034 0.001 0.001 0.001 0.063 0 0 0 0 0 0 0 0.109 0.121 0.113 0.067 0.001 0.034 0.001 0.001 0.001 0.063 0.017 0 0.015 0 0.002 0.015 0.071 0.091 0.251 0.146 0.021 0.026 0.001 0.002 0.063 0.042 0.024 0.268 0.092 0.002 0.063 0.042 0.024 0.04 0.268 0.092 0.109 0.026 0.092 0.051 0.024 0.092 0.051 0.024 0.047 0.103 0.122 0.172 0.122 0.172 0.213

2 bet 25, 1 raise 90
0.002 0 0.001 0.001 0.935 0.001 0.001 0.976 0.305 0.305 0.999 0.787 0.474 1 0.281 0.475 1 0.281 0.475 0.285 0.002 0.002 0.002 0.002 0.002 0 0.482 0.023 0.031 0.017 0.017 0.003 0.026 0.666 0.664 0.663 0.663 0.645 0.802 0.959 0.725 0.1 0.955 0.114 0.114 0.932 0 0 0 0 0 0.001 0 0.66 0.804 0.528 0.008 0.357 0.023 0.023 0.002 0.14 0 0 0 0 0 0.001 0 0.66 0.804 0.76 0.528 0.008 0.357 0.023 0.023 0.002 0.14 0.982 1 0.985 1 0.998 0.985 0.003 0.633 0.236 0.374 0.93 0.974 0.999 0.001 0.469 0.942 0.975 0.007 0.217 0.001 0.469 0.942 0.975 0.944 0.007 0.217 0.589 0.97 0.426 0.931 0.972 0.426 0.931 0.972 0.935 0.894 0.804 0.828 0.804 0.828 0.787

2 bet 25, 1 raise 90, 2 call 90
0 0 0 0 0 0 1 1 1 0.001 0 0 0 0 0 1 0.004 1 0.004 1 0.003 0 0 0 0 0 0 0 1 0 0 0 0 1 1 1 1 1 1 1 1 1 0.001 1 0.016 0.016 0 0 0 0 0 0 0 0 1 0 0 0 0 0.267 0 0 0 0 0 0 0 0 1 0 0 0 0 0.267 1 1 1 1 1 1 1 1 1 0.991 0.991 1 1 1 1 1 0.982 1 0.99 0.993 1 0.982 1 0.993 0.99 1 1 1 1 1 1 1 1 1 1 1 1 1 1 1

root, 1 bet 7
0.001 0.297 0 0 0.084 0.015 0.015 0.001 0.074 0.074 0.001 0.194 0.315 0.001 0.349 0.227 0.001 0.349 0.227 0.301 0.012 0.012 0.011 0.015 0.096 0.384 0.266 0.017 0.027 0.147 0.147 0.08 0.083 0.149 0.173 0.171 0.159 0.055 0.342 0.043 0.182 0.025 0.274 0.055 0.055 0.11 0.003 0.003 0.003 0.003 0.002 0.212 0.176 0 0.099 0.149 0.109 0.083 0.097 0.105 0.115 0.279 0.003 0.003 0.003 0.003 0.002 0.212 0.176 0 0.099 0 0.149 0.109 0.083 0.105 0.097 0.115 0.279 0.253 0.165 0.191 0.165 0.104 0.191 0.107 0.143 0.22 0.012 0.248 0.021 0.097 0.106 0.257 0.149 0.02 0.249 0.069 0.106 0.257 0.149 0.02 0.169 0.249 0.069 0.312 0.114 0.4 0.161 0.05 0.4 0.161 0.05 0.172 0.064 0.01 0.054 0.01 0.054 0.003

1 bet 7, 2 call 7
0.849 0 0.763 0 0.763 0 0.923 0.923 0.036 0.999 0.578 0.964 0.578 0.964 0.43 0.911 0.928 0.918 0.928 0.918 0.971 0 0 0 0 0 0.603 0.998 0.896 1 0.528 0.572 0.572 1 0.967 0.955 0.955 0.997 0.924 1 0.29 0.46 0.567 0.547 0.651 0.651 0 0 0 0 0 0.433 0 0.016 0.884 0.572 0.817 0.666 0.499 0.95 0 0 0 0 0 0.433 0 0.016 0.884 0.572 0.817 0.499 0.666 0.95 0.654 0.663 0.577 0.663 0.244 0.577 0.997 0.992 0.501 1 1 0.689 0.372 0.792 0.792 0.985 1 0.798 1 1 0.985 1 0.798 1 1 1 1 1 1 0.855 1 1 0.855 0.99 0.509 0.998 0.577 0.998 0.577 0.262

1 bet 7, 2 raise 24
0.137 0.003 0.208 0.003 0.208 0.003 0.077 0.077 0.964 0.001 0.123 0.036 0.123 0.036 0.153 0.089 0.072 0.082 0.072 0.082 0.029 0 0 0 0 0 0.033 0.001 0.104 0 0.472 0 0 0 0.033 0.045 0.045 0.003 0.076 0 0.71 0.54 0.433 0.453 0.349 0.349 0 0 0 0 0 0 0 0 0.116 0 0.183 0 0 0.05 0 0 0 0 0 0 0 0 0.116 0 0.183 0 0 0.05 0.346 0.337 0.423 0.337 0.756 0.423 0.003 0.008 0.499 0 0 0.311 0.628 0.208 0.208 0.015 0 0.202 0 0 0.015 0 0.202 0 0 0 0 0 0 0.145 0 0 0.145 0.01 0.491 0.002 0.423 0.002 0.423 0.738

1 bet 7, 2 raise 24, 1 call  24
0 0.998 0 0 0 0 0 0 0 0 0 0.251 0.442 0 0.927 0.595 0 0.927 0.595 0.734 0 0 0 0 0 0 0.99 0.507 0.981 0 0 0 0.028 0.533 0.559 0.554 0.509 0.983 0 0 0.618 0.02 0.364 0.002 0.002 0.998 0 0 0 0 0 0 0 0 0.633 0.279 0 0.609 0.002 0.002 0 0.169 0 0 0 0 0 0 0 0 0.633 0 0.279 0 0.609 0.002 0.002 0 0.169 0 0 0 0 0 0 0.999 0.148 0.908 0.485 0.002 0.441 0 0.999 0.001 0.455 0.049 0.699 0 0.999 0.001 0.455 0.049 0.154 0.699 0 0.775 0.877 0.207 0.507 0.517 0.207 0.507 0.517 0.594 0.542 0.425 0 0.425 0 0

2 raise 24, 1 raise  83
0 0 0 0 1 0 0 1 0 0 1 0.749 0.558 1 0 0.404 1 0 0.404 0 0 0 0 0 0 0 0.008 0.3 0.002 0 0 0 0 0.467 0.441 0.446 0.491 0.017 1 1 0.382 0 0.636 0 0 0.002 0 0 0 0 0 0 0 1 0.367 0.72 0 0.391 0.009 0.009 0 0 0 0 0 0 0 0 0 1 0.367 1 0.72 0 0.391 0.009 0.009 0 0 1 1 1 1 1 1 0 0.852 0.091 0.124 0.998 0.559 1 0 0.712 0.545 0.951 0 0.006 0 0.712 0.545 0.951 0.846 0 0.006 0.002 0.112 0.006 0.014 0.482 0.006 0.014 0.482 0.356 0.458 0.575 1 0.575 1 1

root, 1 bet 10
0.012 0.516 0 0 0.391 0.118 0.118 0.002 0.146 0.146 0.041 0.381 0.203 0.021 0.329 0.184 0.021 0.329 0.184 0.391 0.137 0.141 0.143 0.141 0.1 0.214 0.314 0.088 0.117 0.27 0.27 0.171 0.184 0.285 0.326 0.305 0.303 0.265 0.341 0.001 0.375 0.068 0.392 0.143 0.143 0.084 0.059 0.06 0.068 0.06 0.001 0.226 0.004 0.001 0.245 0.211 0.219 0.065 0.233 0.236 0.217 0.192 0.059 0.06 0.068 0.06 0.001 0.226 0.004 0.001 0.245 0 0.211 0.219 0.065 0.236 0.233 0.217 0.192 0.453 0.31 0.28 0.31 0.195 0.28 0.297 0.283 0.339 0.171 0.387 0.087 0.238 0.265 0.348 0.218 0.094 0.393 0.188 0.265 0.348 0.218 0.094 0.24 0.393 0.188 0.4 0.182 0.369 0.287 0.118 0.369 0.286 0.118 0.25 0.171 0.182 0.25 0.182 0.25 0.013

1 bet 10, 2 call 10
0.004 0 0 0 0 0 0.739 0.739 0.031 0.996 0.001 0.964 0.001 0.964 0 0.907 1 0.827 1 0.827 1 0 0 0 0 0 0 0.998 0.946 1 0.704 0.001 0.001 1 0.928 0.92 0.91 0.998 0.683 1 0.129 0.546 0.823 0.722 0.854 0.854 0 0 0 0 0 0 0 0 0.936 0.004 0.942 0.32 0.006 0.994 0 0 0 0 0 0 0 0 0.936 0.004 0.942 0.006 0.32 0.994 0.459 0.841 0.309 0.841 0.45 0.309 1 1 0.211 1 1 0.571 0.48 0.713 0.713 1 1 0.746 1 1 1 1 0.746 1 1 1 1 1 1 0.972 1 1 0.972 1 0.581 0.997 0.711 0.997 0.711 0.504

1 bet 10, 2 raise 30
0 0 0 0 0 0 0.261 0.261 0.969 0.002 0.001 0.009 0.001 0.009 0 0.093 0 0.173 0 0.173 0 0 0 0 0 0 0 0 0.054 0 0.295 0 0 0 0.072 0.08 0.09 0.002 0.317 0 0.871 0.454 0.177 0.278 0.146 0.146 0 0 0 0 0 0 0 0 0.064 0 0.054 0 0 0.004 0 0 0 0 0 0 0 0 0.064 0 0.054 0 0 0.004 0.541 0.159 0.691 0.159 0.55 0.691 0 0 0.789 0 0 0.429 0.52 0.287 0.287 0 0 0.254 0 0 0 0 0.254 0 0 0 0 0 0 0.028 0 0 0.028 0 0.419 0.003 0.289 0.003 0.289 0.496

1 bet 10, 2 raise 30, 1 call  30
0 0.253 0 0 0 0 0 0 0 0 0 0 0.277 0 0.785 0.301 0 0.785 0.301 0.642 0 0 0 0 0 0 0.388 0.484 0.002 0 0 0.102 0.647 0.429 0.467 0.463 0.452 0.433 0 0 0.273 0 0.014 0.055 0.055 0.61 0 0 0 0 0 0 0 0 0.09 0.168 0 0.231 0.078 0.08 0 0.316 0 0 0 0 0 0 0 0 0.09 0 0.168 0 0.231 0.08 0.078 0 0.316 0 0 0 0 0 0 0 0.218 0.687 0.298 0.819 0 0.328 0 0.079 0.31 0 0.283 0 0 0.079 0.31 0 0.001 0.283 0 0.506 0.045 0.21 0.336 0.001 0.21 0.336 0.001 0.252 0.421 0.595 0 0.595 0 0

2 raise 30, 1 raise  80
0 0 0 0 1 0 0 1 0 0 1 1 0.723 1 0 0.696 1 0 0.696 0 0 0 0 0 0 0 0.528 0.005 0.001 0 0 0.001 0.005 0.571 0.533 0.537 0.548 0.567 1 1 0.727 0 0.986 0 0 0.39 0 0 0 0 0 0 0 1 0.909 0.831 0 0.406 0 0 0 0.118 0 0 0 0 0 0 0 1 0.909 1 0.831 0 0.406 0 0 0 0.118 1 1 1 1 1 1 0 0.492 0 0.168 0.181 1 0.672 0 0.416 0.69 1 0 0.003 0 0.416 0.69 1 0.999 0 0.003 0.274 0.946 0.302 0.042 0.998 0.302 0.042 0.998 0.345 0.579 0.405 1 0.405 1 1

root, 1 bet 15
0.438 0.165 0.24 0.24 0.497 0.358 0.358 0.264 0.332 0.332 0.379 0.404 0.099 0.298 0.195 0.136 0.298 0.195 0.136 0.203 0.268 0.269 0.273 0.265 0.179 0.157 0.15 0.224 0.253 0.339 0.339 0.234 0.164 0.316 0.321 0.331 0.325 0.371 0.14 0.002 0.313 0.441 0.175 0.362 0.362 0.238 0.137 0.13 0.131 0.133 0.012 0.199 0.048 0.297 0.346 0.223 0.273 0.173 0.235 0.229 0.215 0.163 0.137 0.13 0.131 0.133 0.012 0.199 0.048 0.297 0.346 0.091 0.223 0.273 0.173 0.229 0.235 0.215 0.163 0.212 0.252 0.225 0.252 0.144 0.225 0.367 0.205 0.244 0.397 0.195 0.184 0.304 0.416 0.134 0.278 0.159 0.204 0.19 0.416 0.134 0.278 0.159 0.254 0.204 0.19 0.088 0.138 0.05 0.283 0.127 0.05 0.283 0.127 0.211 0.348 0.307 0.4 0.307 0.4 0.633

1 bet 15, 2 call 15
0 0 0 0 0 0 0.325 0.325 0.032 0.455 0 0.107 0 0.107 0 0.818 0.668 0.84 0.668 0.84 0.518 0 0 0 0 0 0 0 0.996 0.899 0 0 0 0.999 0.655 0.634 0.616 0.793 0.494 1 0.014 0.847 0.996 0.84 0.997 0.997 0 0 0 0 0 0 0 0 0.938 0 0.058 0 0 0.04 0 0 0 0 0 0 0 0 0.938 0 0.058 0 0 0.04 0.775 0.652 0.162 0.652 0.387 0.162 1 0.965 0.089 0.978 0.978 0.026 0.388 0.75 0.75 0.992 0.97 0.736 0.614 0.777 0.992 0.97 0.736 0.777 0.614 0.999 0.985 0.934 0.87 0.866 0.934 0.87 0.866 0.965 0.993 0.678 0.625 0.678 0.625 0.453

1 bet 15, 2 raise 40
0 0 0 0 0 0 0.675 0.675 0.968 0.002 0 0 0 0 0 0.181 0 0.159 0 0.159 0 0 0 0 0 0 0 0 0.004 0 0 0 0 0.001 0.345 0.366 0.384 0.207 0.506 0 0.986 0.153 0.002 0.16 0.001 0.001 0 0 0 0 0 0 0 0 0.001 0 0 0 0 0 0 0 0 0 0 0 0 0 0.001 0 0 0 0 0 0.225 0.348 0.838 0.348 0.613 0.838 0 0.035 0.911 0 0 0.974 0.612 0.25 0.25 0 0 0.264 0 0 0 0 0.264 0 0 0.001 0.015 0.004 0.011 0.134 0.004 0.011 0.134 0.003 0.007 0.322 0.375 0.322 0.375 0.547

1 bet 15, 2 raise 40, 1 call  40
0 0.011 0 0 0 0 0 0 0.003 0.003 0 0 0.502 0 0.998 0.42 0 0.998 0.42 0.998 0 0 0 0 0 0 0.727 0.581 0 0.002 0.002 0.623 0.941 0.467 0.475 0.474 0.479 0.464 0 0 0.168 0 0.191 0 0 0.141 0 0 0 0 0 0 0 0 0.146 0.927 0 0 0.002 0.002 0.006 0.781 0 0 0 0 0 0 0 0 0.146 0 0.927 0 0 0.002 0.002 0.006 0.781 0 0 0 0 0 0 0 0.906 1 0.633 1 0 0.999 0 0.246 0.192 0 0.746 0.003 0 0.246 0.192 0 0.002 0.746 0.003 0.981 0 0.439 0.891 0 0.439 0.891 0 0.399 0.984 0.995 0 0.995 0 0

2 raise 40, 1 raise  75
0 0 0 0 1 0 0 1 0 0 1 1 0.497 1 0 0.579 1 0 0.579 0 0 0 0 0 0 0 0.273 0.221 0.237 0.01 0.01 0.334 0.059 0.533 0.525 0.526 0.521 0.536 1 1 0.831 0 0.809 0 0 0.859 0 0 0 0 0 0 0 1 0.854 0.073 0 0.261 0.009 0.009 0.04 0.02 0 0 0 0 0 0 0 1 0.854 1 0.073 0 0.261 0.009 0.009 0.04 0.02 1 1 1 1 1 1 0 0.02 0 0.011 0 1 0.001 0 0.026 0.808 1 0 0.006 0 0.026 0.808 1 0.998 0 0.006 0.006 1 0.307 0.041 1 0.307 0.041 1 0.595 0.016 0.005 1 0.005 1 1

root, 1 bet 20
0.547 0 0.637 0.637 0.027 0.476 0.476 0.649 0.429 0.429 0.549 0 0.178 0.664 0 0.192 0.664 0 0.192 0 0.414 0.418 0.411 0.398 0.29 0.163 0.206 0.443 0.56 0.147 0.147 0.343 0.244 0.229 0.177 0.189 0.205 0.287 0 0.54 0.118 0.439 0.081 0.364 0.364 0.372 0.327 0.328 0.322 0.313 0.164 0.263 0.487 0.538 0.29 0.319 0.366 0.474 0.3 0.297 0.278 0.04 0.327 0.328 0.322 0.313 0.164 0.263 0.487 0.538 0.29 0.657 0.319 0.366 0.474 0.297 0.3 0.278 0.04 0.031 0.226 0.3 0.226 0.45 0.3 0.229 0.239 0.161 0.408 0.034 0.48 0.315 0.213 0.172 0.261 0.463 0.109 0.503 0.213 0.172 0.261 0.463 0.23 0.109 0.503 0.004 0.449 0.001 0.246 0.447 0.001 0.246 0.447 0.186 0.367 0.3 0.289 0.3 0.289 0.349

1 bet 20, 2 call 20
0 0 0 0 0 0 0.003 0.003 0.001 0.243 0 0.154 0 0.154 0 0.836 0.19 0.807 0.19 0.807 0.007 0 0 0 0 0 0 0 1 0.266 0 0 0 0.888 0.463 0.444 0.396 0.539 0.539 0.981 0 0.993 0.488 0.9 0.499 0.499 0 0 0 0 0 0 0 0 0.789 0 0 0 0 0 0 0 0 0 0 0 0 0 0.789 0 0 0 0 0 0.555 0.585 0.002 0.585 0.144 0.002 1 0.999 0.258 0.331 0.331 0.173 0.158 0.729 0.729 0.813 0.422 0.999 0.38 0.428 0.813 0.422 0.999 0.428 0.38 1 0.945 0.532 0.57 0.699 0.532 0.57 0.699 0.813 0.984 0.893 0.552 0.893 0.552 0.165

1 bet 20, 2 raise 50
0 0 0 0 0 0 0.997 0.997 0.999 0 0 0 0 0 0 0.162 0 0.191 0 0.191 0 0 0 0 0 0 0 0 0 0 0 0 0 0 0.537 0.556 0.604 0.461 0.461 0.019 1 0.007 0 0.1 0 0 0 0 0 0 0 0 0 0 0 0 0 0 0 0 0 0 0 0 0 0 0 0 0 0 0 0 0 0 0.445 0.415 0.998 0.415 0.856 0.998 0 0 0.742 0 0 0.827 0.842 0.271 0.271 0 0 0 0 0 0 0 0 0 0 0 0.055 0 0 0.301 0 0 0.301 0.001 0.016 0.107 0.448 0.107 0.448 0.835

1 bet 20, 2 raise 50, 1 call  50
0 0.088 0 0 0 0 0 0 0.175 0.175 0 0 0.001 0 0.999 0.001 0 0.999 0.001 0.999 0 0 0 0 0 0 0.597 0.419 0 0 0 0.389 0.997 0.213 0.222 0.223 0.222 0.209 0 0.001 0.139 0 0.857 0 0 0.264 0 0 0 0 0 0 0 0 0.132 0.706 0 0 0 0 0.011 0.757 0 0 0 0 0 0 0 0 0.132 0 0.706 0 0 0 0 0.011 0.757 0 0 0 0 0 0 0 0.996 1 0.999 1 0 0.872 0 0.005 0 0 0.503 0 0 0.005 0 0 0 0.503 0 0.998 0 0.338 0.466 0 0.338 0.466 0 0.269 0.969 0.996 0 0.996 0 0

2 raise 50, 1 raise  70
0 0 0 0 1 0 0 1 0 0 1 1 0.999 1 0 0.999 1 0 0.999 0 0 0 0 0 0 0 0.403 0.581 0.497 0.104 0.104 0.611 0.002 0.787 0.778 0.777 0.778 0.791 1 0.999 0.86 0 0.143 0 0 0.736 0 0 0 0 0 0 0 1 0.867 0.293 0 0.497 0.014 0.015 0.9 0.001 0 0 0 0 0 0 0 1 0.867 1 0.293 0 0.497 0.015 0.014 0.9 0.001 1 1 1 1 1 1 0 0.004 0 0 0 1 0.128 0 0 1 1 0 0 0 0 1 1 1 0 0 0.002 1 0.043 0.533 1 0.043 0.533 1 0.73 0.031 0.004 1 0.004 1 1

root, 1 bet 25
0.001 0 0.122 0.122 0 0.034 0.034 0 0.015 0.015 0 0 0.009 0 0 0.065 0 0 0.065 0 0.161 0.153 0.153 0.17 0.148 0.001 0 0.222 0.042 0.004 0.004 0.133 0.119 0.021 0.003 0.003 0.008 0.022 0 0.414 0 0.027 0 0.076 0.076 0.126 0.161 0.162 0.155 0.171 0.021 0 0.127 0.165 0.002 0.042 0 0.127 0.091 0.083 0.125 0 0.161 0.162 0.155 0.171 0.021 0 0.127 0.165 0.002 0.246 0.042 0 0.127 0.083 0.091 0.125 0 0 0 0 0 0.003 0 0 0.1 0 0.008 0 0.209 0 0.001 0.023 0.084 0.259 0.005 0.042 0.001 0.023 0.084 0.259 0.101 0.005 0.042 0.047 0.095 0 0.012 0.252 0 0.012 0.252 0.165 0.05 0.201 0 0.201 0 0

1 bet 25, 2 call 25
0 0 0 0 0 0 0.153 0.153 0.112 0.067 0 0.011 0 0.011 0 0.799 0 0.957 0 0.957 0.001 0 0 0 0 0 0 0 0.995 0 0 0 0 0.118 0.494 0.526 0.542 0.646 0.848 0.054 0 0 0.001 0.524 0.093 0.093 0 0 0 0 0 0 0 0 0.425 0 0 0 0 0 0 0 0 0 0 0 0 0 0.425 0 0 0 0 0 0.436 0.399 0.041 0.399 0.225 0.041 0.999 0.999 0.999 0.162 0.162 0.041 0 0.985 0.985 0.734 0.248 0.999 0.3 0.339 0.734 0.248 0.999 0.339 0.3 0.999 0.97 0.353 0.632 0.736 0.353 0.632 0.736 0.606 1 1 0.386 1 0.386 0.059

1 bet 25, 2 raise 90
0 0 0 0 0 0 0.847 0.847 0.888 0 0 0 0 0 0 0 0 0 0 0 0 0 0 0 0 0 0 0 0 0 0 0 0 0 0.506 0.474 0.458 0.354 0.152 0.946 1 1 0 0.476 0 0 0 0 0 0 0 0 0 0 0 0 0 0 0 0 0 0 0 0 0 0 0 0 0 0 0 0 0 0 0.564 0.601 0.959 0.601 0.775 0.959 0 0 0 0 0 0.958 1 0.015 0.015 0 0 0 0 0 0 0 0 0 0 0 0.029 0 0.001 0.264 0 0.001 0.264 0.001 0 0 0.614 0 0.614 0.941

1 bet 25, 2 raise 90, 1 call  90
0 0 0 0 1 0 0 1 0.001 0.001 1 1 1 1 1 1 1 1 1 1 0 0 0 0 0 0 1 1 0.997 0.578 0.578 1 1 1 1 1 1 1 1 1 0.051 0 1 0 0 1 0 0 0 0 0 0 0 1 0.043 1 0.572 0.997 0.573 0.573 0.505 1 0 0 0 0 0 0 0 1 0.043 1 1 0.572 0.997 0.573 0.573 0.505 1 1 1 1 1 1 1 0 1 0.508 1 1 1 1 0 0.005 1 1 0 0.001 0 0.005 1 1 1 0 0.001 1 1 0.329 1 1 0.329 1 1 1 1 1 1 1 1 1
