game = '6-max Cash', preflop situation = 'EP openraise BB 3bet EP call', stack = '90', pot = '20', bets = '33 50 75 100 125'

OOP preflop range
6c5c_0.25 6h5h_0.25 6s5s_0.25 7c6c_0.25 7d6d_0.25 7h6h_0.25 7s6s_0.25 8c7c_0.25 8d7d_0.25 8h7h_0.25 8s7s_0.25 9c8c_0.25 9d8d_0.25 9d9c_0.25 9h8h_0.25 9h9c_0.25 9h9d_0.25 9s8s_0.25 9s9c_0.25 9s9d_0.25 9s9h_0.25 Ac2c_0.50 Ac3c_0.25 Ac4c_0.25 Ac5c_0.25 Ac6c_0.50 Ac7c_0.50 Ac8c_0.25 AcJc_0.50 AcKd_0.50 AcKh_0.50 AcKs_0.50 AcQc_1 AcTc_0.25 Ad2d_0.50 Ad3d_0.25 Ad4d_0.25 Ad6d_0.50 Ad7d_0.50 Ad8d_0.25 AdAc_1 AdJd_0.50 AdKd_1 AdKh_0.50 AdKs_0.50 AdQd_1 AdTd_0.25 Ah2h_0.50 Ah3h_0.25 Ah4h_0.25 Ah5h_0.25 Ah6h_0.50 Ah7h_0.50 Ah8h_0.25 AhAc_1 AhAd_1 AhJh_0.50 AhKd_0.50 AhKh_1 AhKs_0.50 AhQh_1 AhTh_0.25 As2s_0.50 As3s_0.25 As4s_0.25 As5s_0.25 As6s_0.50 As7s_0.50 As8s_0.25 AsAc_1 AsAd_1 AsAh_1 AsJs_0.50 AsKd_0.50 AsKh_0.50 AsKs_1 AsTs_0.25 JcTc_0.25 JdJc_0.75 JdTd_0.25 JhJc_0.75 JhJd_0.75 JhTh_0.25 JsJc_0.75 JsJd_0.75 JsJh_0.75 JsTs_0.25 Kd9d_0.25 KdJd_0.50 KdQd_1 KdTd_0.25 Kh9h_0.25 KhJh_0.50 KhKd_1 KhQh_1 KhTh_0.25 Ks9s_0.25 KsJs_0.50 KsKd_1 KsKh_1 KsTs_0.25 QcJc_0.50 QdJd_0.50 QdQc_1 QhJh_0.50 QhQc_1 QhQd_1 Tc9c_0.25 Td9d_0.25 TdTc_0.50 Th9h_0.25 ThTc_0.50 ThTd_0.50 Ts9s_0.25 TsTc_0.50 TsTd_0.50 TsTh_0.50

IP preflop range
6d6c_0.25 6h6c_0.25 6h6d_0.25 6s6c_0.25 6s6d_0.25 6s6h_0.25 7d7c_0.50 7h7c_0.50 7h7d_0.50 7s7c_0.50 7s7d_0.50 7s7h_0.50 8d8c_1 8h8c_1 8h8d_1 8s8c_1 8s8d_1 8s8h_1 9d9c_1 9h9c_1 9h9d_1 9s9c_1 9s9d_1 9s9h_1 Ac2c_1 Ac3c_1 Ac4c_1 Ac5c_1 Ac6c_1 Ac7c_1 Ac8c_1 Ac9c_1 AcJc_1 AcQc_0.75 AcQd_1 AcQh_1 AcTc_1 Ad2d_1 Ad3d_1 Ad4d_1 Ad6d_1 Ad7d_1 Ad8d_1 Ad9d_1 AdJd_1 AdQc_1 AdQd_0.75 AdQh_1 AdTd_1 Ah2h_1 Ah3h_1 Ah4h_1 Ah5h_1 Ah6h_1 Ah7h_1 Ah8h_1 Ah9h_1 AhJh_1 AhQc_1 AhQd_1 AhQh_0.75 AhTh_1 As2s_1 As3s_1 As4s_1 As5s_1 As6s_1 As7s_1 As8s_1 As9s_1 AsJs_1 AsQc_1 AsQd_1 AsQh_1 AsTs_1 JcTc_0.50 JdJc_1 JdTd_0.50 JhJc_1 JhJd_1 JhTh_0.50 JsJc_1 JsJd_1 JsJh_1 JsTs_0.50 KdJd_1 KdQc_0.50 KdQd_1 KdQh_0.50 KhJh_1 KhQc_0.50 KhQd_0.50 KhQh_1 KsJs_1 KsQc_0.50 KsQd_0.50 KsQh_0.50 QcJc_0.50 QdJd_0.50 QdQc_1 QhJh_0.50 QhQc_1 QhQd_1 Tc9c_0.25 Td9d_0.25 TdTc_1 Th9h_0.25 ThTc_1 ThTd_1 Ts9s_0.25 TsTc_1 TsTd_1 TsTh_1

root, 1 check
0 0 0 0 0 0 0 0 0 0 0 0 0 0 0 0 0 0 0 0 0 0 0 0 0 0 0 0.001 0 0 0 0 0 0 0 0 0 0 0.001 0.001 0 0 0 0 0 0 0 0 0 0 0 0 0 0.001 0 0 0 0 0 0 0.001 0 0 0 0 0 0 0 0 0 0 0 0 0 0 0 0 0 0 0 0 0 0 0 0 0 0 0 0 0 0 0 0 0 0 0 0 0 0 0 0 0 0 0 0 0 0 0 0 0 0 0 0 0 0.001 0 0

1 check, 2 check
0.866 0.895 0.891 0.868 0.866 0.894 0.874 0.917 0.92 0.87 0.873 0.916 0.904 0.946 0.953 0.887 0.894 0.937 0.934 0.939 0.934 0.932 0.928 0.932 0.749 0.75 0.75 0.92 0.747 0.751 0.76 0.826 0.999 0.773 0.96 0.974 0.967 0.74 0.74 0.74 0.735 0.743 0.753 0.81 0.971 0.976 0.657 0.928 0.958 0.792 0.792 0.792 0.954 0.807 0.823 0.856 0.951 0.998 0.979 0.908 0.818 0.998 0.789 0.79 0.79 0.949 0.788 0.792 0.802 0.872 0.986 0.958 0.868 0.896 0.965 0.855 0.791 0.789 0.825 0.793 0.91 0.806 0.772 0.824 0.822 0.793 0.299 0.275 0.282 0.857 0.295 0.276 0.276 0.783 0.301 0.284 0.282 0.99 0.963 0.283 0.96 0.287 0.298 0.963 0.962 0.855 0.972 0.873 0.861 0.963 0.855 0.843 0.862

1 check, 2 bet 7
0.027 0.02 0.02 0.027 0.027 0.02 0.03 0.017 0.017 0.03 0.03 0.017 0.031 0.014 0.014 0.032 0.031 0.015 0.04 0.037 0.037 0.039 0.04 0.037 0.064 0.064 0.064 0.036 0.062 0.06 0.06 0.069 0 0.129 0.024 0.018 0.031 0.064 0.064 0.064 0.061 0.059 0.059 0.069 0.026 0.011 0.162 0.059 0.04 0.072 0.073 0.073 0 0.073 0.058 0.033 0.01 0.001 0.018 0.084 0.131 0 0.062 0.062 0.062 0.032 0.059 0.057 0.057 0.064 0.014 0.015 0.074 0.064 0.03 0.105 0.144 0.126 0.129 0.144 0.065 0.139 0.155 0.133 0.122 0.066 0.203 0.186 0.209 0.03 0.207 0.196 0.211 0.101 0.205 0.193 0.211 0.008 0.035 0.234 0.026 0.247 0.24 0.031 0.031 0.055 0.02 0.053 0.054 0.03 0.056 0.056 0.055

2 bet 7, 1 call 7
0.997 0.891 0.998 0.485 0.412 0.042 0.852 0.153 0.028 0 0.504 0.033 0.001 0.992 0 0.983 0.987 0.316 0.989 0.991 0.981 0.879 0.878 0.87 0.999 0.753 0.834 0.859 1 0.841 0.651 0.998 0.995 0.999 0.527 0.52 0.517 0.471 0.59 0.781 1 1 0.449 0.687 1 0.999 0.999 0.018 0.018 0.015 0.999 0.004 0.004 0.005 1 1 1 0.6 0.451 0.742 0.507 0.999 0.991 0.991 0.991 0.999 0.991 0.994 0.996 1 1 1 1 1 0.909 1 0.999 1 0.996 1 0.995 0.997 1 0.995 0.997 0.996 1 0.998 1 0.037 0.999 0.995 0.998 0 0.139 0.998 0.999 1 0 0 1 0.998 0.998 0.262 0.972 0.602 0.987 0.999 0.999 0.583 0.998 0.587 0.584 0.999 0.49 0.489 0.49

2 bet 7, 1 raise 24
0.003 0.109 0.002 0.515 0.588 0.756 0.148 0.746 0.826 0.458 0.456 0.271 0.117 0.006 0.054 0.015 0.011 0.2 0.008 0.007 0.018 0.108 0.111 0.117 0.001 0.031 0.012 0.005 0 0.159 0.349 0.002 0.005 0.001 0.447 0.455 0.458 0.369 0.225 0.024 0 0 0.551 0.313 0 0.001 0.001 0.001 0.001 0.001 0.001 0 0 0 0 0 0 0.4 0.549 0.258 0.493 0.001 0.009 0.009 0.009 0.001 0.007 0.005 0.002 0 0 0 0 0 0.091 0 0.001 0 0 0 0 0 0 0.001 0 0 0 0.002 0 0.963 0.001 0.005 0.001 1 0.861 0.002 0.001 0 1 1 0 0.002 0.002 0.738 0.028 0.398 0.013 0.001 0.001 0.417 0.002 0.412 0.415 0.001 0.509 0.51 0.509

2 bet 7, 1 raise 24, 2 call 24
0.172 0.164 0.168 0.166 0.17 0.162 0.162 0.159 0.16 0.159 0.16 0.157 0.144 0.146 0.146 0.144 0.144 0.146 0.137 0.134 0.132 0.135 0.133 0.13 0.053 0.053 0.053 0.113 0.027 0.026 0.021 0.001 0.445 0.612 0.577 0.569 0.44 0.065 0.064 0.065 0.044 0.038 0.031 0 0.444 0.56 0.575 0.595 0.445 0.048 0.048 0.048 0.077 0.02 0.019 0.012 0.003 0.411 0.545 0.601 0.594 0.415 0.043 0.043 0.043 0.104 0.017 0.017 0.013 0.001 0.438 0.566 0.573 0.595 0.435 0.851 0.214 0.841 0.212 0.215 0.866 0.207 0.211 0.209 0.845 0.721 0.242 0.289 0.07 0.698 0.249 0.167 0.052 0.691 0.267 0.214 0.107 0.417 0.439 0.682 0.289 0.599 0.595 0.418 0.414 0.14 0.368 0.136 0.138 0.42 0.137 0.14 0.136

1 raise 24, 2 raise 83
0.061 0.059 0.059 0.061 0.061 0.06 0.055 0.057 0.056 0.057 0.057 0.058 0.043 0.052 0.048 0.049 0.046 0.055 0.027 0.026 0.025 0.028 0.027 0.025 0.097 0.097 0.097 0.096 0.087 0.083 0.079 0.045 0.137 0.388 0.391 0.35 0.117 0.1 0.099 0.099 0.086 0.081 0.075 0.04 0.151 0.388 0.425 0.405 0.124 0.054 0.054 0.054 0.043 0.046 0.044 0.039 0.008 0.086 0.331 0.399 0.406 0.047 0.11 0.109 0.109 0.108 0.1 0.096 0.091 0.058 0.152 0.394 0.427 0.405 0.125 0.149 0.084 0.159 0.083 0.087 0.134 0.083 0.087 0.086 0.155 0.279 0.758 0.711 0.93 0.302 0.751 0.833 0.948 0.309 0.733 0.786 0.893 0.295 0.336 0.318 0.298 0.401 0.405 0.091 0.091 0.052 0.066 0.044 0.043 0.09 0.051 0.052 0.042

1 check, 2 bet 10
0.021 0.019 0.019 0.022 0.022 0.019 0.021 0.016 0.015 0.022 0.022 0.016 0.019 0.01 0.009 0.021 0.021 0.013 0.016 0.015 0.016 0.016 0.017 0.016 0.06 0.06 0.06 0.01 0.058 0.057 0.056 0.05 0 0.061 0.005 0.005 0.003 0.059 0.059 0.059 0.058 0.056 0.055 0.051 0.003 0.004 0.114 0.006 0.002 0.046 0.046 0.046 0.014 0.04 0.039 0.038 0.028 0 0.003 0.004 0.009 0 0.05 0.05 0.05 0.007 0.048 0.047 0.046 0.037 0 0.005 0.009 0.007 0.004 0.04 0.065 0.068 0.046 0.062 0.022 0.054 0.072 0.043 0.055 0.076 0.151 0.152 0.161 0.072 0.152 0.161 0.162 0.106 0.149 0.157 0.161 0.001 0.002 0.155 0.013 0.154 0.151 0.006 0.007 0.034 0.007 0.031 0.032 0.006 0.036 0.037 0.034

2 bet 10, 1 call 10
0.989 0.792 0.991 0.478 0.387 0.051 0.546 0.274 0.186 0 0.321 0.168 0.028 0.932 0 0.91 0.923 0.216 0.906 0.92 0.886 0.649 0.656 0.662 0.999 0.4 0.446 0.544 1 0.997 0.997 0.997 0.998 0.999 0.689 0.7 0.711 0.446 0.494 0.611 1 1 0.997 0.996 0.997 0.997 0.999 0.217 0.225 0.232 0.998 0.047 0.052 0.066 1 1 0.999 0.718 0.652 0.995 0.967 0.999 0.961 0.962 0.963 0.999 0.633 0.707 0.922 1 1 0.973 1 0.997 0.997 0.999 0.999 1 0.923 1 0.897 0.864 1 0.715 0.691 0.694 1 0.992 0.998 0.284 0.997 0.819 0.98 0.771 0.314 0.964 0.995 0.997 0.546 0.851 0.997 0.985 0.996 0.433 0.656 0.659 0.852 0.997 0.995 0.49 0.987 0.517 0.499 0.997 0.468 0.451 0.477

2 bet 10, 1 raise 30
0.011 0.207 0.009 0.499 0.536 0.755 0.453 0.527 0.561 0.609 0.509 0.425 0.397 0.053 0.411 0.079 0.067 0.455 0.081 0.069 0.105 0.021 0.021 0.021 0.001 0.009 0.005 0.001 0 0.003 0.003 0.003 0.002 0.001 0.08 0.079 0.078 0.035 0.015 0.006 0 0 0.003 0.004 0.003 0.003 0.001 0.006 0.006 0.006 0.001 0.001 0.001 0 0 0 0 0.282 0.348 0.005 0.033 0.001 0.033 0.032 0.031 0.001 0.023 0.012 0.005 0 0 0.027 0 0.003 0.003 0.001 0.001 0 0.066 0 0.091 0.129 0 0.275 0.303 0.3 0 0.008 0.002 0.716 0.003 0.181 0.02 0.229 0.686 0.036 0.005 0.002 0.454 0.149 0.003 0.015 0.004 0.567 0.344 0.341 0.148 0.003 0.005 0.506 0.013 0.47 0.496 0.003 0.516 0.542 0.505

2 bet 10, 1 raise 30, 2 call 30
0.041 0.022 0.027 0.034 0.038 0.019 0.029 0.012 0.013 0.025 0.026 0.01 0.01 0.004 0.003 0.009 0.006 0.004 0.002 0.002 0.002 0.002 0.002 0.002 0.037 0.037 0.037 0.063 0.026 0.026 0.025 0.006 0.31 0.577 0.354 0.353 0.327 0.042 0.042 0.042 0.032 0.03 0.028 0.006 0.318 0.336 0.534 0.404 0.337 0.01 0.01 0.01 0.013 0.009 0.009 0.008 0.007 0.233 0.291 0.357 0.412 0.263 0.028 0.028 0.028 0.054 0.02 0.02 0.02 0.006 0.302 0.354 0.432 0.426 0.319 0.848 0.132 0.844 0.13 0.131 0.868 0.125 0.126 0.123 0.849 0.634 0.143 0.159 0.024 0.603 0.131 0.104 0 0.604 0.134 0.119 0.012 0.261 0.269 0.563 0.26 0.478 0.461 0.327 0.329 0.06 0.29 0.057 0.059 0.327 0.056 0.06 0.055

1 raise 30, 2 raise 80
0.073 0.067 0.066 0.073 0.073 0.067 0.069 0.062 0.062 0.07 0.07 0.062 0.061 0.06 0.057 0.064 0.061 0.06 0.046 0.042 0.041 0.045 0.043 0.04 0.105 0.106 0.106 0.127 0.096 0.096 0.095 0.07 0.157 0.423 0.374 0.349 0.126 0.104 0.104 0.104 0.094 0.094 0.092 0.066 0.163 0.352 0.466 0.362 0.124 0.037 0.037 0.037 0.041 0.028 0.027 0.025 0.015 0.094 0.267 0.304 0.344 0.044 0.106 0.106 0.106 0.129 0.095 0.095 0.094 0.068 0.162 0.357 0.401 0.371 0.127 0.152 0.1 0.156 0.099 0.106 0.132 0.097 0.103 0.1 0.151 0.366 0.857 0.841 0.976 0.397 0.869 0.896 1 0.396 0.866 0.881 0.988 0.295 0.341 0.437 0.263 0.522 0.539 0.094 0.092 0.064 0.066 0.053 0.051 0.09 0.061 0.061 0.047

1 check, 2 bet 15
0.029 0.022 0.024 0.027 0.029 0.022 0.025 0.018 0.017 0.027 0.026 0.019 0.018 0.01 0.008 0.023 0.021 0.014 0.002 0.002 0.003 0.003 0.003 0.003 0.048 0.048 0.048 0 0.049 0.048 0.046 0.023 0 0.027 0.006 0.003 0 0.051 0.051 0.051 0.054 0.051 0.048 0.026 0 0.005 0.06 0.006 0 0.04 0.04 0.04 0.004 0.036 0.036 0.033 0.005 0 0 0.002 0.038 0 0.036 0.036 0.036 0 0.038 0.037 0.034 0.009 0 0.011 0.043 0.032 0 0.001 0 0.016 0 0 0.002 0 0 0 0.001 0.042 0.098 0.116 0.11 0.028 0.102 0.124 0.113 0.009 0.097 0.119 0.108 0 0 0.107 0 0.1 0.106 0 0 0.02 0 0.014 0.015 0 0.019 0.021 0.014

2 bet 15, 1 call 15
0.987 0.87 0.986 0.969 0.751 0.118 0.951 0.063 0.006 0 0.055 0.001 0 0.424 0 0.365 0.38 0.002 0.377 0.391 0.333 0.361 0.366 0.37 0.999 0.003 0.004 0.007 0.999 0.546 0.477 0.598 0.964 0.999 0.41 0.413 0.416 0.002 0.002 0.003 0.999 0.999 0.969 0.636 0.819 0.961 0.999 0.006 0.007 0.007 0.998 0 0 0 0.999 0.999 0.999 0.473 0.403 0.514 0.591 0.999 0.982 0.982 0.982 0.999 0.405 0.427 0.383 0.999 0.999 0.999 0.999 0.702 0.623 0.983 0.999 0.999 0.487 0.999 0.469 0.46 0.999 0.466 0.464 0.455 0.999 0.325 0.366 0.259 0.436 0.056 0.056 0.002 0.293 0.107 0.459 0.466 0 0 0.556 0.339 0.415 0.099 0.009 0.263 0.469 0.998 0.997 0.434 0.985 0.416 0.41 0.998 0.423 0.416 0.399

2 bet 15, 1 raise 40
0.013 0.129 0.013 0.025 0.015 0.119 0.046 0.012 0.006 0.03 0.022 0.091 0.041 0.298 0.23 0.421 0.399 0.2 0.391 0.37 0.5 0 0 0 0 0 0 0 0 0.453 0.523 0.401 0.036 0 0 0 0 0 0 0 0.001 0 0.031 0.363 0.18 0.039 0 0.002 0.002 0.002 0.002 0.001 0.001 0 0.001 0.001 0 0.527 0.596 0.486 0.409 0 0.016 0.016 0.015 0 0.012 0.005 0.001 0.001 0.001 0.001 0 0.298 0.376 0.017 0 0.001 0.438 0 0.375 0.507 0.001 0.353 0.492 0.432 0 0.675 0.634 0.741 0.564 0.943 0.944 0.998 0.707 0.893 0.54 0.534 1 1 0.443 0.661 0.585 0.901 0.99 0.737 0.531 0.002 0.002 0.142 0.015 0.138 0.163 0.002 0.123 0.152 0.145

2 bet 15, 1 raise 40, 2 call 40
0.017 0.012 0.013 0.016 0.016 0.012 0.014 0.009 0.009 0.012 0.013 0.008 0.01 0.005 0.005 0.007 0.008 0.003 0.001 0.001 0.001 0.001 0.001 0.001 0.009 0.009 0.009 0.04 0.007 0.006 0.005 0.004 0.185 0.798 0.613 0.586 0.224 0.009 0.009 0.009 0.008 0.007 0.004 0.003 0.188 0.561 0.775 0.666 0.206 0.007 0.007 0.007 0.008 0.005 0.005 0.005 0.005 0.055 0.505 0.59 0.733 0.085 0.004 0.004 0.004 0.04 0.004 0.003 0.003 0.003 0.204 0.679 0.707 0.736 0.22 0.925 0 0.908 0.001 0.001 0.885 0 0 0 0.918 0.797 0.228 0.171 0.001 0.821 0.226 0.052 0.043 0.798 0.266 0.158 0.085 0.148 0.221 0.36 0.116 0.245 0.218 0.247 0.239 0.017 0.196 0.014 0.014 0.249 0.015 0.016 0.012

1 raise 40, 2 raise 75
0.028 0.028 0.028 0.028 0.028 0.028 0.029 0.027 0.027 0.029 0.029 0.027 0.029 0.027 0.027 0.029 0.029 0.027 0.031 0.031 0.031 0.031 0.031 0.031 0.043 0.043 0.043 0.065 0.037 0.037 0.037 0.037 0.078 0.202 0.307 0.253 0.103 0.046 0.046 0.046 0.039 0.039 0.039 0.038 0.127 0.263 0.225 0.269 0.111 0.011 0.011 0.011 0.013 0.01 0.01 0.01 0.01 0.024 0.165 0.227 0.267 0.025 0.041 0.041 0.041 0.061 0.037 0.037 0.037 0.037 0.088 0.29 0.292 0.264 0.097 0.075 0.02 0.092 0.025 0.034 0.077 0.022 0.024 0.023 0.082 0.203 0.772 0.829 0.999 0.179 0.774 0.948 0.957 0.202 0.734 0.842 0.915 0.128 0.205 0.64 0.129 0.755 0.782 0.06 0.061 0.027 0.044 0.026 0.026 0.06 0.026 0.027 0.025

1 check, 2 bet 20
0.011 0.008 0.008 0.011 0.011 0.008 0.009 0.003 0.002 0.01 0.009 0.003 0 0 0 0.005 0.003 0 0 0 0 0 0 0 0.024 0.024 0.024 0 0.026 0.026 0.023 0.003 0 0.01 0.005 0 0 0.026 0.026 0.026 0.029 0.027 0.025 0.005 0 0.004 0.007 0.001 0 0.019 0.02 0.02 0.005 0.018 0.017 0.015 0.004 0 0 0.001 0.004 0 0.019 0.019 0.019 0 0.021 0.021 0.018 0 0 0.011 0.006 0.001 0 0 0 0.001 0 0 0.001 0 0 0 0 0.022 0.056 0.073 0.056 0.012 0.057 0.068 0.061 0.001 0.057 0.068 0.058 0 0 0.032 0 0.025 0.028 0 0 0 0 0 0 0 0 0 0

2 bet 20, 1 call 20
0.97 0.536 0.97 0.003 0 0 0.039 0 0 0 0 0 0 0.434 0 0.408 0.421 0 0.419 0.433 0.403 0 0 0 0.99 0 0 0 0.995 0.555 0.541 0.579 0.601 0.997 0 0 0 0 0 0 0.955 0.993 0.559 0.522 0.56 0.494 0.996 0 0 0 0.966 0 0 0 0.908 0.824 0.992 0.476 0.463 0.493 0.419 0.997 0.008 0.008 0.008 0.993 0 0 0.001 0.969 0.956 0.859 0.996 0.565 0.552 0.619 0.998 0.999 0.284 0.998 0.269 0.282 0.991 0.267 0.28 0.266 0.999 0.353 0.337 0.25 0.375 0.111 0.086 0.407 0.283 0.152 0.407 0.382 0.326 0.335 0.413 0.033 0.002 0.351 0.001 0.358 0.382 0.991 0.994 0.272 0.956 0.25 0.259 0.992 0.261 0.268 0.246

2 bet 20, 1 raise 50
0.013 0.226 0.015 0.011 0.005 0.039 0.019 0.005 0.002 0.038 0.008 0.077 0.035 0.031 0.188 0.054 0.039 0.138 0.062 0.043 0.075 0 0 0 0.001 0 0 0 0 0.445 0.458 0.42 0.399 0 0 0 0 0 0 0 0.044 0 0.441 0.477 0.438 0.505 0 0.001 0.001 0.001 0.001 0.001 0 0 0.092 0.176 0.001 0.524 0.536 0.506 0.581 0 0 0 0 0.002 0 0 0 0.031 0.043 0.141 0.001 0.435 0.448 0.381 0 0.001 0.244 0.001 0.197 0.299 0.008 0.172 0.275 0.23 0.001 0.646 0.663 0.75 0.625 0.888 0.913 0.593 0.717 0.846 0.592 0.617 0.674 0.665 0.586 0.966 0.998 0.649 0.999 0.642 0.618 0.008 0.006 0.131 0.042 0.135 0.136 0.008 0.13 0.133 0.135

2 bet 20, 1 raise 50, 2 call 50
0.008 0.002 0.002 0.008 0.008 0.002 0.007 0.001 0.001 0.006 0.006 0.001 0.004 0.001 0.001 0.003 0.003 0.001 0.001 0.001 0.001 0.001 0.001 0.001 0.005 0.005 0.005 0.045 0.003 0.003 0.003 0.003 0.214 0.893 0.791 0.811 0.238 0.005 0.005 0.005 0.004 0.004 0.004 0.004 0.221 0.736 0.884 0.835 0.211 0.003 0.003 0.003 0.004 0.002 0.002 0.002 0.003 0.019 0.624 0.779 0.876 0.052 0.005 0.005 0.005 0.054 0.004 0.004 0.004 0.004 0.244 0.827 0.846 0.864 0.231 0.995 0 0.995 0 0.001 0.891 0 0 0 0.995 0.785 0.175 0.042 0.187 0.809 0.191 0.093 0.18 0.802 0.201 0.119 0.204 0.338 0.398 0.166 0.096 0.169 0.137 0.23 0.204 0.012 0.088 0.009 0.01 0.228 0.009 0.01 0.007

1 raise 50, 2 raise 70
0.004 0.004 0.004 0.004 0.004 0.004 0.004 0.004 0.004 0.004 0.004 0.004 0.004 0.004 0.004 0.004 0.004 0.004 0.005 0.005 0.005 0.005 0.005 0.005 0.008 0.008 0.008 0.011 0.007 0.007 0.007 0.007 0.013 0.107 0.209 0.189 0.014 0.008 0.008 0.008 0.007 0.007 0.007 0.007 0.014 0.182 0.115 0.165 0.015 0.004 0.004 0.004 0.005 0.004 0.004 0.004 0.004 0.008 0.106 0.154 0.124 0.009 0.007 0.007 0.007 0.009 0.006 0.006 0.006 0.006 0.009 0.173 0.154 0.136 0.011 0.005 0.001 0.005 0.001 0 0.004 0.002 0.002 0.001 0.005 0.215 0.825 0.958 0.813 0.191 0.809 0.907 0.82 0.198 0.799 0.881 0.796 0.019 0.063 0.834 0.038 0.831 0.863 0.008 0.01 0.003 0.009 0.003 0.003 0.008 0.003 0.003 0.003

1 check, 2 bet 25
0.046 0.037 0.038 0.045 0.046 0.036 0.04 0.029 0.029 0.04 0.04 0.029 0.029 0.019 0.017 0.032 0.03 0.021 0.008 0.007 0.01 0.009 0.012 0.012 0.055 0.055 0.055 0.034 0.058 0.058 0.055 0.03 0 0 0 0 0 0.06 0.06 0.06 0.064 0.062 0.059 0.039 0 0 0 0 0 0.03 0.03 0.03 0.022 0.027 0.028 0.025 0.002 0.001 0 0 0 0 0.043 0.043 0.043 0.013 0.046 0.046 0.043 0.018 0 0 0 0 0 0 0 0 0 0 0 0 0 0 0 0.001 0.193 0.199 0.181 0 0.186 0.175 0.177 0.001 0.191 0.18 0.18 0 0 0.189 0 0.187 0.177 0 0 0.037 0 0.029 0.037 0 0.034 0.043 0.035

2 bet 25, 1 call 25
0.008 0.001 0.009 0 0 0 0 0 0 0 0 0 0 0.128 0 0.141 0.138 0 0.133 0.131 0.145 0 0 0 0.283 0 0 0 0.273 0.536 0.5 0.527 0.496 0.348 0 0 0 0 0 0 0.893 0.264 0.473 0.491 0.521 0.43 0.35 0 0 0 0.197 0 0 0 0.876 0.891 0.211 0.508 0.523 0.583 0.478 0.317 0 0 0 0.342 0 0 0 0.937 0.944 0.828 0.263 0.587 0.586 0.556 0.385 0.31 0.433 0.331 0.424 0.44 0.447 0.418 0.436 0.425 0.285 0.456 0.331 0.327 0.425 0.481 0.408 0.357 0.311 0.439 0.547 0.413 0.348 0.348 0.505 0.615 0.567 0.46 0.598 0.462 0.462 0.018 0.017 0.294 0 0.283 0.286 0.041 0.287 0.29 0.279

2 bet 25, 1 raise 90
0 0 0 0 0 0 0 0 0 0 0 0 0 0 0 0 0 0 0 0 0 0 0 0 0.003 0 0 0 0.04 0.388 0.361 0.235 0.503 0.001 0 0 0 0 0 0 0.047 0.014 0.527 0.37 0.245 0.57 0 0 0 0 0.002 0 0 0 0.124 0.109 0.123 0.492 0.477 0.417 0.521 0.002 0 0 0 0.038 0 0 0 0.057 0.053 0.172 0.2 0.413 0.414 0.444 0.004 0.69 0 0.669 0 0 0.552 0 0 0 0.715 0.544 0.669 0.673 0.575 0.376 0.59 0.643 0.689 0.427 0.452 0.587 0.652 0.652 0.493 0.381 0.43 0.54 0.397 0.538 0.538 0.283 0.176 0 0.042 0 0 0.267 0 0 0

2 bet 25, 1 raise 90, 2 call 90
0 0 0 0 0 0 0 0 0 0 0 0 0 0 0 0 0 0 0 0 0 0 0 0 0 0 0 0 0 0 0 0 0 0.542 0.483 0.473 0 0 0 0 0 0 0 0 0 0.428 0.59 0.469 0 0 0 0 0 0 0 0 0 0 0.398 0.45 0.529 0 0 0 0 0 0 0 0 0 0 0.495 0.548 0.537 0 0 0 0 0 0 0 0 0 0 0 0.999 1 1 1 0.77 1 1 1 0.999 1 1 1 0 0.026 1 0 1 1 0 0 0 0 0 0 0 0 0 0

root, 1 bet 7
0.007 0.011 0.006 0.248 0.319 0.263 0.267 0.32 0.398 0.276 0.338 0.301 0.378 0.224 0.235 0.198 0.201 0.312 0.212 0.216 0.194 0.277 0.293 0.283 0.12 0.27 0.281 0.365 0.454 0.2 0.211 0.224 0.588 0.241 0.308 0.32 0.312 0.273 0.282 0.364 0.315 0.391 0.144 0.219 0.237 0.531 0.302 0.356 0.371 0.357 0.226 0.315 0.311 0.372 0.326 0.343 0.431 0.169 0.174 0.191 0.52 0.311 0.251 0.267 0.26 0.148 0.237 0.25 0.328 0.359 0.377 0.356 0.461 0.233 0.244 0.208 0.266 0.395 0.605 0.383 0.615 0.568 0.383 0.654 0.492 0.619 0.348 0.27 0.246 0.157 0.32 0.287 0.269 0.304 0.16 0.367 0.408 0.289 0.27 0.285 0.401 0.573 0.493 0.436 0.534 0.447 0.54 0 0.001 0.256 0 0.416 0.424 0 0.277 0.27 0.447

1 bet 7, 2 call 7
0.41 0.047 0.08 0.342 0.443 0.06 0.201 0.015 0.015 0.164 0.243 0.019 0.168 0.027 0.027 0.138 0.189 0.032 0.025 0.017 0.02 0.016 0.021 0.012 0.04 0.05 0.059 0.926 0 0 0 0 0.98 1 0.968 0.98 0.957 0.151 0.173 0.192 0 0 0 0 0.963 1 0.961 0.971 0.936 0 0 0 0.66 0 0 0 0 0.913 0.996 0.949 0.99 0.896 0.013 0.015 0.018 0.955 0 0 0 0 0.994 1 0.983 0.968 0.902 1 0.891 1 0.599 0.985 1 0.635 0.995 0.74 1 0.965 0.643 0.862 0.639 0.956 0.9 0.657 0.729 0.984 0.76 0.683 0.768 1 1 1 1 1 1 0.95 0.818 0.24 0.835 0.062 0.192 0.915 0.187 0.272 0.128

1 bet 7, 2 raise 24
0 0 0 0 0 0 0 0 0 0 0 0 0 0 0 0 0 0 0 0 0 0 0 0 0.049 0.051 0.053 0.074 0 0 0 0 0.02 0 0.032 0.02 0.043 0.04 0.038 0.038 0 0 0 0 0.037 0 0.039 0.029 0.064 0 0 0 0.095 0 0 0 0 0.087 0.004 0.051 0.01 0.104 0.031 0.031 0.031 0.045 0 0 0 0 0.006 0 0.017 0.032 0.098 0 0 0 0 0 0 0 0 0 0 0.035 0.357 0.138 0.361 0.044 0.1 0.343 0.271 0.016 0.24 0.317 0.232 0 0 0 0 0 0 0.05 0.182 0.003 0.165 0 0 0.085 0.001 0.018 0

1 bet 7, 2 raise 24, 1 call  24
0.413 0.022 0.413 0 0 0 0 0 0 0 0 0 0 0.358 0 0.336 0.351 0 0.343 0.358 0.335 0 0 0 0.599 0 0 0 0.928 0.589 0.545 0.622 0.792 0.764 0 0 0 0 0 0 0.609 0.857 0.521 0.537 0.627 0.788 0.743 0 0 0 0.479 0 0 0 0.673 0.721 0.778 0.595 0.559 0.621 0.82 0.681 0 0 0 0.761 0 0 0 0.584 0.631 0.623 0.982 0.57 0.524 0.542 0.923 0 0.328 0 0.267 0.291 0.125 0.31 0.331 0.27 0 0.801 0.549 0.393 0.679 0.885 0.536 0.985 0.341 0.781 0.995 0.628 0.966 0.948 0.963 0.786 0.656 0.824 0.576 0.898 0.845 0.455 0.477 0.214 0.395 0.208 0.208 0.473 0.184 0.196 0.173

2 raise 24, 1 raise  83
0 0 0 0 0 0 0 0 0 0 0 0 0 0 0 0 0 0 0 0 0 0 0 0 0.135 0 0 0 0.001 0.411 0.455 0.378 0.208 0.001 0 0 0 0 0 0 0.39 0.001 0.479 0.463 0.373 0.212 0 0 0 0 0 0 0 0 0.326 0.279 0 0.405 0.441 0.379 0.18 0 0 0 0 0.21 0 0 0 0.416 0.369 0.377 0.015 0.43 0.476 0.458 0.001 1 0 1 0 0 0.875 0 0 0 1 0.199 0.451 0.607 0.321 0.115 0.464 0.015 0.659 0.219 0.005 0.372 0.034 0.052 0.037 0.202 0.344 0.176 0.324 0.102 0.155 0.291 0.095 0 0 0 0 0.188 0 0 0

root, 1 bet 10
0.28 0.185 0.287 0.424 0.449 0.4 0.433 0.445 0.49 0.387 0.449 0.393 0.438 0.34 0.322 0.361 0.371 0.388 0.335 0.349 0.369 0.353 0.364 0.357 0.388 0.386 0.387 0.462 0.441 0.3 0.294 0.301 0.345 0.423 0.313 0.318 0.313 0.312 0.311 0.37 0.4 0.447 0.298 0.317 0.322 0.385 0.465 0.373 0.379 0.371 0.27 0.384 0.398 0.433 0.392 0.416 0.381 0.287 0.282 0.281 0.305 0.428 0.358 0.369 0.366 0.367 0.399 0.401 0.479 0.396 0.416 0.408 0.433 0.309 0.308 0.303 0.421 0.41 0.357 0.45 0.356 0.347 0.506 0.33 0.267 0.33 0.504 0.427 0.369 0.28 0.421 0.426 0.354 0.485 0.259 0.421 0.491 0.403 0.468 0.471 0.467 0.402 0.382 0.37 0.379 0.369 0.41 0.223 0.272 0.291 0.223 0.463 0.48 0.234 0.28 0.295 0.463

1 bet 10, 2 call 10
0.248 0 0.001 0.007 0.261 0 0.041 0 0 0 0.076 0 0.104 0 0.001 0.04 0.134 0 0.006 0 0 0 0.015 0 0 0 0 0.999 0 0 0 0 1 1 1 1 1 0.002 0.017 0.041 0 0 0 0 1 1 1 1 1 0 0 0 0.142 0 0 0 0 1 1 1 1 0.999 0 0 0 1 0 0 0 0 1 1 1 1 1 1 0.487 1 0.394 0.601 1 0.407 0.588 0.495 1 0.989 0.905 0.999 0.904 0.999 1 0.931 0.921 1 0.924 0.903 0.989 1 1 1 1 1 1 1 1 0.109 1 0.016 0.136 1 0.048 0.158 0.066

1 bet 10, 2 raise 30
0 0 0 0 0 0 0 0 0 0 0 0 0 0 0 0 0 0 0 0 0 0 0 0 0.013 0.013 0.013 0 0 0 0 0 0 0 0 0 0 0.018 0.018 0.017 0 0 0 0 0 0 0 0 0 0 0 0 0.052 0 0 0 0 0 0 0 0 0 0.014 0.014 0.014 0 0 0 0 0 0 0 0 0 0 0 0 0 0 0 0 0 0 0 0 0.011 0.095 0.001 0.096 0.001 0 0.069 0.079 0 0.076 0.097 0.011 0 0 0 0 0 0 0 0 0 0 0 0 0 0 0 0

1 bet 10, 2 raise 30, 1 call  30
0.112 0 0.111 0 0 0 0 0 0 0 0 0 0 0.106 0 0.094 0.101 0 0.099 0.105 0.094 0 0 0 0.213 0 0 0 0.307 0.276 0.25 0.272 0.457 0.343 0 0 0 0 0 0 0.344 0.27 0.274 0.26 0.273 0.382 0.337 0 0 0 0.179 0 0 0 0.323 0.358 0.267 0.241 0.215 0.266 0.4 0.347 0 0 0 0.245 0 0 0 0.364 0.387 0.313 0.29 0.278 0.234 0.255 0.354 0 0.016 0 0.004 0.012 0 0.007 0.015 0.003 0 0.393 0.349 0.168 0.359 0.387 0.325 0.498 0.138 0.349 0.422 0.375 0.48 0.482 0.401 0.386 0.359 0.418 0.356 0.408 0.422 0.121 0.11 0.014 0.075 0.005 0.009 0.118 0.01 0.014 0.005

2 raise 30, 1 raise  80
0.004 0 0.005 0 0 0 0 0 0 0 0 0 0 0 0 0 0 0 0 0 0 0 0 0 0.368 0 0 0 0.41 0.681 0.75 0.609 0.485 0.268 0 0 0 0 0 0 0.482 0.358 0.698 0.648 0.521 0.511 0.158 0 0 0 0.001 0 0 0 0.643 0.544 0.177 0.713 0.757 0.683 0.57 0 0 0 0 0.363 0 0 0 0.634 0.509 0.652 0.45 0.719 0.766 0.745 0.271 1 0 1 0 0 1 0 0 0 1 0.59 0.649 0.832 0.64 0.477 0.621 0.502 0.862 0.557 0.453 0.577 0.52 0.518 0.532 0.28 0.478 0.582 0.337 0.592 0.578 0.349 0.264 0 0.001 0 0 0.354 0 0 0

root, 1 bet 15
0.351 0.323 0.323 0.206 0.164 0.203 0.205 0.136 0.082 0.164 0.138 0.128 0.099 0.227 0.145 0.208 0.202 0.134 0.231 0.23 0.212 0.173 0.162 0.169 0.312 0.192 0.191 0.126 0.07 0.189 0.191 0.182 0.049 0.191 0.153 0.147 0.154 0.188 0.187 0.128 0.12 0.14 0.225 0.171 0.166 0.073 0.218 0.113 0.11 0.119 0.246 0.149 0.146 0.108 0.13 0.113 0.131 0.189 0.192 0.188 0.082 0.23 0.195 0.181 0.184 0.28 0.207 0.204 0.139 0.107 0.102 0.121 0.098 0.179 0.175 0.203 0.238 0.195 0.007 0.167 0.016 0.032 0.111 0.003 0.083 0.034 0.149 0.163 0.214 0.236 0.207 0.143 0.157 0.209 0.223 0.154 0.079 0.188 0.26 0.242 0.124 0.024 0.08 0.098 0.053 0.099 0.049 0.295 0.339 0.262 0.327 0.089 0.093 0.318 0.224 0.24 0.067

1 bet 15, 2 call 15
0 0 0 0 0 0 0 0 0 0 0 0 0 0 0 0 0 0 0 0 0 0 0 0 0 0 0 0.708 0 0 0 0 1 1 1 0.879 1 0 0 0 0 0 0 0 1 1 1 1 1 0 0 0 0 0 0 0 0 0.999 0.998 1 1 0.496 0 0 0 0.806 0 0 0 0 1 0.765 1 1 1 1 0 1 0 0.007 1 0 0.06 0.001 1 1 1 1 1 1 1 1 1 1 1 1 1 1 1 1 1 1 1 1 0.999 0 0.498 0 0 1 0 0 0

1 bet 15, 2 raise 40
0 0 0 0 0 0 0 0 0 0 0 0 0 0 0 0 0 0 0 0 0 0 0 0 0 0 0 0 0 0 0 0 0 0 0 0 0 0 0 0 0 0 0 0 0 0 0 0 0 0 0 0 0 0 0 0 0 0 0 0 0 0 0 0 0 0 0 0 0 0 0 0 0 0 0 0 0 0 0 0 0 0 0 0 0 0 0 0 0 0 0 0 0 0 0 0 0 0 0 0 0 0 0 0 0 0 0 0 0 0 0 0 0

1 bet 15, 2 raise 40, 1 call  40
0.005 0.004 0.003 0 0 0 0 0 0 0 0 0 0 0 0 0 0 0 0 0 0 0 0 0 0 0 0 0 0.05 0.041 0.045 0.03 0 0 0 0 0 0 0 0 0.014 0.01 0.05 0.057 0.044 0 0 0 0 0 0.008 0 0 0 0.009 0.004 0.002 0.039 0.044 0.038 0.001 0.008 0 0 0 0 0 0 0 0.033 0.033 0.012 0.023 0.048 0.05 0.031 0 0.118 0 0.07 0 0 0.296 0 0 0 0.12 0.18 0.171 0.025 0.171 0.174 0.158 0.226 0.004 0.161 0.197 0.182 0.207 0.212 0.19 0 0 0.167 0 0.135 0.146 0.006 0.006 0 0.009 0 0 0.005 0 0 0

2 raise 40, 1 raise  75
0.101 0.012 0.114 0.022 0.016 0.004 0.022 0.015 0.009 0 0.015 0.017 0.011 0.017 0 0.017 0.017 0.017 0.016 0.017 0.017 0 0 0 0.295 0 0 0 0.462 0.825 0.856 0.787 0.61 0.204 0 0 0 0 0 0 0.909 0.511 0.95 0.941 0.852 0.578 0.231 0 0 0 0.078 0 0 0 0.94 0.996 0.281 0.943 0.956 0.903 0.567 0.041 0 0 0 0.374 0 0 0 0.911 0.967 0.988 0.548 0.929 0.95 0.969 0.293 0.882 0.018 0.93 0.018 0.021 0.704 0.017 0.019 0.019 0.88 0.583 0.689 0.975 0.641 0.523 0.629 0.774 0.996 0.579 0.499 0.621 0.793 0.788 0.552 0.375 0.358 0.833 0.261 0.865 0.854 0.131 0.106 0.018 0.077 0.018 0.018 0.13 0.018 0.018 0.018

root, 1 bet 20
0.361 0.481 0.383 0.121 0.068 0.133 0.094 0.098 0.03 0.172 0.075 0.178 0.084 0.209 0.296 0.232 0.224 0.165 0.222 0.204 0.225 0.196 0.18 0.19 0.18 0.152 0.141 0.046 0.034 0.31 0.303 0.291 0.017 0.146 0.224 0.214 0.22 0.227 0.218 0.137 0.165 0.022 0.332 0.291 0.274 0.011 0.014 0.156 0.139 0.153 0.245 0.152 0.144 0.086 0.152 0.127 0.057 0.352 0.35 0.335 0.093 0.03 0.195 0.182 0.19 0.205 0.156 0.145 0.053 0.137 0.103 0.113 0.007 0.278 0.272 0.284 0.075 0 0.03 0 0.012 0.052 0 0.011 0.157 0.017 0 0.14 0.17 0.324 0.052 0.14 0.22 0.001 0.354 0.058 0.022 0.12 0.002 0.002 0.008 0 0.044 0.095 0.033 0.085 0.001 0.478 0.386 0.19 0.447 0.031 0.003 0.444 0.216 0.193 0.023

1 bet 20, 2 call 20
0 0 0 0 0 0 0 0 0 0 0 0 0 0 0 0 0 0 0 0 0 0 0 0 0 0 0 0.309 0 0 0 0 0.999 1 0.76 0.684 0.706 0 0 0 0 0 0 0 1 0.498 1 0.896 0.764 0 0 0 0 0 0 0 0 0.774 0.612 0.998 1 0.204 0 0 0 0.399 0 0 0 0 0.999 0.477 0.967 0.935 0.747 1 0 1 0 0 1 0 0 0 1 1 1 1 1 1 1 1 1 1 1 1 1 1 1 1 0.997 1 1 0.333 0.001 0 0 0 0 0.186 0 0 0

1 bet 20, 2 raise 50
0 0 0 0 0 0 0 0 0 0 0 0 0 0 0 0 0 0 0 0 0 0 0 0 0 0 0 0 0 0 0 0 0 0 0 0 0 0 0 0 0 0 0 0 0 0 0 0 0 0 0 0 0 0 0 0 0 0 0 0 0 0 0 0 0 0 0 0 0 0 0 0 0 0 0 0 0 0 0 0 0 0 0 0 0 0 0 0 0 0 0 0 0 0 0 0 0 0 0 0 0 0 0 0 0 0 0 0 0 0 0 0 0

1 bet 20, 2 raise 50, 1 call  50
0 0 0 0 0 0 0 0 0 0 0 0 0 0 0 0 0 0 0 0 0 0 0 0 0.044 0 0 0 0 0.004 0.004 0.009 0 0 0 0 0 0 0 0 0.018 0 0.001 0 0.007 0 0 0 0 0 0 0 0 0 0.026 0.023 0 0.005 0.004 0.01 0 0 0 0 0 0.098 0 0 0 0.011 0.009 0.014 0.011 0.001 0 0.001 0.062 0 0 0 0 0 0 0 0 0 0 0.048 0 0 0.011 0.026 0 0.197 0 0.011 0.056 0 0.182 0.195 0.027 0 0 0 0 0.003 0 0.058 0 0 0 0 0 0.041 0 0 0

2 raise 50, 1 raise  70
0 0 0 0 0 0 0 0 0 0 0 0 0 0 0 0 0 0 0 0 0 0 0 0 0.128 0 0 0 0.343 0.994 0.996 0.936 0.671 0.023 0 0 0 0 0 0 0.982 0.184 0.999 1 0.986 0.454 0.054 0 0 0 0.113 0 0 0 0.969 0.976 0 0.984 0.996 0.968 0.433 0 0 0 0 0.28 0 0 0 0.989 0.991 0.986 0.603 0.999 1 0.999 0.176 1 0 1 0 0 1 0 0 0 1 0.827 0.998 1 0.938 0.751 0.915 0.803 1 0.838 0.716 0.947 0.818 0.805 0.803 0 0 1 0.028 0.997 1 0.325 0.305 0 0.176 0 0 0.332 0 0 0

root, 1 bet 25
0 0 0.001 0.002 0.001 0.001 0.001 0.001 0.001 0.001 0.001 0.001 0.001 0 0.002 0 0.001 0.001 0 0 0 0.001 0.001 0.001 0 0 0 0 0.001 0.001 0.002 0.001 0 0 0.002 0.001 0.001 0 0 0 0 0 0.001 0.002 0.001 0 0 0.002 0.001 0.001 0.012 0 0 0 0.001 0.001 0.001 0.004 0.002 0.005 0.001 0 0 0 0 0 0 0 0 0 0 0.001 0 0.001 0.001 0.001 0 0 0 0 0 0 0 0 0.001 0 0 0 0 0.003 0 0.003 0.001 0 0.004 0.001 0 0 0 0 0 0 0.001 0 0.001 0 0 0.003 0.003 0.001 0.003 0 0 0.004 0.002 0.001 0

1 bet 25, 2 call 25
0 0 0 0 0 0 0 0 0 0 0 0 0 0 0 0 0 0 0 0 0 0 0 0 0 0 0 0.022 0 0 0 0 0.61 0.99 0.756 0.772 0.503 0 0 0 0 0 0 0 0.585 0.612 0.987 0.954 0.502 0.001 0.001 0.001 0.001 0 0 0 0 0.394 0.576 0.855 0.942 0.309 0 0 0 0.098 0 0 0 0 0.597 0.599 0.898 0.945 0.517 0.979 0 0.98 0 0 0.998 0 0 0 0.98 0.999 0.995 0.996 0.914 0.984 0.998 0.996 0.957 0.986 0.996 0.947 0.907 0.969 0.985 1 0.6 1 1 0.144 0.073 0 0 0 0 0.101 0 0 0

1 bet 25, 2 raise 90
0 0 0 0 0 0 0 0 0 0 0 0 0 0 0 0 0 0 0 0 0 0 0 0 0 0 0 0 0 0 0 0 0.001 0 0 0.021 0 0 0 0 0 0 0 0 0 0 0 0.018 0 0.001 0.001 0.001 0.001 0.001 0.001 0.001 0 0.001 0 0.001 0.026 0 0 0 0 0 0 0 0 0 0.001 0 0.001 0.029 0.001 0.018 0 0.018 0 0 0.002 0 0 0 0.018 0 0.005 0.004 0.086 0.001 0.002 0.004 0.043 0.002 0.004 0.053 0.093 0 0 0 0.024 0 0 0 0 0 0 0 0 0 0 0 0

1 bet 25, 2 raise 90, 1 call  90
0 0 0 0 0 0 0 0 0 0 0 0 0 0 0 0 0 0 0 0 0 0 0 0 0.07 0 0 0 0 1 1 1 1 0 0 0 0 0 0 0 1 0 1 1 1 1 0 0 0 0 0.012 0 0 0 1 1 0 0.999 0.997 0.999 0.998 0 0 0 0 0.026 0 0 0 1 1 1 0 1 1 1 0 1 0 1 0 0 0.068 0 0 0 1 1 1 1 1 1 0.997 1 1 1 1 1 1 1 1 0 0 1 0.036 1 1 0 0 0 0 0 0 0 0 0 0
