game = '6-max Cash', preflop situation = 'EP openraise BB 3bet EP call', stack = '90', pot = '20', bets = '33 50 75 100 125'

OOP preflop range
6d5d_0.25 6h5h_0.25 6s5s_0.25 7d6d_0.25 7h6h_0.25 7s6s_0.25 8c7c_0.25 8d7d_0.25 8h7h_0.25 8s7s_0.25 9c8c_0.25 9d8d_0.25 9d9c_0.25 9h8h_0.25 9h9c_0.25 9h9d_0.25 9s8s_0.25 9s9c_0.25 9s9d_0.25 9s9h_0.25 Ac2c_0.50 Ac3c_0.25 Ac4c_0.25 Ac5c_0.25 Ac7c_0.50 Ac8c_0.25 AcJc_0.50 AcKc_1 AcKd_0.50 AcKh_0.50 AcKs_0.50 AcTc_0.25 Ad2d_0.50 Ad3d_0.25 Ad4d_0.25 Ad5d_0.25 Ad6d_0.50 Ad7d_0.50 Ad8d_0.25 AdAc_1 AdJd_0.50 AdKc_0.50 AdKd_1 AdKh_0.50 AdKs_0.50 AdTd_0.25 Ah2h_0.50 Ah3h_0.25 Ah4h_0.25 Ah5h_0.25 Ah6h_0.50 Ah7h_0.50 Ah8h_0.25 AhAc_1 AhAd_1 AhJh_0.50 AhKc_0.50 AhKd_0.50 AhKh_1 AhKs_0.50 AhQh_1 AhTh_0.25 As2s_0.50 As3s_0.25 As4s_0.25 As5s_0.25 As6s_0.50 As7s_0.50 As8s_0.25 AsAc_1 AsAd_1 AsAh_1 AsJs_0.50 AsKc_0.50 AsKd_0.50 AsKh_0.50 AsKs_1 AsQs_1 AsTs_0.25 JcTc_0.25 JdJc_0.75 JdTd_0.25 JhJc_0.75 JhJd_0.75 JhTh_0.25 JsJc_0.75 JsJd_0.75 JsJh_0.75 JsTs_0.25 Kc9c_0.25 KcJc_0.50 KcTc_0.25 Kd9d_0.25 KdJd_0.50 KdKc_1 KdTd_0.25 Kh9h_0.25 KhJh_0.50 KhKc_1 KhKd_1 KhQh_1 KhTh_0.25 Ks9s_0.25 KsJs_0.50 KsKc_1 KsKd_1 KsKh_1 KsQs_1 KsTs_0.25 QhJh_0.50 QsJs_0.50 QsQh_1 Tc9c_0.25 Td9d_0.25 TdTc_0.50 Th9h_0.25 ThTc_0.50 ThTd_0.50 Ts9s_0.25 TsTc_0.50 TsTd_0.50 TsTh_0.50

IP preflop range
6h6d_0.25 6s6d_0.25 6s6h_0.25 7d7c_0.50 7h7c_0.50 7h7d_0.50 7s7c_0.50 7s7d_0.50 7s7h_0.50 8d8c_1 8h8c_1 8h8d_1 8s8c_1 8s8d_1 8s8h_1 9d9c_1 9h9c_1 9h9d_1 9s9c_1 9s9d_1 9s9h_1 Ac2c_1 Ac3c_1 Ac4c_1 Ac5c_1 Ac7c_1 Ac8c_1 Ac9c_1 AcJc_1 AcQh_1 AcQs_1 AcTc_1 Ad2d_1 Ad3d_1 Ad4d_1 Ad5d_1 Ad6d_1 Ad7d_1 Ad8d_1 Ad9d_1 AdJd_1 AdQh_1 AdQs_1 AdTd_1 Ah2h_1 Ah3h_1 Ah4h_1 Ah5h_1 Ah6h_1 Ah7h_1 Ah8h_1 Ah9h_1 AhJh_1 AhQh_0.75 AhQs_1 AhTh_1 As2s_1 As3s_1 As4s_1 As5s_1 As6s_1 As7s_1 As8s_1 As9s_1 AsJs_1 AsQh_1 AsQs_0.75 AsTs_1 JcTc_0.50 JdJc_1 JdTd_0.50 JhJc_1 JhJd_1 JhTh_0.50 JsJc_1 JsJd_1 JsJh_1 JsTs_0.50 KcJc_1 KcQh_0.50 KcQs_0.50 KdJd_1 KdQh_0.50 KdQs_0.50 KhJh_1 KhQh_1 KhQs_0.50 KsJs_1 KsQh_0.50 KsQs_1 QhJh_0.50 QsJs_0.50 QsQh_1 Tc9c_0.25 Td9d_0.25 TdTc_1 Th9h_0.25 ThTc_1 ThTd_1 Ts9s_0.25 TsTc_1 TsTd_1 TsTh_1

root, 1 check
0.169 0.149 0.149 0.3 0.192 0.192 0.584 0.212 0.228 0.226 0.552 0.393 0.579 0.38 0.662 0.574 0.38 0.662 0.574 0.685 0.001 0 0 0 0.098 0.207 0.3 0.485 0.163 0.341 0.341 0.679 0.329 0.327 0.329 0.329 0.277 0.447 0.525 0.255 0.542 0.416 0.343 0.638 0.638 0.941 0.766 0.767 0.772 0.786 0.55 0.741 0.87 0.271 0.2 0.504 0.408 0.615 0.495 0.497 0.196 0.999 0.769 0.77 0.774 0.789 0.55 0.743 0.873 0.272 0.202 0.2 0.504 0.41 0.616 0.497 0.495 0.198 0.999 0.357 0.433 0.131 0.45 0.356 0.315 0.448 0.355 0.372 0.314 0.311 0.265 0.395 0.076 0.049 0.365 0.065 0.112 0.146 0.191 0.141 0.442 0.187 0.112 0.147 0.19 0.14 0.149 0.443 0.186 0.462 0.464 0.465 0.702 0.383 0.587 0.676 0.607 0.559 0.674 0.606 0.557 0.517

1 check, 2 check
0 0 0 0.608 0.688 0.604 0.689 0.605 0.721 0.656 0.687 0.511 0.688 0.512 0.553 0.734 0.787 0.777 0.786 0.776 0.871 0.019 0.003 0.002 0.002 0.285 0.353 0.312 0.672 0.383 0.383 0.573 0.128 0.12 0.123 0.131 0.964 0.424 0.702 0.874 0.756 0 0 0.832 0.329 0.324 0.326 0.356 1 0.793 0.997 0.999 0.562 0 0 0.94 0.331 0.326 0.327 0.358 1 0.796 0.997 0.999 0.562 0 0 0.939 0.705 0.828 0.362 0.779 0.728 0.321 0.777 0.727 0.489 0.32 0.261 0.605 0.605 0.17 0.385 0.384 0.112 0.263 0.281 0.111 0.281 0.262 0.32 0.319 0.092 0.841 0.259 0.854 0.381 0.801 0.769 0.381 0.799 0.767 0.825

1 check, 2 bet 7
0.001 0.001 0 0.155 0.153 0.128 0.153 0.128 0.094 0.102 0.14 0.127 0.14 0.127 0.136 0.09 0.097 0.122 0.097 0.123 0.1 0.229 0.233 0.224 0.222 0.139 0.044 0.133 0.196 0.257 0.257 0.123 0.221 0.224 0.223 0.241 0.036 0.229 0.092 0.039 0.122 0.192 0.192 0.053 0.167 0.168 0.168 0.188 0 0.093 0 0 0.203 0.158 0.171 0.041 0.167 0.169 0.168 0.188 0 0.092 0 0 0.203 0.169 0.173 0.041 0.153 0.121 0.196 0.104 0.148 0.202 0.104 0.149 0.204 0.203 0.225 0.135 0.134 0.196 0.134 0.134 0.201 0.133 0.116 0.201 0.116 0.132 0.249 0.249 0.552 0.145 0.209 0.056 0.147 0.092 0.107 0.147 0.093 0.107 0.136

2 bet 7, 1 call 7
0.362 0.236 0.236 0.747 0.35 0.35 0.951 0 0 0 1 0 0.999 0 0.972 1 0 0.972 1 0.996 0 0 0 0 0 0 0.931 0.633 0 0 0 0.739 0 0 0 0 0.989 0 0 0.807 1 0.997 0.979 0.192 0.192 0.594 0 0 0 0 0.851 0 0 0.947 1 0.959 0.855 0.474 0.519 0.527 0 0.001 0 0 0 0 0.851 0 0 0.96 1 0.943 0.96 0.855 0.474 0.527 0.52 0 0.001 1 0.972 0.588 0.919 0.999 0.899 0.919 0.999 0.95 0.898 0.507 0.438 0.575 0.044 0.001 0.999 0.004 0.001 0.044 0.602 0.395 0.653 0.369 0.001 0.045 0.602 0.396 0.139 0.648 0.369 0.831 0.825 1 1 0.006 0.999 0 0.984 0.991 0 0.984 0.992 0.953

2 bet 7, 1 raise 24
0.638 0.403 0.403 0.253 0.201 0.203 0.049 0 0 0 0 0 0.001 0 0.028 0 0 0.028 0 0.004 1 1 1 1 1 1 0.069 0.367 1 1 1 0.261 0 0 0 0 0.011 0 0 0.193 0 0.003 0.021 0.002 0.002 0 0 0 0 0 0 0 0 0.053 0 0 0.145 0 0.067 0.063 1 0 0 0 0 0 0 0 0 0.04 0 0.057 0 0.145 0 0.064 0.066 1 0 0 0.028 0.412 0.081 0.001 0.067 0.081 0.001 0.05 0.068 0.493 0.562 0.425 0.844 0.999 0.001 0.996 0.145 0.956 0.398 0.605 0.347 0.295 0.144 0.955 0.398 0.604 0.861 0.352 0.295 0.169 0.175 0 0 0.063 0.001 0 0.016 0.009 0 0.016 0.008 0.047

2 bet 7, 1 raise 24, 2 call 24
1 1 1 0.99 0.985 0.501 0.985 0.501 0.494 0.781 0.799 0.452 0.799 0.452 0.465 0.994 0.995 0.534 0.995 0.534 0.553 0.479 0.479 0.481 0.489 0.676 0.708 0.995 0.683 0.752 0.752 0.919 0 0 0 0 1 0 0 0 0.114 0.608 0.608 0.001 0 0 0 0 0.993 0 0 0 0.239 0.246 0.371 0 0 0 0 0 0.993 0 0 0 0.239 0.37 0.363 0 0.732 1 0 0.999 1 0 0.999 1 0.999 0 0.972 0.998 0.998 0 0.998 0.998 0.002 0.833 0.882 0.002 0.883 0.832 1 1 1 0.653 0 1 0 1 0.996 0 1 0.996 0.965

1 raise 24, 2 raise 83
0 0 0 0 0 0 0 0 0 0 0 0 0 0 0 0 0 0 0 0 0 0.521 0.521 0.519 0.511 0.324 0.292 0.005 0.317 0.248 0.248 0.081 0 0 0 0 0 0 0 0 0 0.392 0.392 0 0 0 0 0 0 0 0 0 0 0.754 0.629 0 0 0 0 0 0 0 0 0 0 0.63 0.637 0 0.268 0 0 0.001 0 0 0.001 0 0 0 0.028 0.002 0.002 0 0.002 0.002 0 0.167 0.118 0 0.117 0.168 0 0 0 0.347 0 0 0 0 0 0 0 0 0

1 check, 2 bet 10
0.179 0.179 0.271 0.182 0.143 0.123 0.143 0.122 0.053 0.14 0.113 0.173 0.113 0.173 0.16 0.115 0.095 0.09 0.095 0.09 0.028 0.352 0.357 0.36 0.36 0.227 0.23 0.201 0.13 0.239 0.239 0.096 0.36 0.363 0.362 0.393 0 0.295 0.146 0.08 0.115 0.428 0.428 0.107 0.243 0.245 0.245 0.241 0 0.083 0 0 0.186 0.256 0.265 0.018 0.243 0.245 0.245 0.241 0 0.082 0 0 0.186 0.266 0.267 0.019 0.141 0.051 0.256 0.092 0.093 0.237 0.093 0.093 0.225 0.238 0.235 0.145 0.145 0.349 0.29 0.29 0.301 0.274 0.26 0.302 0.26 0.275 0.352 0.352 0.355 0.013 0.246 0.049 0.193 0.098 0.111 0.193 0.099 0.112 0.038

2 bet 10, 1 call 10
0.377 0 0 0.898 0 0 1 0 0 0 1 0 0.998 0 0.983 1 0 0.984 1 1 0 0 0 0 0.006 0.479 1 0.68 0.216 0.089 0.089 0.966 0 0 0 0 0.871 0 0 0.894 0.639 0.515 1 0 0 0.042 0 0 0 0 0.413 0 0 0.994 1 0.581 0.928 0 0.457 0.473 0 0 0 0 0 0 0.413 0 0 0.997 1 1 0.581 0.931 0 0.473 0.457 0 0 1 0.988 0.007 0.987 1 0 0.988 1 1 0 0.75 0.763 0.76 0 0.002 1 0 0 0.252 0.722 0.726 0.776 0 0 0.252 0.722 0.726 0.17 0.774 0 0.991 0.991 1 1 0 1 0 0.966 1 0 0.967 1 0.992

2 bet 10, 1 raise 30
0.623 0.061 0.062 0.102 0.121 0.123 0 0 0 0 0 0 0.002 0 0.017 0 0 0.016 0 0 1 1 1 1 0.994 0.521 0 0.32 0.784 0.911 0.911 0.034 0 0 0 0 0.129 0 0 0.106 0 0.007 0 0 0 0 0 0 0 0 0 0 0 0.006 0 0 0.072 0 0.02 0.014 1 0 0 0 0 0 0 0 0 0.003 0 0 0 0.069 0 0.015 0.019 1 0 0 0.012 0 0.013 0 0 0.012 0 0 0 0.25 0.237 0.24 0.004 0.994 0 0.264 0 0.503 0.278 0.274 0.224 0 0 0.504 0.278 0.274 0.83 0.226 0 0.009 0.009 0 0 0.001 0 0 0.034 0 0 0.033 0 0.008

2 bet 10, 1 raise 30, 2 call 30
0.999 0.999 0.999 0.989 0.993 0.284 0.993 0.284 0.322 0.871 0.889 0.254 0.889 0.254 0.266 0.988 0.988 0.386 0.988 0.386 0.374 0.457 0.456 0.457 0.462 0.693 0.753 0.998 0.703 0.83 0.83 0.816 0 0 0 0 1 0 0 0 0 0.518 0.517 0 0 0 0 0 0.998 0 0 0.001 0.196 0.101 0.234 0.046 0 0 0 0 0.998 0 0 0.001 0.198 0.217 0.212 0.051 1 0.999 0 0.997 0.993 0 0.997 0.993 0.936 0 0.536 0.993 0.993 0 0.96 0.96 0 0.723 0.806 0 0.806 0.723 0.804 0.801 1 1 0 0.999 0 0.999 0.982 0 0.999 0.982 0.972

1 raise 30, 2 raise 80
0.001 0.001 0.001 0 0 0 0 0 0 0 0 0 0 0 0 0 0 0 0 0 0 0.543 0.544 0.543 0.538 0.307 0.247 0.002 0.297 0.17 0.17 0.184 0 0 0 0 0 0 0 0 0 0.482 0.483 0 0 0 0 0 0 0 0 0 0 0.899 0.766 0 0 0 0 0 0 0 0 0 0 0.783 0.788 0 0 0 0 0.003 0 0 0.003 0 0 0 0.464 0.007 0.007 0 0.04 0.04 0 0.277 0.194 0 0.194 0.277 0.196 0.199 0 0 0 0 0 0 0 0 0 0 0

1 check, 2 bet 15
0.501 0.502 0.522 0.052 0.015 0.136 0.014 0.136 0.128 0.079 0.053 0.155 0.053 0.155 0.14 0.061 0.022 0.01 0.022 0.01 0.001 0.366 0.373 0.379 0.375 0.311 0.3 0.331 0.001 0.121 0.121 0.172 0.265 0.267 0.265 0.225 0 0.05 0.058 0.007 0.007 0.367 0.367 0.008 0.187 0.188 0.187 0.167 0 0.031 0.002 0.001 0.05 0.459 0.453 0.001 0.186 0.187 0.185 0.166 0 0.029 0.002 0.001 0.049 0.454 0.451 0.001 0.001 0 0.186 0.026 0.031 0.24 0.026 0.031 0.082 0.239 0.245 0.115 0.115 0.266 0.189 0.19 0.361 0.303 0.302 0.361 0.302 0.303 0.079 0.08 0 0.001 0.216 0.041 0.228 0.008 0.013 0.228 0.009 0.013 0

2 bet 15, 1 call 15
0.001 0 0 0.003 0 0 1 0 0 0 1 0 0.874 0 0.931 0.836 0 0.931 0.836 0.993 0.308 0.319 0.327 0.328 0.51 0.98 0.998 0.998 0.158 0.184 0.183 0.989 0 0 0 0 0.742 0 0 1 0.002 0.001 0.429 0.001 0.001 0.001 0 0 0 0 0 0 0 1 0.998 0.001 0.33 0.003 0.274 0.282 0.001 0 0 0 0 0 0 0 0 1 0.997 0.883 0.001 0.33 0.003 0.281 0.274 0.001 0 1 0.997 0 0.997 0.993 0 0.997 0.993 0.997 0 1 1 1 0 0.001 0.994 0 0 0 0.436 0.997 0.918 0 0 0 0.436 0.997 0.786 0.918 0 0.993 0.993 0.999 1 0 0.925 0 0.924 0.815 0 0.924 0.815 0.814

2 bet 15, 1 raise 40
0.001 0.001 0.001 0.001 0.001 0.001 0 0 0 0 0 0 0.005 0 0.008 0 0 0.008 0 0 0.692 0.681 0.673 0.672 0.49 0.019 0.002 0.002 0.684 0.778 0.778 0.011 0 0 0 0 0.001 0 0 0 0 0 0 0 0 0 0 0 0 0 0.028 0 0 0 0.002 0 0.112 0 0 0 0.999 0 0 0 0 0 0.025 0 0 0 0.002 0.117 0 0.111 0 0 0 0.999 0 0 0.002 0 0.002 0.001 0 0.002 0.001 0.001 0 0 0 0 0.001 0.001 0.006 0.001 0.001 0.002 0.563 0.003 0.082 0.001 0.001 0.002 0.564 0.003 0.214 0.082 0.001 0.007 0.007 0.001 0 0 0.074 0 0.074 0 0 0.074 0 0

2 bet 15, 1 raise 40, 2 call 40
0.634 0.63 0.607 0.306 0.296 0.079 0.296 0.079 0.079 0.258 0.258 0.051 0.258 0.051 0.051 0.309 0.309 0.091 0.309 0.091 0.092 0.224 0.222 0.223 0.222 0.24 0.246 0.245 0.271 0.158 0.158 0.224 0 0 0 0 0.99 0 0 0 0.001 0.258 0.258 0.001 0.079 0.076 0.077 0.076 0.541 0.083 0.098 0.122 0.232 0.177 0.193 0.182 0.08 0.077 0.077 0.077 0.538 0.084 0.099 0.123 0.232 0.186 0.184 0.183 0.55 0.518 0 0.497 0.619 0 0.497 0.618 0.578 0 0.095 0.364 0.364 0 0.267 0.267 0 0.327 0.347 0 0.347 0.327 0.646 0.646 0.97 0.754 0 0.739 0 0.735 0.415 0 0.735 0.415 0.407

1 raise 40, 2 raise 75
0.366 0.37 0.393 0 0 0 0 0 0 0.001 0.001 0 0.001 0 0 0.001 0.001 0 0.001 0 0 0.46 0.461 0.461 0.461 0.446 0.438 0.44 0.386 0.842 0.842 0.455 0 0 0 0 0 0 0 0 0 0.742 0.742 0 0 0 0 0 0.084 0 0 0 0.034 0.823 0.807 0.005 0 0 0 0 0.088 0 0 0 0.036 0.814 0.816 0.005 0.45 0.461 0 0.487 0.233 0 0.487 0.233 0.284 0 0.905 0.636 0.636 0 0.733 0.733 0 0.673 0.653 0 0.653 0.673 0.354 0.354 0.03 0.246 0 0 0 0 0 0 0 0 0

1 check, 2 bet 20
0.316 0.316 0.207 0.003 0.001 0.009 0.001 0.009 0.003 0.023 0.007 0.033 0.006 0.033 0.011 0 0 0 0 0 0 0.033 0.033 0.033 0.04 0.037 0.073 0.022 0 0 0 0.036 0.025 0.025 0.026 0.011 0 0.001 0.002 0 0 0.012 0.012 0 0.067 0.068 0.068 0.045 0 0.001 0 0 0 0.117 0.101 0 0.066 0.067 0.067 0.044 0 0.001 0 0 0 0.1 0.099 0 0 0 0 0 0 0 0 0 0 0 0.035 0.001 0.001 0.019 0.001 0.001 0.023 0.027 0.04 0.023 0.04 0.027 0 0 0 0 0.07 0 0.048 0 0 0.049 0 0 0

2 bet 20, 1 call 20
0.105 0 0 0.16 0 0 0.999 0 0 0 0.999 0 0.577 0 0.595 0.45 0 0.595 0.45 0.469 0.086 0.091 0.094 0.087 0.155 0.485 0.998 0.982 0.035 0.097 0.097 0.554 0 0 0 0 0.537 0 0.001 1 0.004 0 0.131 0.002 0.002 0 0 0 0 0 0.167 0 0.001 1 0.998 0.001 0.008 0.016 0.136 0.138 0.014 0 0 0 0 0 0.165 0 0.001 1 0.998 0.84 0.001 0.006 0.015 0.136 0.134 0.013 0 1 0.666 0 0.783 0.57 0 0.782 0.571 0.648 0 1 1 1 0 0.001 0.663 0 0 0 0.504 0.98 0.957 0 0 0 0.504 0.98 0.75 0.959 0 0.998 0.998 0.999 0.999 0 0.556 0 0.565 0.504 0 0.565 0.504 0.498

2 bet 20, 1 raise 50
0 0 0 0 0 0 0 0 0 0 0 0 0.036 0 0.037 0 0 0.037 0 0 0.912 0.907 0.904 0.911 0.844 0.514 0.002 0.018 0.555 0.686 0.687 0.446 0 0 0 0 0.001 0 0 0 0 0 0 0 0 0 0 0 0 0 0.003 0 0 0 0.001 0 0 0 0 0 0.986 0 0 0 0 0 0.003 0 0 0 0.001 0.159 0 0 0 0 0 0.987 0 0 0.322 0 0.118 0.001 0 0.119 0.001 0 0 0 0 0 0 0 0.336 0 0 0 0.496 0.02 0.043 0 0 0 0.496 0.02 0.25 0.041 0 0.002 0.002 0.001 0 0 0.256 0 0.219 0.001 0 0.219 0.001 0.001

2 bet 20, 1 raise 50, 2 call 50
0.005 0.005 0.005 0.008 0.007 0.001 0.007 0.001 0.001 0.008 0.007 0.001 0.007 0.001 0.001 0.111 0.12 0.002 0.12 0.002 0.002 0.005 0.005 0.005 0.006 0.009 0.042 0.051 0.099 0 0 0.198 0 0 0 0 0.995 0 0 0 0.001 0.001 0.001 0 0 0 0 0 0.621 0 0 0 0.044 0.009 0.001 0 0 0 0 0 0.62 0 0 0 0.044 0.001 0.001 0 0.038 0.001 0 0.001 0.216 0 0.001 0.216 0.054 0 0 0 0 0 0 0.001 0 0 0 0 0 0 0.264 0.272 0 1 0 0.524 0 0.522 0.61 0 0.522 0.61 0.61

1 raise 50, 2 raise 70
0.995 0.995 0.995 0 0 0 0 0 0 0 0 0 0 0 0 0 0 0 0 0 0 0.995 0.995 0.995 0.994 0.991 0.958 0.949 0.901 1 1 0.802 0 0 0 0 0 0 0 0 0 0.999 0.999 0 0 0 0 0 0 0 0 0 0 0.991 0.999 0 0 0 0 0 0 0 0 0 0 0.999 0.999 0 0.962 0.999 0 0.999 0.784 0 0.999 0.784 0.946 0 1 1 1 0 1 0.999 0 1 1 0 1 1 0.736 0.728 1 0 0 0 0 0 0 0 0 0 0

1 check, 2 bet 25
0.003 0.003 0.001 0 0 0 0 0 0 0 0 0 0 0 0 0 0 0 0 0 0 0.001 0.001 0.001 0.001 0 0 0 0 0 0 0 0 0 0 0 0 0 0 0 0 0.001 0.001 0 0.007 0.007 0.007 0.003 0 0 0 0 0 0.011 0.011 0 0.007 0.007 0.007 0.003 0 0 0 0 0 0.01 0.011 0 0 0 0 0 0 0 0 0 0 0 0 0 0 0 0 0 0.001 0.001 0.001 0.001 0.001 0.001 0 0 0 0 0 0 0.003 0 0 0.003 0 0 0

2 bet 25, 1 call 25
0.207 0.003 0.003 0.251 0.006 0.006 0.446 0 0 0 0.446 0 0.398 0 0.401 0.389 0 0.401 0.389 0.386 0.003 0.003 0.003 0.003 0.013 0.16 0.322 0.266 0.204 0.255 0.255 0.198 0.005 0.005 0.005 0.005 0.543 0.005 0.006 0.751 0.055 0.034 0.186 0.02 0.02 0.036 0.001 0.001 0.001 0.001 0.176 0.002 0.003 0.452 0.416 0.007 0.045 0.025 0.02 0.02 0.35 0.003 0.001 0.001 0.001 0.001 0.176 0.002 0.002 0.451 0.415 0.249 0.007 0.043 0.024 0.018 0.019 0.349 0.002 0.417 0.256 0 0.255 0.319 0 0.255 0.32 0.318 0 0.452 0.46 0.425 0 0 0.263 0 0 0 0.228 0.36 0.343 0 0 0 0.228 0.36 0.317 0.343 0 0.349 0.349 1 0.361 0 0.269 0 0.264 0.293 0 0.264 0.293 0.279

2 bet 25, 1 raise 90
0 0 0 0 0 0 0.554 0 0 0 0.554 0 0.08 0 0.063 0 0 0.063 0 0 0.997 0.997 0.997 0.997 0.987 0.84 0.678 0.734 0 0 0 0.802 0 0 0 0 0 0 0 0.218 0 0 0 0 0 0 0 0 0 0 0 0 0 0.251 0.215 0 0.001 0 0 0 0.65 0 0 0 0 0 0 0 0 0.251 0.215 0.266 0 0 0 0 0 0.651 0 0.582 0.455 0 0.391 0.076 0 0.39 0.076 0.001 0 0.547 0.54 0.574 0 0 0.735 0 0 0 0.768 0.601 0.657 0 0 0 0.768 0.601 0.616 0.657 0 0.651 0.651 0 0.639 0 0.274 0 0.251 0 0 0.251 0 0

2 bet 25, 1 raise 90, 2 call 90
1 1 1 0 0 0 0 0 0 0 0 0 0 0 0 0 0 0 0 0 0 1 1 1 1 1 1 1 1 1 1 1 0 0 0 0 0 0 0 0 0 1 1 0 0 0 0 0 0 0 0 0 0 1 1 0 0 0 0 0 0 0 0 0 0 1 1 0 0.028 0.133 0 0.636 0.726 0 0.636 0.726 1 0 1 1 1 0 1 1 0 1 1 0 1 1 1 1 1 0 0 0 0 0 0 0 0 0 0

root, 1 bet 7
0.354 0.422 0.422 0.345 0.422 0.422 0.308 0.49 0.485 0.486 0.336 0.471 0.332 0.479 0.314 0.326 0.479 0.313 0.326 0.312 0.475 0.482 0.484 0.476 0.451 0.387 0.545 0.281 0.34 0.209 0.208 0.318 0.42 0.421 0.417 0.41 0.401 0.439 0.472 0.448 0.424 0.334 0.398 0.288 0.288 0.059 0.155 0.159 0.156 0.153 0.275 0.21 0.127 0.511 0.535 0.352 0.348 0.305 0.33 0.33 0.412 0.001 0.153 0.157 0.154 0.151 0.273 0.208 0.125 0.511 0.533 0.555 0.352 0.347 0.304 0.33 0.33 0.411 0.001 0.51 0.428 0.695 0.414 0.497 0.592 0.414 0.496 0.461 0.593 0.413 0.497 0.374 0.637 0.631 0.397 0.699 0.633 0.589 0.469 0.569 0.359 0.595 0.633 0.588 0.469 0.57 0.528 0.357 0.597 0.372 0.371 0.533 0.222 0.492 0.357 0.293 0.366 0.391 0.295 0.367 0.393 0.447

1 bet 7, 2 call 7
0.444 0.443 0.059 0.998 0.997 0.919 0.997 0.918 0.922 0.996 0.964 0.762 0.964 0.762 0.749 0.998 0.945 0.952 0.945 0.952 0.918 0.517 0.522 0.532 0.547 0.912 0.656 0.712 0.974 0.867 0.867 0.712 0.099 0.094 0.103 0.053 1 0.151 0.215 0.04 0.999 0.556 0.555 0.519 0 0 0 0 0.734 0 0 0 0.93 0.392 0.514 0.258 0 0 0 0 0.739 0 0 0 0.934 0.488 0.486 0.267 1 1 0.666 0.99 1 0 0.99 1 0.98 0 0.961 0.998 0.998 0.883 0.928 0.928 0.78 0.687 0.698 0.781 0.698 0.686 0.998 0.998 0.999 1 0.498 0.999 0 0.919 0.998 0 0.921 0.998 0.978

1 bet 7, 2 raise 24
0.556 0.557 0.941 0.002 0.003 0.08 0.003 0.08 0.077 0.004 0.035 0.224 0.036 0.225 0.246 0.002 0.055 0.046 0.055 0.046 0.08 0.483 0.478 0.468 0.453 0.088 0.344 0.288 0.026 0.133 0.133 0.288 0.147 0.149 0.149 0.005 0 0.001 0 0 0.001 0.444 0.445 0.017 0.012 0.012 0.016 0.001 0.266 0 0 0 0.068 0.608 0.486 0.018 0.013 0.014 0.017 0.001 0.261 0 0 0 0.063 0.512 0.514 0.016 0 0 0.001 0.01 0 0 0.01 0 0.02 0 0.039 0.002 0.002 0.116 0.072 0.072 0.21 0.313 0.302 0.209 0.302 0.314 0.002 0.002 0.001 0 0.001 0.001 0 0.081 0.002 0 0.079 0.002 0.022

1 bet 7, 2 raise 24, 1 call  24
0 0 0 0 0 0 1 0 0 0 1 0 0.597 0 0.61 0.963 0 0.61 0.963 0.974 0.101 0.108 0.111 0.11 0.258 0.527 0.842 0.718 0 0 0 0.699 0 0 0 0 0.167 0 0 1 0 0.195 0.258 0.12 0.12 0 0 0 0 0 0.164 0 0 1 0.636 0 0.299 0.001 0.213 0.218 0.003 0 0 0 0 0 0.168 0 0 1 0.64 0.604 0 0.299 0.001 0.218 0.213 0.002 0 1 0.816 0 0.883 0.995 0 0.879 0.995 0.996 0 1 1 1 0 0 0.654 0 0 0 0.416 0.983 0.072 0 0 0 0.416 0.983 0.764 0.071 0 0.299 0.296 1 1 0 0.976 0 0.988 0.999 0 0.988 0.999 0.999

2 raise 24, 1 raise  83
0 0 0 0 0 0 0 0 0 0 0 0 0.007 0 0.003 0 0 0.003 0 0 0.899 0.892 0.889 0.89 0.742 0.473 0.158 0.282 0 0 0 0.301 0 0 0 0 0.757 0 0 0 0 0.002 0.001 0 0 0 0 0 0 0 0.056 0 0 0 0.364 0 0.001 0 0 0 0.997 0 0 0 0 0 0.047 0 0 0 0.36 0.396 0 0.001 0 0 0 0.998 0 0 0.183 0 0.116 0.001 0 0.121 0.001 0.002 0 0 0 0 0 0 0.346 0 0 0 0.584 0.017 0.928 0 0 0 0.584 0.017 0.236 0.929 0 0.701 0.704 0 0 0 0.022 0 0.01 0 0 0.01 0 0

root, 1 bet 10
0.38 0.342 0.343 0.349 0.375 0.375 0.107 0.291 0.286 0.286 0.111 0.135 0.088 0.14 0.025 0.092 0.14 0.024 0.092 0.002 0.456 0.457 0.462 0.458 0.396 0.384 0.155 0.23 0.42 0.349 0.35 0.002 0.25 0.251 0.252 0.259 0.319 0.113 0.003 0.286 0.035 0.241 0.25 0.072 0.073 0 0.069 0.063 0.063 0.054 0.171 0.049 0.002 0.218 0.258 0.144 0.204 0.079 0.167 0.168 0.327 0 0.069 0.063 0.062 0.053 0.172 0.049 0.002 0.217 0.257 0.243 0.144 0.203 0.078 0.168 0.168 0.326 0 0.134 0.139 0.174 0.135 0.146 0.093 0.137 0.147 0.166 0.092 0.241 0.23 0.223 0.286 0.318 0.236 0.235 0.254 0.255 0.315 0.282 0.187 0.217 0.255 0.256 0.316 0.283 0.282 0.187 0.217 0.165 0.164 0.001 0.074 0.116 0.056 0.031 0.027 0.05 0.03 0.027 0.049 0.035

1 bet 10, 2 call 10
0.942 0.942 0.429 0.999 0.999 0.711 0.999 0.711 0.838 0.998 0.998 0.498 0.998 0.498 0.548 0.999 0.999 0.647 0.999 0.647 0.578 0.599 0.607 0.617 0.611 0.984 0.955 0.993 0.996 0.996 0.996 0.995 0.011 0.005 0.007 0.001 1 0.002 0.147 0.097 0.883 0.74 0.74 0.491 0 0 0 0 1 0 0 0 0.536 0.558 0.639 0.044 0 0 0 0 1 0 0 0 0.538 0.619 0.609 0.047 1 1 0.077 1 1 0 1 1 1 0 1 0.999 0.999 0.659 0.995 0.995 0.493 0.806 0.844 0.493 0.841 0.804 0.999 0.999 1 1 0.028 1 0 1 0.972 0 1 0.971 0.883

1 bet 10, 2 raise 30
0.058 0.058 0.571 0 0.001 0 0.001 0 0 0.001 0.001 0.125 0.001 0.125 0.122 0 0 0.002 0 0.002 0.06 0.401 0.393 0.383 0.389 0.016 0.045 0.007 0.004 0.004 0.004 0.005 0.001 0.001 0.001 0 0 0 0 0 0 0.26 0.26 0 0.043 0.044 0.046 0 0 0 0 0 0.001 0.442 0.361 0.012 0.043 0.044 0.046 0 0 0 0 0 0.001 0.381 0.391 0.012 0 0 0 0 0 0 0 0 0 0 0 0.001 0.001 0.021 0.005 0.005 0.131 0.194 0.156 0.13 0.159 0.196 0.001 0.001 0 0 0.001 0 0 0 0.027 0 0 0.028 0.115

1 bet 10, 2 raise 30, 1 call  30
0 0 0 0 0 0 0.967 0 0 0 0.994 0 0.01 0 0.013 0.228 0 0.013 0.228 0.237 0.056 0.06 0.062 0.063 0.128 0.383 0.673 0.497 0 0 0 0.299 0 0 0 0 0.012 0 0 0.631 0 0 0.108 0 0 0 0 0 0 0 0 0 0 0.649 0.419 0 0.061 0 0.048 0.057 0 0 0 0 0 0 0 0 0 0.654 0.421 0.282 0 0.061 0 0.056 0.047 0 0 1 0.455 0 0.327 0.432 0 0.327 0.432 0.404 0 1 1 1 0 0 0.256 0 0 0 0.027 0.786 0 0 0 0 0.026 0.785 0.354 0 0 0 0 0.611 0.999 0 0.32 0 0.41 0.691 0 0.41 0.691 0.68

2 raise 30, 1 raise  80
0 0 0 0 0 0 0 0 0 0 0 0 0.326 0 0.206 0 0 0.206 0 0 0.944 0.94 0.938 0.937 0.872 0.617 0.327 0.503 0 0 0 0.701 0 0 0 0 0.814 0 0 0 0 0.001 0 0 0 0 0 0 0 0 0.299 0 0 0 0.581 0 0.001 0 0 0 1 0 0 0 0 0 0.294 0 0 0 0.579 0.718 0 0.001 0 0 0 1 0 0 0.539 0 0.396 0.001 0 0.396 0.001 0.002 0 0 0 0 0 0 0.744 0 0 0 0.973 0.212 1 0 0 0 0.974 0.213 0.646 1 0 1 1 0.389 0 0 0.425 0 0.231 0 0 0.23 0 0

root, 1 bet 15
0.081 0.078 0.078 0.005 0.011 0.011 0.001 0.006 0.001 0.001 0.001 0.001 0.001 0.001 0 0.008 0.001 0 0.008 0.001 0.058 0.056 0.05 0.058 0.049 0.02 0 0.003 0.072 0.07 0.07 0.001 0.001 0.001 0.001 0.001 0.002 0 0 0.011 0 0.009 0.009 0.002 0.002 0 0.006 0.004 0.004 0.003 0.003 0 0 0 0.007 0.001 0.038 0.001 0.007 0.004 0.05 0 0.006 0.004 0.004 0.003 0.004 0 0 0 0.007 0.001 0.001 0.038 0.001 0.004 0.007 0.05 0 0 0 0 0 0.001 0 0 0.001 0.001 0 0.035 0.008 0.008 0.001 0.001 0.002 0.001 0.001 0.009 0.024 0.007 0.009 0 0.001 0.01 0.024 0.007 0.037 0.009 0 0.001 0.001 0 0.002 0.009 0 0.001 0 0 0.001 0 0 0

1 bet 15, 2 call 15
0.999 0.999 0.999 0.709 0.708 0.294 0.708 0.294 0.294 0.689 0.69 0.374 0.69 0.374 0.377 0.815 0.8 0.407 0.8 0.407 0.401 0.702 0.699 0.7 0.701 0.921 0.979 0.987 0.986 0.999 0.999 0.99 0.009 0.009 0.009 0.001 1 0.016 0.066 0.079 0.344 0.898 0.899 0.2 0.011 0.012 0.013 0 0.966 0.002 0.046 0.047 0.2 0.721 0.736 0.097 0.012 0.013 0.014 0 0.965 0.002 0.047 0.049 0.202 0.731 0.722 0.099 1 0.995 0.211 0.991 0.983 0 0.991 0.983 0.968 0 1 0.998 0.998 0.452 0.968 0.969 0.352 0.928 0.965 0.352 0.964 0.93 0.998 0.998 1 1 0.057 0.996 0 0.995 0.63 0 0.995 0.63 0.596

1 bet 15, 2 raise 40
0.001 0.001 0.001 0.001 0.001 0.001 0.001 0.001 0.001 0 0 0.001 0 0.001 0.001 0 0 0.001 0 0.001 0.001 0.298 0.301 0.3 0.299 0.079 0.021 0.013 0.014 0.001 0.001 0.01 0.001 0.001 0.001 0 0 0.001 0.001 0.001 0 0.102 0.101 0 0.011 0.011 0.011 0.001 0.028 0.005 0.012 0.018 0.007 0.279 0.264 0.024 0.01 0.01 0.01 0.001 0.029 0.005 0.012 0.017 0.007 0.269 0.278 0.023 0 0.001 0.001 0.003 0 0.001 0.003 0 0 0.001 0 0.002 0.002 0 0.032 0.031 0.017 0.072 0.035 0.017 0.036 0.07 0.002 0.002 0 0 0.001 0 0.001 0 0 0.001 0 0 0.001

1 bet 15, 2 raise 40, 1 call  40
0 0 0 0 0 0 0.304 0 0 0 0.215 0 0.21 0 0.214 0.664 0 0.214 0.664 0.657 0.069 0.073 0.074 0.077 0.087 0.107 0.384 0.343 0 0 0 0.124 0 0 0 0 0.122 0 0 0.009 0 0 0.151 0.002 0.002 0 0 0 0 0 0.129 0 0 0.003 0.212 0 0.063 0 0.113 0.114 0 0 0 0 0 0 0.129 0 0 0.003 0.207 0.155 0 0.065 0 0.115 0.114 0 0 0.418 0.237 0 0.255 0.989 0 0.256 0.989 0.954 0 0.096 0.748 0.48 0 0 0.047 0 0 0 0.007 0.396 0 0 0 0 0.007 0.397 0.181 0 0 0 0 0 0.249 0 0.237 0 0.255 0.873 0 0.255 0.873 0.927

2 raise 40, 1 raise  75
0 0 0 0 0 0 0 0 0 0 0 0 0.787 0 0.782 0.11 0 0.782 0.11 0.082 0.703 0.7 0.699 0.698 0.683 0.655 0.555 0.655 0 0 0 0.758 0 0 0 0 0.876 0 0 0 0 0.039 0.001 0.001 0.001 0 0 0 0 0 0.347 0 0 0 0.788 0 0.125 0 0.001 0.001 1 0 0 0 0 0 0.346 0 0 0 0.793 0.845 0 0.122 0 0.001 0.001 1 0 0 0.762 0 0.744 0.01 0 0.743 0.01 0.043 0 0 0 0 0 0 0.953 0 0 0 0.993 0.603 1 0 0 0 0.993 0.603 0.819 1 0 1 1 1 0 0 0.762 0 0.744 0.123 0 0.744 0.123 0.066

root, 1 bet 20
0.016 0.009 0.008 0 0 0 0 0 0 0 0 0 0 0 0 0 0 0 0 0 0.01 0.004 0.003 0.007 0.007 0.002 0 0 0.004 0.028 0.028 0 0 0 0 0 0.001 0 0 0 0 0 0 0 0 0 0.004 0.005 0.005 0.004 0 0 0 0 0 0 0.002 0 0.001 0.001 0.014 0 0.003 0.005 0.005 0.004 0 0 0 0 0 0 0 0.003 0 0.001 0.001 0.013 0 0 0 0 0 0 0 0 0 0 0 0 0 0 0 0 0 0 0 0 0.001 0 0.003 0 0 0 0.001 0 0.004 0.004 0 0 0 0 0 0 0 0 0 0 0 0 0 0

1 bet 20, 2 call 20
0.999 0.999 1 0.39 0.367 0.144 0.367 0.144 0.115 0.386 0.377 0.211 0.377 0.211 0.2 0.439 0.417 0.257 0.417 0.257 0.23 0.385 0.387 0.387 0.388 0.484 0.52 0.544 0.708 0.602 0.602 0.611 0.023 0.023 0.023 0.001 0.812 0.019 0.037 0.04 0.175 0.839 0.839 0.126 0.084 0.085 0.085 0.054 0.407 0.094 0.103 0.103 0.131 0.643 0.647 0.096 0.084 0.084 0.085 0.054 0.407 0.093 0.103 0.103 0.13 0.647 0.642 0.095 1 0.907 0.133 0.822 0.85 0 0.822 0.85 0.904 0 0.996 0.998 0.998 0.118 0.795 0.794 0.015 0.623 0.627 0.015 0.626 0.623 0.942 0.942 0.999 1 0.131 0.661 0 0.635 0.426 0 0.635 0.426 0.406

1 bet 20, 2 raise 50
0.001 0.001 0 0.001 0.001 0 0.001 0 0 0.016 0.016 0 0.016 0 0 0.033 0.034 0 0.034 0 0 0.557 0.555 0.555 0.554 0.474 0.441 0.418 0.279 0.398 0.398 0.368 0 0 0 0 0 0 0 0 0 0.161 0.161 0 0.023 0.023 0.023 0.001 0.106 0.023 0.023 0.021 0.009 0.357 0.353 0.018 0.023 0.023 0.023 0.001 0.105 0.022 0.022 0.021 0.009 0.353 0.358 0.018 0 0.065 0 0.126 0 0 0.126 0 0 0 0.004 0.002 0.002 0 0.205 0.206 0 0.377 0.373 0 0.374 0.377 0.058 0.058 0.001 0 0 0.044 0 0.044 0.001 0 0.044 0.001 0.001

1 bet 20, 2 raise 50, 1 call  50
0 0 0 0 0 0 0.992 0 0 0 0.992 0 0 0 0 0.999 0 0 0.999 0.999 0.045 0.05 0.051 0.044 0.049 0.094 0.992 0.57 0 0 0 0.218 0 0 0 0 0.072 0 0 0.97 0 0.001 0.994 0.002 0.002 0 0 0 0 0 0.522 0 0 0.428 0 0 0.001 0 0.004 0.004 0 0 0 0 0 0 0.521 0 0 0.422 0 0 0 0.001 0 0.004 0.004 0 0 0.989 0 0 0 0.498 0 0 0.499 0.718 0 0.771 0.986 0.981 0 0 0 0 0 0 0 0 0 0 0 0 0 0 0 0 0 0 0 0 0.988 0 0 0 0 0.932 0 0 0.933 0.967

2 raise 50, 1 raise  70
0 0 0 0 0 0 0 0 0 0 0 0 0.999 0 0.999 0 0 0.999 0 0 0.91 0.906 0.904 0.911 0.947 0.902 0.005 0.43 0 0 0 0.78 0 0 0 0 0.928 0 0 0.023 0 0.173 0 0.001 0.001 0 0 0 0 0 0.201 0 0 0.033 1 0 0.064 0 0 0 1 0 0 0 0 0 0.198 0 0 0.031 1 1 0 0.06 0 0 0 1 0 0 1 0 1 0.502 0 1 0.501 0.282 0 0 0 0 0 0 1 0 0 0 1 1 1 0 0 0 1 1 1 1 0 1 1 1 0 0 1 0 1 0.068 0 1 0.067 0.033

root, 1 bet 25
0 0 0 0 0 0 0 0 0 0 0 0 0 0 0 0 0 0 0 0 0 0 0 0 0 0 0 0 0.001 0.003 0.003 0 0 0 0 0 0 0 0 0 0 0 0 0 0 0 0.001 0.001 0.001 0.001 0 0 0 0 0 0 0 0 0 0 0.002 0 0.001 0.001 0.001 0.001 0 0 0 0 0 0 0 0 0 0 0 0.002 0 0 0 0 0 0 0 0 0 0 0 0 0 0 0 0 0 0 0 0 0 0 0 0 0 0 0 0 0 0 0 0 0 0 0 0 0 0 0 0 0 0 0 0

1 bet 25, 2 call 25
0.526 0.526 0.525 0.2 0.187 0.113 0.187 0.113 0.097 0.193 0.189 0.125 0.189 0.125 0.121 0.204 0.2 0.134 0.2 0.134 0.131 0.166 0.167 0.167 0.171 0.227 0.261 0.288 0.258 0.385 0.385 0.286 0.006 0.005 0.006 0.006 0.27 0.012 0.013 0.009 0.043 0.414 0.414 0.024 0.043 0.042 0.043 0.039 0.138 0.041 0.043 0.04 0.067 0.338 0.34 0.046 0.043 0.042 0.043 0.039 0.138 0.042 0.043 0.04 0.067 0.338 0.343 0.046 0.493 0.396 0.053 0.399 0.345 0.001 0.399 0.345 0.348 0.001 0.279 0.57 0.569 0.059 0.464 0.464 0.067 0.406 0.403 0.068 0.403 0.406 0.526 0.525 0.703 0.57 0.049 0.271 0 0.268 0.185 0 0.268 0.185 0.18

1 bet 25, 2 raise 90
0.474 0.474 0.475 0.102 0.092 0.023 0.092 0.023 0.021 0.116 0.114 0.048 0.114 0.048 0.045 0.117 0.115 0.049 0.115 0.049 0.046 0.733 0.733 0.732 0.729 0.68 0.651 0.627 0.646 0.615 0.615 0.631 0.001 0.001 0.001 0.001 0.059 0.001 0.001 0.001 0.002 0.586 0.586 0.002 0.062 0.062 0.062 0.054 0.109 0.056 0.06 0.061 0.076 0.662 0.66 0.07 0.062 0.062 0.062 0.054 0.11 0.056 0.06 0.061 0.076 0.662 0.657 0.07 0.507 0.266 0.001 0.293 0.173 0.001 0.293 0.173 0.206 0.001 0.721 0.43 0.43 0.001 0.536 0.536 0.001 0.594 0.597 0.001 0.597 0.594 0.474 0.474 0.297 0.429 0.003 0.11 0.001 0.107 0.044 0.001 0.107 0.044 0.043

1 bet 25, 2 raise 90, 1 call  90
0 0 0 0 0 0 0 0 0 0 0 0 1 0 1 1 0 1 1 1 1 1 1 1 1 1 1 1 0 0 0 1 0 0 0 0 1 0 0 1 0 0.997 0.997 0 0 0 0 0 0 0 0 0 0 1 1 0 0.016 0 0 0 1 0 0 0 0 0 0 0 0 1 1 1 0 0.016 0 0 0 1 0 0 1 0 1 1 0 1 1 1 0 0 0 0 0 0 1 0 0 0 1 1 1 0 0 0 1 1 1 1 0 1 1 1 0 0 1 0 1 1 0 1 1 1
